96.7072
97.1562
97.0268
97.0268
97.0268
97.5203
97.5203
97.5203
97.4051
97.4051
97.4051
97.4051
97.4051
97.4051
97.399
97.399
97.399
97.399
97.399
97.399
97.399
97.399
97.399
97.399
97.399
97.399
97.399
97.375
97.375
97.375
97.375
97.375
97.375
97.375
97.375
97.375
97.375
97.3242
97.3242
97.3242
97.3242
97.3242
97.3242
97.3242
97.3242
97.3242
97.3242
97.3242
97.3242
97.3242
97.3242
97.3242
97.421
97.421
97.4258
97.4258
97.404
97.404
97.404
97.404
97.404
97.404
97.404
97.404
97.404
97.404
97.404
97.411
97.411
97.411
97.411
97.411
97.411
97.4176
97.4176
97.4176
97.4176
97.4176
97.4176
97.4176
97.4176
97.4176
97.4176
97.4176
97.4176
97.4176
97.4176
97.4176
97.4176
97.4176
97.4176
97.4176
97.4176
97.2689
97.2689
97.2689
97.2689
97.2689
97.2689
97.2689
97.2689
97.2689
97.2689
97.2689
97.2689
97.2689
97.2689
97.2689
97.2689
97.2689
97.2689
97.2689
97.2689
97.2689
97.2689
97.2689
97.2689
97.2689
97.2689
97.2689
97.2689
97.2081
97.2081
97.2081
97.2081
96.9085
96.9085
96.9085
96.9085
96.9085
96.9085
96.9085
96.9085
96.9085
96.9085
96.9085
96.9085
96.9085
96.9085
96.9085
96.9085
96.9085
96.9085
96.9085
96.9085
96.9085
96.9085
96.9085
96.9085
96.9085
96.9085
96.9085
96.9085
96.9085
96.9085
96.9085
96.9085
96.9085
96.9131
96.4562
96.4562
96.4562
96.4562
96.4562
96.4562
96.4562
96.4562
96.4562
96.4562
96.4562
96.4562
96.4562
96.4562
96.4562
96.4562
96.4562
96.4562
96.4562
96.4562
96.4562
96.4562
96.4562
96.4562
96.4562
96.4562
96.4562
96.4562
96.4562
96.4562
96.4562
96.4562
96.4562
96.4562
96.4562
96.4562
96.4562
96.4562
96.4562
96.4562
96.4562
96.4562
96.4562
96.4562
96.4562
96.4562
96.4562
96.4562
96.4562
96.4562
96.4562
96.4562
96.4562
96.4562
96.4562
96.4562
96.4562
96.4562
96.4562
96.4562
96.4562
96.4562
96.4562
96.4562
96.4562
96.4562
96.4562
96.4562
96.4562
96.4562
96.4562
96.4562
96.4562
96.4562
96.4562
96.4562
96.4562
96.4562
96.4562
96.4562
96.4562
96.4562
96.4562
96.4562
96.4562
96.4562
96.4562
96.4562
96.4562
96.4562
96.4562
96.4562
96.4562
96.4562
96.4562
96.4562
96.4562
96.4562
96.4562
96.4562
96.4562
96.4562
96.4562
96.4562
96.4562
96.4562
96.4562
96.4562
96.4562
96.4562
96.4562
96.4562
96.4562
96.4562
96.4562
96.4562
96.4562
96.4562
96.4562
96.4562
96.4562
96.4562
96.4562
96.4562
96.4562
96.4562
96.4562
96.4562
96.4562
96.4562
96.4562
96.4562
96.4562
96.4562
96.4562
96.4562
96.4562
96.4562
