0.633034
0.633034
0.770456
0.770456
0.770456
0.770456
0.770456
0.770456
0.770456
0.770456
0.770456
0.770456
0.770456
0.770456
0.777236
0.777236
0.777236
0.777236
0.777236
0.777236
0.777236
0.777236
0.777236
0.777236
0.777236
0.777236
0.777236
0.803545
0.803545
0.803545
0.803545
0.803545
0.803545
0.803545
0.803545
0.803545
0.803545
0.859225
0.859225
0.859225
0.859225
0.859225
0.859225
0.859225
0.859225
0.859225
0.859225
0.859225
0.859225
0.859225
0.859225
0.859225
0.859225
0.859225
0.859225
0.859225
0.883096
0.883096
0.883096
0.883096
0.883096
0.883096
0.883096
0.883096
0.883096
0.883096
0.883096
0.883096
0.883096
0.883096
0.883096
0.883096
0.883096
0.883096
0.883096
0.883096
0.883096
0.883096
0.883096
0.883096
0.883096
0.883096
0.883096
0.883096
0.883096
0.883096
0.883096
0.883096
0.883096
0.883096
0.883096
0.883096
0.883096
1.0463
1.0463
1.0463
1.0463
1.0463
1.0463
1.0463
1.0463
1.0463
1.0463
1.0463
1.0463
1.0463
1.0463
1.0463
1.0463
1.0463
1.0463
1.0463
1.0463
1.0463
1.0463
1.0463
1.0463
1.0463
1.0463
1.0463
1.0463
1.11304
1.11304
1.11304
1.11304
1.4414
1.4414
1.4414
1.4414
1.4414
1.4414
1.4414
1.4414
1.4414
1.4414
1.4414
1.4414
1.4414
1.4414
1.4414
1.4414
1.4414
1.4414
1.4414
1.4414
1.4414
1.4414
1.4414
1.4414
1.4414
1.4414
1.4414
1.4414
1.4414
1.4414
1.4414
1.4414
1.4414
1.4414
1.4414
1.4414
1.4414
1.4414
1.4414
1.4414
1.4414
1.4414
1.4414
1.4414
1.4414
1.4414
1.4414
1.4414
1.4414
1.4414
1.4414
1.4414
1.4414
1.4414
1.4414
1.4414
1.4414
1.4414
1.4414
1.4414
1.4414
1.4414
1.4414
1.4414
1.4414
1.4414
1.4414
1.4414
1.4414
1.4414
1.4414
1.4414
1.4414
1.4414
1.4414
1.4414
1.4414
1.4414
1.4414
1.4414
1.4414
1.4414
1.4414
1.4414
1.4414
1.4414
1.4414
1.4414
1.4414
1.4414
1.4414
1.4414
1.4414
1.4414
1.4414
1.4414
1.4414
1.4414
1.4414
1.4414
1.4414
1.4414
1.4414
1.4414
1.4414
1.4414
1.4414
1.4414
1.4414
1.4414
1.4414
1.4414
1.4414
1.4414
1.4414
1.4414
1.4414
1.4414
1.4414
1.4414
1.4414
1.4414
1.4414
1.4414
1.4414
1.4414
1.4414
1.4414
1.4414
1.4414
1.4414
1.4414
1.4414
1.4414
1.4414
1.4414
1.4414
1.4414
1.4414
1.4414
1.4414
1.4414
1.4414
1.4414
1.4414
1.4414
1.4414
1.4414
1.4414
1.4414
1.4414
1.4414
1.4414
1.4414
1.4414
1.4414
1.4414
1.4414
1.4414
1.4414
1.4414
1.4414
1.4414
1.4414
1.4414
1.4414
1.4414
1.4414
1.4414
1.4414
1.4414
1.4414
