40.7031
40.9656
40.9656
40.9656
40.9656
41.2828
41.2828
41.2828
41.4453
41.4453
41.4453
41.4453
42.0578
42.0578
42.0578
42.0578
42.0578
42.0578
42.3047
42.3422
42.3422
42.3422
42.3422
42.3422
42.3422
42.3422
42.3422
42.3422
42.3422
42.3422
42.3422
42.3422
42.3422
42.3422
42.3422
42.3422
42.3422
42.3422
42.3422
42.3422
42.3422
42.3422
42.3422
42.3422
42.3422
42.3422
42.3422
42.3422
42.3422
42.3422
42.3422
42.3422
42.3422
42.3422
42.3422
42.3422
42.3422
42.3422
42.3422
42.3422
42.3422
42.3422
42.3422
42.3422
42.3422
42.3422
42.3422
42.3422
42.3422
42.3422
42.3422
42.3422
42.3422
42.3422
42.3422
42.3422
42.3422
42.3422
42.3422
42.3422
42.3422
42.3422
42.3422
42.3422
42.3422
42.3422
42.3422
42.3422
42.3422
42.3422
42.3422
42.3422
42.3422
42.3422
42.3422
42.3422
42.3422
42.3422
42.3422
42.3422
42.3422
42.3422
42.3422
42.3422
42.3422
42.3422
42.3422
42.3422
42.3422
42.3422
42.3422
42.3422
42.3422
42.3422
42.3422
42.3422
42.3422
42.3422
42.3422
42.3422
42.3422
42.3422
42.3422
42.3422
42.3422
42.3422
42.3422
42.3422
42.3422
42.3422
42.3422
42.3422
42.3422
42.3422
42.3422
42.3422
42.3422
42.3422
42.3422
42.3422
42.3422
42.3422
42.3422
42.3422
42.3422
42.3422
42.3422
42.3422
42.3422
42.3422
42.3422
42.3422
42.3422
42.3422
42.3422
42.3422
42.3422
42.3422
42.3422
42.3422
42.3422
42.3422
42.3422
42.3422
42.3422
42.3422
42.3422
42.3422
42.3422
42.3422
42.3422
42.3422
42.3422
42.3422
42.3422
42.3422
42.3422
42.3422
42.3422
42.3422
42.3422
42.3422
42.3422
42.3422
42.3422
42.3422
42.3422
42.3422
42.3422
42.3422
42.3422
42.3422
42.3422
42.3422
42.3422
42.3422
42.3422
42.3422
42.3422
42.3422
42.3422
42.3422
42.3422
42.3422
42.3422
42.3422
42.3422
42.3422
42.3422
42.3422
42.3422
42.3422
42.3422
42.3422
42.3422
42.3422
42.3422
42.3422
42.3422
42.3422
42.3422
42.3422
42.3422
42.3422
42.3422
42.3422
42.3422
42.3422
42.3422
42.3422
42.3422
42.3422
42.3422
42.3422
42.3422
42.3422
42.3422
42.3422
42.3422
42.3422
42.3422
42.3422
42.3422
42.3422
42.3422
42.3422
42.3422
42.3422
42.3422
42.3422
42.3422
42.3422
42.3422
42.3422
42.3422
42.3422
42.3422
42.3422
42.3422
42.3422
42.3422
42.3422
42.3422
42.3422
42.3422
42.3422
42.3422
42.3422
42.3422
42.3422
42.3422
42.3422
42.3422
42.3422
42.3422
42.3422
42.3422
42.3422
42.3422
42.3422
42.3422
42.3422
42.3422
42.3422
42.3422
42.3422
42.3422
42.3422
42.3422
42.3422
42.3422
42.3422
42.3422
42.3422
42.3422
42.3422
42.3422
