29.949
29.9637
29.9637
29.9637
29.9637
30.4367
30.4367
30.4367
30.9264
30.9264
30.9264
30.9264
30.9264
30.9264
30.9264
30.9264
30.9264
30.9264
30.9264
30.9264
30.9264
30.9264
30.9264
30.9264
30.9264
30.9264
30.9264
30.9264
30.9264
30.9264
30.9264
30.9264
30.9264
30.9264
30.9264
30.9264
30.9264
30.9264
30.9264
30.9264
30.9264
30.9264
30.9264
30.9264
30.9264
30.9264
30.9264
30.9264
30.9264
30.9264
30.9264
30.9264
30.9264
30.9264
30.9264
30.9264
30.9264
30.9264
30.9264
30.9264
30.9264
30.9264
30.9264
30.9264
30.9264
30.9264
30.9264
30.9264
30.9264
30.9264
30.9264
30.9264
30.9264
30.9264
30.9264
30.9264
30.9264
30.9264
30.9264
30.9264
30.9264
30.9264
30.9264
30.9264
30.9264
30.9264
30.9264
30.9264
30.9264
30.9264
30.9264
30.9264
30.9264
30.9264
30.9264
30.9264
30.9264
30.9264
30.9264
30.9264
30.9264
30.9264
30.9264
30.9264
30.9264
30.9264
30.9264
30.9264
30.9264
30.9264
30.9264
30.9264
30.9264
30.9264
30.9264
30.9264
30.9264
30.9264
30.9264
30.9264
30.9264
30.9264
30.9264
30.9264
30.9264
30.9264
30.9264
30.9264
30.9264
30.9264
30.9264
30.9264
30.9264
30.9264
30.9264
30.9264
30.9264
30.9264
30.9264
30.9264
30.9264
30.9264
30.9264
30.9264
30.9264
30.9264
30.9264
30.9264
30.9264
30.9264
30.9264
30.9264
30.9264
30.9264
30.9264
30.9264
30.9264
30.9264
30.9264
33.1353
33.1353
33.1353
33.1353
33.1353
33.1353
33.1353
33.1353
33.1353
33.1353
33.1353
33.1353
33.1353
33.1353
33.1353
33.1353
33.1353
33.1353
33.1353
33.1353
33.1353
33.1353
33.1353
33.1353
33.1353
33.1353
33.1353
33.1353
33.1353
33.1353
33.1353
33.1353
33.1353
33.1353
33.1353
33.1353
33.1353
33.1353
33.1353
33.1353
33.1353
33.1353
33.1353
33.1353
33.1353
33.1353
33.1353
33.1353
33.1353
33.1353
33.1353
33.1353
33.1353
33.1353
33.1353
33.1353
33.1353
33.1353
33.1353
33.1353
33.1353
33.1353
33.1353
33.1353
33.1353
33.1353
33.1353
33.1353
33.1353
33.1353
33.1353
33.1353
33.1353
33.1353
33.1353
33.1353
33.1353
33.1353
33.1353
33.1353
33.1353
33.1353
33.1353
33.1353
33.1353
33.1353
33.1353
33.1353
33.1353
33.1353
33.1353
33.1353
33.1353
33.1353
33.1353
33.1353
33.1353
33.1353
33.1353
33.1353
33.1353
33.1353
33.1353
33.1353
33.1353
33.1353
33.1353
33.1353
33.1353
33.1353
33.1353
33.1353
33.1353
33.1353
33.1353
33.1353
33.1353
33.1353
33.1353
33.1353
33.1353
33.1353
33.1353
33.1353
33.1353
33.1353
33.1353
33.1353
33.1353
33.1353
33.1353
33.1353
33.1353
33.1353
33.1353
33.1353
33.1353
33.1353
