3024
3263
3070
2952
3266
3255
3246
3113
3197
2705
3172
2690
3202
2657
2899
2843
3047
5318
2956
2681
5347
2668
2685
2937
3043
3082
3016
2951
3018
2773
2704
2536
3017
2967
2878
3045
2516
2961
2909
3076
3109
2858
2651
5072
2984
2871
2845
2819
2891
2958
2879
2714
2798
2882
2892
5159
3082
2637
2958
2861
2521
5048
2783
2718
3065
2955
3129
2783
3166
3130
2661
2785
2819
3089
2952
2692
3119
2909
2615
5429
2976
2651
2688
3018
2824
3127
2643
2928
3061
2611
2706
3052
2991
3088
2627
3120
2647
2618
2623
3001
3031
3153
3020
2757
2705
5153
2632
2952
3104
2669
2625
3059
2734
2581
3055
3034
2949
2915
2726
2605
2674
3087
2683
2705
2810
2958
2858
2728
2542
2567
2540
2486
2325
2670
2642
2606
2364
2530
2524
3017
2524
2640
2553
3006
2612
2584
2578
2555
3047
2695
2643
2695
2634
2647
2617
3088
2613
5142
3071
2851
2673
3107
3028
2662
3137
2699
3010
2790
3139
2827
3268
3002
2995
3241
3219
3046
3247
3148
3163
3212
2717
2972
3192
3258
2670
3308
3139
2778
2786
3207
2999
3236
3282
2564
3372
2850
2815
3152
3035
3230
3197
2781
3056
3220
2726
5408
2870
3148
2891
2857
3106
3151
2927
2781
3178
2715
2759
3334
2666
5562
3076
3164
3160
3093
2758
3183
2697
5746
5753
2711
2838
2817
3095
3112
3213
2692
2789
5771
5587
3134
3198
2638
3055
2819
3242
2613
2863
2872
3191
3049
2538
2652
3052
3046
3052
3091
3210
3075
3138
2544
2803
2650
3103
3178
2725
3099
2726
2643
3022
2560
2506
2729
2839
2673
2604
2693
2811
2839
3127
2621
2670
2528
2819
2825
2649
2545
2881
2605
2672
2643
2723
2736
3157
3036
2949
2767
2686
