7.67707
8.1571
8.1571
8.1571
8.1571
8.8065
8.8065
8.8065
8.80937
8.80937
8.80937
8.80937
8.80937
8.80937
8.80937
8.80937
8.80937
8.80937
8.80937
8.80937
8.80937
8.80937
8.80937
8.80937
8.80937
8.80937
8.80937
8.80937
8.80937
8.80937
8.80937
8.80937
8.80937
8.80937
8.80937
8.80937
8.80937
8.80937
8.80937
8.80937
8.80937
8.80937
8.80937
8.80937
8.80937
8.80937
8.80937
8.80937
8.80937
8.80937
8.80937
8.80937
8.91561
8.91561
8.9208
8.9208
8.9208
8.9208
8.9208
8.9208
8.9208
8.9208
8.9208
8.9208
8.9208
8.9208
8.9208
8.92843
8.92843
8.92843
8.92843
8.92843
8.92843
8.93571
8.93571
8.93571
8.93571
8.93571
8.93571
8.93571
8.93571
8.93571
8.93571
8.93571
8.93571
8.93571
8.93571
8.93571
8.93571
8.93571
8.93571
8.93571
8.93571
8.93571
8.93571
8.93571
8.93571
8.93571
8.93571
8.93571
8.93571
8.93571
8.93571
8.93571
8.93571
8.93571
8.93571
8.93571
8.93571
8.93571
8.93571
8.93571
8.93571
8.93571
8.93571
8.93571
8.93571
8.93571
8.93571
8.93571
8.93571
8.93571
8.93571
8.93571
8.93571
8.93571
8.93571
8.93571
8.93571
8.93571
8.93571
8.93571
8.93571
8.93571
8.93571
8.93571
8.93571
8.93571
8.93571
8.93571
8.93571
8.93571
8.93571
8.93571
8.93571
8.93571
8.93571
8.93571
8.93571
8.93571
8.93571
8.93571
8.93571
8.93571
8.93571
8.93571
8.93571
8.93571
8.94071
8.94071
8.94071
8.94071
8.94071
8.94071
8.94071
8.94071
8.94071
8.94071
8.94071
8.94071
8.94071
8.94071
8.94071
8.94071
8.94071
8.94071
8.94071
8.94071
8.94071
8.94071
8.94071
8.94071
8.94071
8.94071
8.94071
8.94071
8.94071
8.94071
8.94071
8.94071
8.94071
8.94071
8.94071
8.94071
8.94071
8.94071
8.94071
8.94071
8.94071
8.94071
8.94071
8.94071
8.94071
8.94071
8.94071
8.94071
8.94071
8.94071
8.94071
8.94071
8.94071
8.94071
8.94071
8.94071
8.94071
8.94071
8.94071
8.94071
8.94071
8.94071
8.94071
8.94071
8.94071
8.94071
8.94071
8.94071
8.94071
8.94071
8.94071
8.94071
8.94071
8.94071
8.94071
8.94071
8.94071
8.94071
8.94071
8.94071
8.94071
8.94071
8.94071
8.94071
8.94071
8.94071
8.94071
8.94071
8.94071
8.94071
8.94071
8.94071
8.94071
8.94071
8.94071
8.94071
8.94071
8.94071
8.94071
8.94071
8.94071
8.94071
8.94071
8.94071
8.94071
8.94071
8.94071
8.94071
8.94071
8.94071
8.94071
8.94071
8.94071
8.94071
8.94071
8.94071
8.94071
8.94071
8.94071
8.94071
8.94071
8.94071
8.94071
8.94071
8.94071
8.94071
8.94071
8.94071
8.94071
8.94071
8.94071
8.94071
8.94071
8.94071
8.94071
8.94071
8.94071
8.94071
8.94071
