106.011
105.995
105.958
104.799
105.77
104.651
104.145
104.007
111.468
108.344
104.146
110.41
103.83
104.696
106.457
105.981
104.383
104.61
103.168
103.579
106.441
110.833
103.784
104.103
104.064
104.78
104.084
105.891
104.254
104.58
110.423
106.361
104.609
104.291
103.995
104.578
104.457
105.207
105.624
105.203
102.689
108.852
106.163
105.012
103.463
103.957
102.497
105.498
104.163
104.308
109.558
102.217
104.391
104.327
104.42
104.371
100.921
104.647
103.893
103.026
103.973
105.536
106.771
105.659
109.409
104.664
104.129
105.215
105.326
105.117
103.16
104.569
104.264
102.626
102.177
104.262
102.301
102.225
104.208
103.453
109.104
102.974
107.999
110.374
112.104
102.464
104.992
110.305
104.642
105.47
109.214
106.783
110.227
108.56
102.89
105.494
109.556
103.059
103.29
106.087
101.901
104.832
109.38
104.024
103.756
108.199
104.361
101.172
102.998
104.408
106.576
102.625
109.91
108.416
102.543
103.44
109.461
108.727
103.586
103.746
109.14
105.947
101.577
104.806
104.612
102.608
106.662
109.958
103.649
103.388
103.973
102.54
109.662
103.022
101.543
103.012
102.268
106.599
104.399
104.445
102.619
102.963
101.73
107.789
105.139
106.616
110.37
108.684
105.676
107.155
105.354
105.352
103.525
102.775
102.076
105.517
107.704
110.499
104.523
104.499
108.592
102.92
106.633
106.817
102.584
103.183
107.501
108.007
101.777
109.874
106.958
106.983
108.913
102.363
106.269
108.882
102.981
109.508
106.747
101.903
102.115
103.765
102.699
102.112
104.263
108.293
106.702
102.966
107.294
105.362
102.865
106.328
110.092
106.981
107.086
109.217
109.87
101.995
105.273
102.243
105.729
102.043
111.347
108.089
108.675
108.095
106.427
107.596
108.568
107.41
109.158
106.364
107.688
101.659
106.879
108.464
101.814
102.556
106.863
109.894
101.855
101.748
107.543
108.515
101.586
103.802
101.593
101.401
102.745
103.143
100.416
108.065
104.556
102.678
107.36
107.281
107.792
105.898
111.085
103.583
107.559
101.886
107.677
107
106.556
102.828
101.648
106.887
108.829
105.949
100.767
106.288
103.321
107.298
107.329
107.88
101.4
102.24
105.774
106.221
102.643
103.488
101.666
103.076
105.866
100.941
106.495
103.476
102.316
103.8
110.278
102.673
102.3
106.334
106.666
102.957
102.777
108.765
104.387
103.295
102.506
99.0255
106.297
105.08
107.291
108.412
109.542
107.961
103.302
107.191
108.34
102.841
105.029
106.291
109.006
107.51
100.235
106.967
101.436
