4.05431
3.93689
3.78439
4.23686
3.91468
4.05424
4.62291
4.497
2.14924
2.89807
4.36535
2.56882
4.4943
4.37452
3.90891
3.51277
4.48551
4.10185
4.65353
4.48249
3.98333
2.24454
4.34455
4.48089
4.35769
4.35769
4.47646
4.0393
4.35552
4.33342
2.28275
3.9109
4.50616
4.46759
4.75452
4.49474
4.47189
4.2229
3.92731
4.20709
4.90395
3.01045
3.64597
4.23221
4.64094
4.17344
4.91549
3.93072
4.48949
4.36569
2.67024
4.91177
4.37287
4.37785
4.21822
4.49333
5.30951
4.21345
4.49548
4.76734
4.34742
4.34941
3.45444
4.05942
2.78702
4.11943
4.49161
4.48605
4.38634
4.09312
4.63739
4.36335
4.37483
4.76875
5.15612
4.51949
4.90073
5.16797
4.48223
4.63432
3.05321
4.90585
3.1854
2.54176
1.73211
4.90664
4.18392
2.53162
4.35979
4.37653
2.78618
3.58354
2.73638
2.94302
4.8819
3.86638
2.69081
4.87399
4.78025
3.84323
5.03477
4.21942
2.5615
4.3517
4.52077
3.20278
4.25293
5.17423
4.90562
4.36529
3.48248
4.74984
2.82659
3.07996
5.03238
4.63406
2.80257
3.07696
4.49621
4.62776
2.87625
3.91011
5.1624
4.11976
4.35698
4.89612
3.58129
2.53699
4.62883
4.76706
4.49405
4.90567
2.68551
4.76034
5.29564
4.75519
5.02239
3.59342
4.34264
4.39523
4.89459
4.76217
5.29088
3.22026
4.47867
3.58823
2.54052
3.05012
3.97785
3.59942
3.9969
4.20215
4.59515
4.89295
5.16156
3.99823
3.34472
2.50535
4.22821
4.37268
3.05917
5.03346
3.73657
3.59141
5.03057
4.76882
3.5887
3.47742
5.42847
2.40277
3.59312
3.46152
2.93895
4.90709
3.73495
3.06904
4.89946
2.68839
3.46939
5.29283
5.4337
4.49903
4.89368
5.28328
4.46403
3.05992
3.6148
5.15315
3.47635
4.00576
4.88305
3.72987
2.5741
3.59181
3.60333
2.95047
2.54382
5.03318
3.9658
5.16999
4.00958
5.16973
1.93932
3.20199
2.95018
3.07609
3.48814
3.71411
3.05663
3.18196
3.06852
3.83943
3.58927
5.31033
3.59065
3.19509
5.16267
4.9057
3.71173
2.52982
5.1697
5.17534
3.35311
3.05805
5.15868
4.88184
5.15926
5.43218
4.77256
4.76106
5.70853
3.18345
4.44365
5.02152
3.57307
3.47074
3.1921
4.03787
2.41913
4.88521
3.33643
5.29499
3.19599
3.59805
3.61425
4.77441
5.29509
3.59225
3.177
3.8347
5.44371
3.73223
4.63378
3.76977
3.34113
3.1969
5.28899
4.8866
3.97707
3.84527
4.89588
4.76154
5.15036
4.89424
3.87526
5.42528
3.59146
4.76478
5.16324
4.63218
2.54655
5.03797
4.88613
3.72303
3.59843
4.72769
5.02436
2.86451
4.47691
4.86865
5.02191
5.97013
3.74329
4.27862
3.32885
3.18418
2.67391
3.1948
4.7554
3.45956
3.08097
4.8805
4.00247
3.74139
2.8263
3.48004
5.68846
3.45523
5.43908
