8.8115
8.77247
8.7521
8.77125
8.75464
8.61948
8.5522
8.63516
8.62857
8.7397
8.70801
8.80171
8.78228
8.69387
8.85888
8.5948
8.62374
8.65022
8.68229
8.65392
8.74583
8.7411
8.67274
8.71333
8.68194
8.63616
8.83589
8.56313
8.77466
8.70508
8.77395
8.91639
8.89326
8.69394
8.75292
8.86801
8.6256
8.67383
8.76248
8.68626
8.91002
8.61889
8.72921
8.65611
8.72636
8.62871
8.76009
8.59422
8.65146
8.65682
8.64008
8.70823
8.84514
8.6461
8.77666
8.65942
8.77785
8.69991
8.69237
8.71379
8.68708
8.72134
8.68847
8.65543
8.74374
8.74686
8.77873
8.78548
8.72118
8.72878
8.81377
8.77523
8.68655
8.78989
8.66468
8.62198
8.83919
8.67886
8.76068
8.70129
8.82281
8.75541
8.6501
8.59463
8.61357
8.83885
8.71787
8.66224
8.61295
8.73413
8.73691
8.65703
8.6969
8.7256
8.59334
8.74163
8.75987
8.69533
8.73971
8.76809
8.7718
8.67566
8.72464
8.74675
8.70028
8.67151
8.78448
8.84846
8.66903
8.74505
8.76193
8.79092
8.74503
8.61574
8.68434
8.66075
8.61773
8.7529
8.69897
8.79167
8.70952
8.74505
8.83109
8.68406
8.74476
8.68419
8.71345
8.61487
8.678
8.7044
8.68557
8.85797
8.72366
8.68416
8.80592
8.68066
8.67753
8.68225
8.70672
8.7586
8.68399
8.66547
8.72554
8.70062
8.79911
8.71314
8.62146
8.71658
8.73973
8.65424
8.80541
8.61162
8.64559
8.82666
8.74534
8.67234
8.75407
8.56586
8.80091
8.64448
8.69551
8.62413
8.66501
8.67231
8.65428
8.7336
8.80547
8.7051
8.88064
8.73028
8.74416
8.80712
8.70881
8.663
8.68063
8.7428
8.70055
8.67013
8.78686
8.63057
8.72768
8.81326
8.6905
8.68616
8.73011
8.69534
8.66831
8.72445
8.65453
8.65079
8.67576
8.67953
8.61509
8.73912
8.68297
8.59461
8.71402
8.69972
8.70387
8.63219
8.67361
8.68912
8.65216
8.74912
8.73738
8.63405
8.76157
8.61251
8.73674
8.85057
8.74577
8.64293
8.74214
8.74233
8.68746
8.62968
8.73925
8.67171
8.60818
8.81057
8.62778
8.70239
8.71031
8.61084
8.6571
8.86658
8.72333
8.64007
8.67225
8.66824
8.75835
8.67213
8.66616
8.74989
8.60178
8.73397
8.61261
8.53538
8.74446
8.81004
8.59346
8.66784
8.64421
8.68563
8.6828
8.61531
8.82823
8.63308
8.75149
8.63715
8.68894
8.85998
8.82738
8.64719
8.63757
8.62991
8.69659
8.71451
8.56555
8.69711
8.55765
8.71395
8.6585
8.67115
8.65526
8.71566
8.62962
8.69348
8.62382
8.74256
8.67963
8.62268
8.72869
8.64899
8.67403
8.65515
8.64131
8.72554
8.65328
8.67015
8.75686
8.65888
8.63979
8.72523
8.75119
8.63729
8.61487
8.77549
8.62456
8.68855
8.79443
8.61338
8.70508
8.71954
8.65631
8.59994
8.61996
8.61117
8.64459
