3670
3746
3528
3645
3716
3652
3590
3575
3577
3672
3642
3525
3736
3601
3560
3550
3625
3488
3591
3668
3713
3673
3600
3657
3717
3673
7431
3540
3538
3637
3538
3738
7408
3603
3628
3826
3760
3701
3753
3594
3716
3701
3662
3667
3730
3626
3838
3684
3746
3636
3663
3738
3637
3786
3524
7305
3723
3688
3691
3770
3741
3765
3654
3644
3731
3722
3777
3738
3674
3753
3807
3881
3677
3680
3805
3825
3789
3846
3871
3830
3838
7418
3777
3715
3718
3800
3711
3800
3675
3725
3806
3769
3807
3846
3782
3806
3829
3836
3840
3800
3832
3856
3764
3812
3852
7417
3697
3827
3960
3812
3789
3767
3832
3711
3781
3853
3852
3774
3776
3860
3712
3885
3849
3960
3813
3789
3875
3852
3885
3860
3862
3811
3858
3940
3897
3879
3922
3906
3870
3953
4039
3901
3925
3853
3912
3895
3784
3866
3876
3908
3818
3900
3907
3878
3943
3914
3909
3862
3885
3889
3800
3877
3951
3835
3951
3997
4039
3909
3776
3728
3924
3876
3792
3985
3938
3999
3952
3748
3816
3855
3969
3879
3978
4032
3955
3864
3909
3911
3834
3911
3886
3911
3762
3907
3863
3820
3912
3826
4000
3995
3952
7952
3828
3916
3922
3854
3831
3920
3779
3790
3858
3977
3912
4096
3877
3922
3877
3986
3922
3850
4025
4039
3911
3855
4050
4060
3969
3969
3973
4000
3971
3833
3868
3954
3900
3965
3929
3931
3922
3913
3797
4012
3965
3918
3888
3896
4095
3886
3880
3973
3973
3945
3859
3970
3883
3939
3967
3908
3986
3989
4003
3989
4002
3937
3823
3985
3946
3919
4034
3878
3884
4032
4008
3939
3951
3881
3921
3855
3800
3967
4060
3885
3904
3969
3892
4012
3792
3912
3983
4015
3761
3836
3882
3946
3890
3905
3827
3884
4011
