9.11136
8.96619
8.78966
8.87142
8.85941
8.56113
8.9335
8.80535
8.93573
8.69369
8.75474
9.11901
8.81842
8.93477
9.14286
8.43564
8.90842
8.61135
8.71614
8.66289
9.1451
8.89687
8.59988
8.85905
8.70754
8.91484
8.91004
8.91506
8.81388
8.86195
8.8169
9.14604
9.14205
8.89689
9.11755
9.1074
8.91969
8.93845
8.82817
8.92814
8.91614
8.89604
8.70576
8.875
8.81891
8.46245
8.79876
8.69685
8.856
8.78143
8.80908
8.68278
8.9119
8.79439
8.73175
8.93069
8.69684
8.76102
8.79544
8.79926
8.67062
9.19853
8.69117
8.912
8.94825
8.69709
8.91114
9.26484
9.16659
8.80899
8.75888
8.92471
8.79147
8.70652
8.89553
8.90273
8.75565
8.92877
8.91858
8.79707
9.1648
8.94006
8.80626
8.92536
8.72872
8.8139
8.85314
8.94197
8.86018
9.211
8.87594
8.80543
9.14547
8.80235
8.81503
8.71289
8.91428
8.90787
8.90889
8.90054
8.73211
8.81432
8.6995
8.72096
8.78075
8.9047
8.75124
8.66919
8.90784
8.85845
8.69869
8.68784
9.16129
8.81758
8.89652
8.77328
8.89285
9.0116
8.70087
8.92921
8.92179
8.90778
8.78061
8.71055
8.91643
8.78093
8.79694
8.79394
8.84327
8.91048
8.8164
8.84606
8.91965
8.77711
8.89271
8.76711
8.79612
8.76979
8.8134
8.90756
8.78275
8.75143
8.91451
8.80362
9.23986
8.78853
8.94275
8.9454
8.88323
8.94249
8.83251
8.93078
8.75447
8.89565
8.90369
8.81386
8.93375
8.91027
8.78798
8.84354
8.90922
8.99032
8.91383
8.83368
8.89444
8.86029
9.14161
9.13663
9.13149
8.71452
8.92575
8.841
8.90678
8.70472
8.80167
9.04965
8.91076
8.83163
8.75751
8.93113
9.18067
8.81713
8.81021
9.01142
8.90273
8.80904
8.81658
9.17079
8.86546
8.75897
8.84595
8.81513
8.87679
8.92915
8.94114
8.94224
8.84241
8.72987
8.71936
8.91613
8.89502
8.87721
8.70237
8.91759
8.85655
8.71838
8.65461
9.17705
8.92638
8.73258
9.14537
8.91504
9.16534
8.91829
8.86246
8.9578
8.81849
8.76847
8.93046
8.90658
8.79185
8.79476
8.86027
8.82549
8.7084
9.23811
8.73835
8.91674
8.69559
8.80926
8.92866
8.8408
8.94415
8.95834
8.95101
8.90494
8.71993
8.89989
9.16224
9.14238
8.77493
8.94368
8.70576
8.90883
8.77648
8.69805
8.93495
8.83376
9.14523
8.77134
8.74849
8.90998
8.81417
9.15575
8.73136
8.76493
8.79621
8.66774
8.81637
8.90561
8.73498
8.94178
8.72594
8.92232
8.79507
8.79489
8.70216
8.93117
8.92877
8.92679
8.96034
8.91591
8.69232
8.79257
8.79185
8.71052
8.9437
8.79344
8.91627
8.96611
8.90638
8.72089
8.79526
8.98054
8.7773
8.9348
8.78953
8.88438
8.83354
8.83563
8.91156
8.80726
8.67688
8.83809
8.78944
8.9065
8.80139
8.70967
8.93634
