98.8238
95.5502
97.8079
96.9581
95.4615
97.0752
94.5195
98.4551
95.0649
97.1416
96.231
95.3522
95.3565
96.9817
95.4575
95.539
97.5461
95.9307
97.2039
95.8531
94.9328
96.2997
96.2488
95.7154
97.3086
95.0013
94.4813
95.2774
97.6165
96.6535
97.9324
95.2856
97.0493
95.7948
96.0769
95.4393
95.4445
97.6237
96.4305
97.4925
95.8276
97.8396
96.2124
98.1496
96.1924
96.9601
95.9669
96.9789
96.4342
98.5185
94.6176
96.2876
95.4061
99.169
98.0891
96.5453
98.2606
94.9524
96.3581
96.1379
98.5114
97.299
95.6964
97.9484
96.5002
96.2555
97.1062
97.0145
96.6901
96.2971
95.5143
97.7765
96.6091
97.9363
96.2771
95.6421
97.5277
96.1129
96.6214
96.1107
97.1203
95.569
97.2698
96.6121
97.242
97.2677
96.4355
97.5994
96.081
95.6009
95.4894
95.3099
99.9216
96.1185
96.3503
96.6818
96.0647
97.1137
94.9413
95.7201
97.0996
96.2966
95.6426
90
95.8543
98.2687
94.6203
99.8276
94.7855
95.7158
97.7998
96.1028
97.0943
94.8755
96.4688
97.0285
98.9532
96.2203
94.6624
97.1405
97.682
97.0363
90
97.272
96.0569
95.5043
98.6707
95.088
96.93
90
97.036
96.4505
94.6786
96.2497
96.9542
96.5338
95.1583
96.2056
97.4255
97.2168
95.9912
97.4867
96.1483
97.2674
97.1892
97.1777
96.0819
97.2017
96.468
96.5194
97.5931
95.2488
95.6384
96.5346
97.4886
97.6967
97.6545
97.1726
96.7635
95.6788
97.4155
97.229
99.288
94.8692
96.6372
96.1527
96.6248
98.9797
94.7941
95.4744
95.7777
97.4754
97.589
93.9621
94.8831
95.0317
95.7854
95.4876
90
96.02
96.7495
95.6247
100.021
98.9833
98.2627
96.4872
96.7642
95.8954
90
96.4546
94.9357
97.0704
95.839
95.604
98.1933
96.6596
90
99.857
98.6379
100.251
97.1704
97.4593
95.8699
98.6444
99.0027
97.4601
97.4383
96.8353
97.384
90
96.2539
96.0533
95.4119
97.3617
98.2917
96.589
97.6966
95.0986
99.4287
93.8504
97.9405
90
94.7432
90
94.9069
96.3769
98.1405
95.2418
95.7612
97.6203
90
97.206
96.1454
95.2661
96.0948
98.8896
96.4088
98.1744
95.7683
96.4331
96.7278
96.1657
96.7359
90
97.7006
96.1029
96.6061
97.096
90
95.7046
96.719
98.88
98.3221
97.4056
96.9739
97.0549
99.2283
97.5777
95.9923
96.4887
97.5185
96.8314
95.0446
98.5747
100.372
97.0081
98.5302
96.9305
97.1624
96.6395
95.0369
96.5276
95.636
98.4799
94.4463
95.0015
96.508
98.0673
97.5645
90
90
90
96.7946
96.9924
97.4896
97.608
90
97.1295
96.6314
94.8115
97.1662
96.3166
95.7265
95.3984
90
94.7394
97.8592
96.6592
96.9059
90
