6.57651
6.88668
6.30398
6.44562
6.88387
6.32725
6.86808
6.42143
6.8618
6.33859
6.71122
6.72432
6.73032
6.59149
7.01432
6.89717
6.56344
6.72767
6.32143
6.8595
6.82369
6.85614
6.87687
6.74436
6.60362
6.83605
6.72532
6.87186
6.28276
6.72418
6.32263
6.86721
6.36914
6.84713
6.85856
6.70019
6.85123
6.31984
6.61826
6.48486
6.87178
6.7147
6.60294
6.44254
6.87315
6.57483
6.74452
6.60466
6.6665
6.02664
7.1413
6.86547
7.07245
6.01885
5.94205
6.72904
6.62449
6.86423
6.56446
6.71549
6.02691
6.33972
6.84833
6.32632
6.60281
6.88205
6.58208
6.61388
6.34587
6.84109
6.86966
6.33525
6.29531
6.32725
6.86885
6.87683
6.44854
6.85217
6.08847
6.85625
6.56393
6.44119
6.29178
6.5724
6.59483
6.57021
6.73209
6.4587
6.72184
6.88324
7.09291
6.8825
5.86799
6.46863
6.44142
6.57172
6.87353
6.57065
7.08122
6.85257
6.58321
6.58516
6.87694
6.33243
6.34607
6.18398
6.88122
5.57416
6.86685
6.88078
6.29622
6.88764
6.42831
6.86195
6.7589
6.35538
6.0267
6.87631
6.88528
6.44926
6.32902
6.50778
6.8514
6.46246
6.88933
6.9121
6.03284
7.18828
6.20869
6.06146
6.47148
6.34579
6.87929
6.47132
6.48277
6.62635
6.89055
6.65728
6.32273
6.37749
6.5072
6.03234
6.73263
6.32422
6.3447
6.55821
6.72528
6.46432
6.75135
6.75649
6.3157
6.74472
6.83219
6.60754
6.09643
6.43127
6.30025
6.34425
6.58619
6.87652
6.33573
6.38585
5.82753
6.86799
6.74333
6.83928
6.32593
5.90665
6.8676
6.88063
6.59031
6.45302
6.31023
6.85738
6.8585
6.86897
6.81678
6.88528
6.43325
6.76641
6.58588
6.88565
5.75116
5.84986
6.08696
6.73678
6.60549
6.58586
6.66292
6.47249
7.017
6.72767
6.35297
6.68513
6.19678
6.5854
6.29517
5.79158
6.30229
5.63312
6.39435
6.34097
6.58114
6.05367
6.09643
6.30748
6.04302
6.61147
6.47114
6.88603
6.58202
6.86149
6.93386
6.5886
6.06014
6.58972
6.25085
7.13425
5.91352
7.155
5.94121
6.88822
6.1136
6.60464
6.85934
6.43059
6.32414
6.88232
6.86892
6.29161
6.34598
6.38339
6.86141
6.73809
6.88723
5.9035
6.33198
6.10708
6.59482
6.43128
6.22592
6.46009
6.30536
6.60435
6.57696
6.45488
6.61165
6.33759
6.74818
6.60452
6.31916
6.0298
6.07061
6.32647
6.58114
6.47532
5.80144
6.30812
6.88095
6.74061
6.33621
6.30557
7.19337
6.43687
5.47581
6.62993
6.02401
6.34861
6.47161
6.60827
7.05982
6.59186
7.03911
6.17863
6.99982
7.08352
6.6029
6.0783
6.44172
6.65746
7.48236
6.66792
6.51601
6.48979
6.32183
6.34584
6.87751
6.34577
6.67626
7.13171
6.20163
6.55788
6.79433
6.71129
6.55463
6.06113
6.23459
6.60967
6.49658
6.59217
