9.55892
9.50454
9.6579
9.44256
9.49255
9.36044
9.51593
9.58941
9.42493
9.49083
9.31186
9.22257
9.36891
9.49624
9.54179
9.46468
9.64009
9.54833
9.3211
9.56079
9.68313
9.51747
9.64581
9.55229
9.40349
9.23722
9.46954
9.49278
9.33639
9.47618
9.31844
9.58684
9.47381
9.29897
9.37178
9.6792
9.15447
9.62451
9.51593
9.5751
9.47381
9.49659
9.32913
9.15142
9.62651
9.2687
9.51158
9.59119
9.15858
9.44574
9.38283
9.56134
9.6391
9.51251
9.59119
9.44042
9.41214
9.40618
9.24383
9.70265
9.59148
9.42045
9.41067
9.57864
9.51017
9.41606
9.40501
9.5168
9.69487
9.50792
9.40943
9.58149
9.50021
9.6039
9.37452
9.57754
9.64189
9.57831
9.58803
9.34362
9.51142
9.43365
9.27539
9.33396
9.5568
9.71375
9.47239
9.32164
9.56514
9.3006
9.48178
9.49453
9.53949
9.64299
9.59653
9.48056
9.23175
9.56901
9.55527
9.50732
9.40358
9.59119
9.3752
9.60331
9.52106
9.59964
9.64935
9.31967
9.59119
9.47929
9.41588
9.50404
9.57712
9.42051
9.56224
9.42584
9.54565
9.52429
9.58965
9.50827
9.50425
9.60067
9.40769
9.48345
9.27254
9.68985
9.49743
9.42493
9.60289
9.57471
9.63367
9.50677
9.39474
9.2316
9.30518
9.53653
9.32715
9.45249
9.84659
9.82974
9.4734
9.65577
9.52106
9.67892
9.65711
9.57874
9.6039
9.5893
9.44753
9.39786
9.34185
9.20485
9.42118
9.35237
9.48448
9.12683
9.59135
9.30688
9.49697
9.59696
9.60649
9.56903
9.51292
9.40451
9.5512
9.37004
9.31959
9.48164
9.24122
9.51558
9.36216
9.53959
9.55
9.58114
9.25136
9.4672
9.34193
9.65875
9.48263
9.55213
9.47334
9.65664
9.38684
9.86569
9.48742
9.41951
9.30855
9.6039
9.45046
9.38331
9.38026
9.5329
9.76189
9.47991
9.48818
9.53732
9.344
9.4925
9.56606
9.33082
9.65058
9.33376
9.49302
9.29669
9.56955
9.32273
9.57044
9.80278
9.25401
9.50447
9.44614
9.52281
9.36782
9.58464
9.5594
9.47239
9.65668
9.28613
9.44993
9.42374
9.37021
9.39083
9.50969
9.49196
9.28852
9.31472
9.28862
9.3507
9.49524
9.53252
9.41057
9.35261
9.25128
9.48786
9.30902
9.60571
9.41961
9.35476
9.89178
9.24935
9.34012
9.36401
9.49691
9.4619
9.52812
9.63705
9.32789
9.41588
9.59912
9.42194
9.32773
9.56429
9.21081
9.3882
9.44926
9.40924
9.32809
9.24141
9.5579
9.23398
9.50185
9.68882
9.35759
9.4088
9.34085
9.32773
9.149
9.30274
9.66479
9.52963
9.58735
9.53957
9.31439
9.50155
9.6085
9.42784
9.62325
9.86884
9.40649
9.39279
9.25713
9.38669
9.61753
9.47961
9.33096
9.35869
9.50979
9.38968
9.54764
9.24985
9.19435
9.43051
9.68795
9.57395
9.5581
9.54695
9.31826
9.52731
9.40186
9.4681
