8.31738
8.49485
8.2152
8.53881
8.53223
8.3946
8.36236
8.72325
8.13335
8.29824
8.22912
8.43007
8.30077
8.48803
8.49541
8.40937
8.37486
8.16582
8.27395
8.2307
8.50498
8.25786
8.18182
8.31298
8.26013
8.32986
8.44846
8.38097
8.24935
8.34192
8.3748
8.41004
8.30964
8.29775
8.49107
8.44226
8.22701
8.28545
8.49657
8.31663
8.17317
8.33102
8.44486
8.53629
8.43358
8.50441
8.4835
8.39893
8.23472
8.36352
8.36072
8.31006
8.32693
8.17991
8.35841
8.40628
8.3034
8.22188
8.3159
8.41324
8.34724
8.44416
8.37106
8.31802
8.32697
8.16033
8.30763
8.31778
8.3061
8.30009
8.51926
8.42497
8.43229
8.31661
8.19863
8.36136
8.37745
8.42497
8.33871
8.4514
8.38482
8.28719
8.36639
8.32811
8.26268
8.22701
8.52656
8.29129
8.44686
8.41793
8.19141
8.61474
8.38037
8.4339
8.38542
8.26914
8.36371
8.38236
8.34041
8.31086
8.30364
8.38341
8.39406
8.33593
8.30087
8.43628
8.44966
8.48224
8.49828
8.27197
8.58237
8.32465
8.5066
8.39279
8.44326
8.32908
8.39298
8.23921
8.55027
8.33414
8.31122
8.32005
8.40613
8.16034
8.3301
8.33163
8.29417
8.23303
8.51271
8.40434
8.26461
8.39173
8.49253
8.46759
8.24445
8.33989
8.57243
8.21114
8.37062
8.26556
8.51353
8.47642
8.50188
8.49774
8.60076
8.21376
8.52779
8.30016
8.56709
8.26911
8.33111
8.56362
8.5519
8.53105
8.40601
8.36181
8.37712
8.60282
8.15257
8.23518
8.46446
8.46853
8.40762
8.33986
8.32109
8.47565
8.29588
8.26746
8.50606
8.44035
8.43012
8.40734
8.3068
8.43619
8.44356
8.2864
8.42566
8.3524
8.63864
8.41793
8.22458
8.39676
8.19514
8.45762
8.40078
8.4573
8.22537
8.2378
8.28489
8.59182
8.66187
8.51592
8.2675
8.28303
8.50566
8.36149
8.32916
8.29231
8.19436
8.36486
8.51959
8.24992
8.36474
8.23306
8.14252
8.48332
8.60599
8.46414
8.4857
8.41483
8.40556
8.51544
8.402
8.58152
8.56984
8.51828
8.49026
8.54304
8.25346
8.27784
8.31951
8.43831
8.30607
8.31469
8.38847
8.32837
8.24175
8.40597
8.20117
8.48179
8.57319
8.43163
8.39319
8.25105
8.35817
8.46493
8.28031
8.36344
8.37181
8.36928
8.63505
8.36236
8.36905
8.40219
8.24012
8.53138
8.38036
8.38164
8.47418
8.35255
8.27831
8.41668
8.54712
8.42503
8.53587
8.33253
8.5208
8.52065
8.53142
8.16709
8.32595
8.31531
8.39378
8.70258
8.37026
8.32212
8.31014
8.57225
8.66111
8.23376
8.60783
8.37234
8.32194
8.45744
8.40183
8.30659
8.33365
8.34601
8.28
8.60583
8.34019
8.19362
8.43617
8.2675
8.38321
8.2391
8.21806
8.26007
8.57892
8.34663
8.29924
8.49011
8.62039
8.40412
8.28125
8.6977
8.25688
8.40983
8.37484
8.28688
