2902
2988
2833
2846
2955
2952
2804
3011
2798
2919
2951
2942
2902
2926
2946
2885
2867
2904
2756
2900
2934
2847
2900
2820
2882
2862
2809
2799
2834
2946
2747
2842
2792
2827
2987
2800
2941
2910
2839
2848
2823
2970
2949
2907
2874
2882
2852
2815
2880
2839
2929
2935
2780
2953
2785
2877
2818
2762
2852
2955
2801
2901
2867
2928
2892
2765
2796
2851
2825
2854
2858
2836
2735
2881
2827
2912
2791
2858
2686
2947
2753
2788
2864
2823
2697
2922
2833
2892
2869
2958
2848
2826
2824
2789
2838
2797
2850
2852
2861
2882
2867
2813
2861
2747
2775
2866
2838
2896
2772
2947
2783
2860
2791
2877
2869
2809
2762
2870
2813
2928
2781
2867
2753
2867
2835
2829
2787
2824
2820
2640
2730
2732
2845
2811
2695
2753
2797
2815
2706
2727
2763
2741
2761
2841
2717
2783
2843
2783
2908
2829
2776
2818
2737
2863
2726
2830
2884
2818
2840
2840
2777
2775
2736
2777
2797
2727
2678
2822
2847
2844
2804
2793
2799
2793
2935
2817
2932
2837
2833
2798
2795
2809
2862
2811
2765
2814
2716
2836
2741
2925
2780
2873
2794
2793
2701
2785
2711
2768
2798
2731
2768
2826
2817
2739
2810
2855
2662
2833
2853
2806
2846
2860
2854
2765
2759
2852
2845
2856
2732
2711
2867
2771
2769
2815
2780
2799
2848
2824
2811
2874
2793
2901
2847
2807
2864
2936
2859
2800
2846
2836
2772
2848
2773
2854
2826
2887
2908
2739
2717
2662
2819
2936
2776
2887
2901
2938
2871
2956
2893
2915
2857
2828
2834
2902
2883
2912
2895
2758
2853
2901
2982
2795
2953
2766
2930
2859
2949
2902
2940
2814
2850
2815
2873
2854
2858
2826
2729
2810
2910
3008
2916
2859
2938
2909
2789
2877
2921
2895
2890
2847
