9.15879
8.53762
8.55698
8.52982
8.51541
8.41107
8.19007
9.01484
8.30353
8.41802
8.50817
8.30389
8.2869
8.67039
8.63764
8.52818
8.78228
8.42423
8.41307
8.54701
8.29177
8.6794
8.66862
8.40835
8.72243
8.29396
8.04958
8.42014
8.48899
8.67034
8.65649
8.42331
8.42423
8.53133
8.6665
8.30792
8.4195
8.53784
8.53351
8.67245
8.54014
9.00884
8.44144
8.88741
8.70325
8.65123
8.5179
8.6609
8.52381
8.53204
8.49184
8.69672
8.64848
8.65948
8.31795
8.65805
9.03551
8.28912
8.41771
8.52496
8.52532
8.50287
8.51836
8.64909
8.50036
8.67103
8.65345
8.66076
8.29444
8.67292
8.51457
8.63635
8.24931
8.64603
8.67249
8.52891
8.66262
8.65675
8.02441
8.66585
8.65873
8.05727
8.42634
8.50317
8.69478
8.6686
8.65559
8.6711
8.52158
8.53426
8.66734
8.48383
8.79972
8.2768
8.30784
8.50918
8.65074
8.66287
8.52338
8.51753
8.65163
8.43522
8.53564
7.22463
8.04831
8.63603
8.24693
8.51284
8.28976
8.53669
8.64744
8.66777
8.5457
8.29375
8.67357
8.40916
8.67128
8.67236
8.27991
8.53738
8.57113
8.56163
7.23003
8.54507
8.65713
8.51784
8.56254
8.65437
8.27804
6.86892
8.51155
8.24333
8.26934
8.32593
8.49397
8.53673
8.43827
8.44294
8.50461
8.47079
8.29416
8.26022
8.56432
8.49157
8.51445
8.62698
8.54255
8.56192
8.69385
8.64647
8.53686
8.31814
8.5208
8.56196
8.30638
8.69142
8.55196
8.50946
8.51992
8.51431
8.53907
8.53419
8.57751
8.28891
8.67984
8.66662
8.25295
8.51951
8.29437
8.49844
8.29629
8.65938
8.52371
8.02599
8.30122
8.32813
8.52413
8.49012
7.35991
8.54187
8.53261
8.53957
8.64741
8.52392
8.52686
8.66015
8.55669
8.28711
7.2172
8.41654
8.51304
8.84017
8.04391
8.31061
8.64612
8.53795
7.00147
8.67323
8.79194
8.65867
8.53795
8.50129
8.30109
8.557
8.67651
8.52917
8.29016
8.64063
8.67053
7.23329
8.42428
8.66754
8.52581
8.80602
8.558
8.55759
8.54569
8.65871
8.65472
8.26925
8.26206
7.46023
7.49199
7.46338
8.29967
8.29213
8.68198
8.42469
8.52378
8.56116
7.25939
8.51551
8.66882
8.25911
8.67215
8.55148
8.19211
8.50982
8.28622
8.31861
8.26318
8.26683
8.28227
7.53031
8.80536
8.27923
8.55273
8.42437
7.36248
8.27326
8.26967
8.65982
8.57113
8.5166
8.6694
8.53775
8.57023
8.57517
8.672
8.59839
8.53394
8.2979
8.67527
9.06128
8.5398
8.67597
8.51689
8.43259
8.64836
8.52514
8.57717
8.50786
8.68161
8.70051
8.30646
8.53743
8.50425
8.4442
8.64087
7.23317
8.27536
7.23003
8.52631
8.5178
8.52607
8.54683
7.47798
8.41212
8.67103
8.53685
8.28855
8.4375
8.52324
8.29967
7.37559
7.50332
8.51408
8.57338
8.52525
7.18252
