99.964
101.094
100.698
101.78
99.5211
101.654
101.55
100.787
100.052
100.303
99.7697
100.447
100.469
100.142
100.345
99.0045
99.7078
98.3361
98.4253
101.236
100.456
99.7679
99.4753
99.4416
99.4846
99.1651
101.344
99.9282
97.9816
101.344
101.243
100.246
98.8662
100.778
100.37
101.418
100.325
100.201
100.896
100.62
99.4266
99.4081
98.5594
100.678
97.7938
100.139
99.1235
101.244
100.726
99.6232
101.772
100.795
101.322
101.163
101.581
99.7253
99.6375
100.091
100.359
100.778
101.289
101.722
100.807
100.02
98.19
101.106
99.9902
99.8627
100.348
99.5044
100.846
97.7206
100.507
100.732
100.83
98.1348
99.8276
100.822
100.975
99.0626
100.243
100.898
100.82
101.738
98.5638
101.488
100.215
101.696
100.384
99.616
100.757
101.995
99.6191
99.6828
100.427
99.3369
101.733
101.296
98.236
101.159
100.567
98.5974
102.128
99.9585
99.0502
100.343
100.263
101.902
99.4569
100.982
101.8
101.667
100.289
100.562
100.22
101.116
101.182
99.9184
102.105
98.8044
101.416
101.264
100.688
100.226
101.161
100.461
100.336
99.9306
101.445
101.227
99.417
101.819
100.909
102.08
100.478
101.894
101.333
101.372
100.302
101.493
102.062
100.375
100.06
100.548
101.362
101.687
100.405
100.03
99.0477
101.196
101.27
98.1803
100.198
101.316
100.052
98.5892
101.361
101.113
97.7825
100.435
102.079
102.232
99.7158
98.9758
102.127
101.117
101.798
101.506
101.679
99.9792
100.442
99.1032
99.4742
100.831
101.39
101.116
100.946
101.537
98.3109
101.261
99.5633
101.329
101.481
97.6968
100.987
100.078
100.86
99.8769
100.782
99.282
101.753
101.279
100.788
99.7268
100.596
102.503
100.007
100.655
101.872
98.635
101.632
101.026
100.296
101.503
101.997
101.257
99.5967
101.291
99.8061
101.695
102.114
99.7598
100.857
99.1121
101.689
100.423
101.984
102.298
100.318
100.032
99.417
100.313
101.337
101.957
101.671
102.338
100.587
102.439
98.7219
101.921
100.819
101.894
101.911
101.646
101.188
99.484
101.502
99.5287
101.451
101.656
101.853
100.893
101.115
101.718
100.023
100.892
98.5805
102.033
101.371
100.407
100.394
101.723
101.111
100.457
100.662
102.574
99.7403
101.296
100.607
98.9957
102.345
101.216
102.453
99.8067
100.297
101.225
101.803
100.755
101.255
101.179
101.805
101.178
102.41
100.814
101.578
100.763
100.855
100.706
102.769
98.5509
99.1244
101.771
101.267
98.8998
101.788
101.681
100.798
102.198
102.443
101.526
101.663
100.968
99.0245
102.043
101.37
97.6659
102.951
102.175
