5.73676
5.38886
5.191
4.95492
5.58725
5.24198
5.19806
5.44471
5.44943
5.58803
5.77645
5.30394
5.5861
5.3917
5.57835
5.59505
5.58271
6.30476
6.02614
5.02251
5.30792
5.4847
5.58996
5.48813
5.59195
5.72336
4.96148
5.57627
6.01782
5.02619
5.05984
5.29567
6.16956
5.16105
5.58719
5.24753
5.58548
5.40529
5.16169
5.59418
5.63612
5.58781
5.92547
5.48622
6.13862
5.39745
5.72601
5.01886
5.15687
5.56051
4.96854
5.19355
5.0214
5.15465
5.18786
5.49016
5.55777
5.45005
5.30845
5.1915
5.04227
5.17406
5.09793
5.45103
5.99242
5.15532
5.44677
5.73747
5.59084
5.58843
5.16558
6.17038
5.73605
5.59042
5.19785
6.02682
5.72333
5.19395
5.49228
5.73043
5.19947
5.19967
5.1929
4.92238
6.15771
5.1787
5.49263
5.17345
5.33505
5.58467
5.5441
5.05846
5.58183
5.30029
5.58993
5.68081
5.15683
5.01787
6.02175
5.06166
5.25637
5.88065
5.04278
5.73577
5.73776
5.5904
5.59468
5.06453
5.58956
5.16119
5.16337
5.18765
5.31315
5.29324
5.4485
5.45018
5.05846
5.46132
5.03713
5.8194
4.96737
5.02328
5.45698
5.3949
5.06074
5.59258
5.58822
5.46817
4.97134
5.30652
5.64213
4.89655
5.15895
5.06205
5.2996
5.19216
5.0183
5.09901
5.58915
5.10292
5.05377
5.30484
5.44372
5.29879
5.02365
5.16109
5.2983
5.45015
5.7384
5.45039
5.16242
6.01116
5.38258
5.02719
5.55982
5.88515
5.29568
5.59159
6.1697
5.58763
5.0235
5.1988
5.89709
5.63561
5.06132
5.11126
5.15488
5.06362
5.1615
5.7317
5.63013
5.73857
5.87927
5.45065
5.30295
5.29717
5.16508
4.97064
5.99059
5.06241
5.58874
5.29391
5.25896
6.16304
5.16111
5.30063
5.15988
5.49032
5.16666
5.67497
5.16303
5.05727
5.16105
5.63372
5.27125
5.06086
5.43797
5.58262
5.24166
5.88053
4.92658
5.48608
5.34239
5.25368
5.0232
5.29899
5.86725
5.1626
5.4889
5.16104
5.01648
5.72246
5.17328
5.7263
5.29115
5.31077
5.16603
4.69226
5.40225
5.58814
5.58756
5.59423
5.05978
5.16627
5.21824
5.06319
5.29748
4.92537
5.59348
5.04135
5.43567
5.12371
5.0608
4.92143
5.44207
5.58983
5.23925
5.58542
5.19902
5.17266
5.18817
5.15774
5.29545
4.91848
5.4433
5.2392
6.16339
5.05231
5.0339
5.29614
5.63267
5.29966
5.44543
5.58317
5.60671
4.92149
5.73038
5.31295
5.25607
5.73359
4.96612
5.29892
4.91755
5.59148
5.59034
5.06203
5.15344
5.19552
5.03434
5.57767
5.15732
5.06219
5.15409
5.16421
4.96674
5.1974
5.15627
5.45738
4.64161
5.87116
5.73047
5.30343
5.06316
5.58414
5.15418
5.15698
5.1586
4.96487
4.64767
5.44977
4.92339
5.15763
5.59156
5.04072
5.29751
6.17888
4.7887
5.03686
