9.7887
8.0735
8.29372
8.24505
8.02299
8.23479
8.28071
8.42204
8.28792
8.55645
8.49748
8.64653
8.47679
8.61331
8.58902
8.06693
8.4718
8.40981
7.98927
8.42602
8.10406
8.6368
8.13466
8.29443
8.20399
8.56607
8.33386
8.44551
8.25357
9.29439
8.25097
8.46206
8.448
8.1629
8.56959
8.60103
8.55466
8.19361
8.44919
8.16042
8.4295
8.21701
8.17789
8.48108
7.96523
8.56959
8.60897
8.11895
10.0265
8.55894
9.53639
8.77371
8.14461
8.16047
7.81829
8.05295
8.03239
8.39206
8.61782
9.48913
8.55466
8.17823
8.05867
8.4689
8.20589
8.03587
8.01008
8.37865
8.02066
8.26133
8.57461
8.19812
8.23602
8.40546
8.15699
8.68397
8.38711
8.24305
8.23151
7.96403
7.95423
8.02321
8.13586
8.12443
8.25021
8.56311
8.52867
7.74387
8.2113
8.62009
8.39201
8.56578
8.02383
8.27012
8.35636
8.56578
8.15274
7.9851
8.10584
9.78559
8.04657
7.81021
8.08729
8.02401
8.29384
7.9428
8.28509
10.2838
8.06514
7.92078
8.37599
8.1266
8.07222
8.11156
7.81811
8.05412
8.36816
7.93951
8.56211
8.63219
8.51539
8.15802
8.40981
8.21621
8.20915
7.96257
7.95577
8.06725
8.13729
8.02518
8.30012
8.21372
7.98606
8.01125
8.20915
8.14841
7.98211
8.06353
8.06386
8.00105
8.09634
8.15819
7.89633
7.90955
8.51647
7.84746
8.29992
7.97616
7.85068
7.99149
8.3921
8.13586
7.84312
7.90949
8.09182
9.96701
7.87897
8.19676
8.15986
8.01332
7.98838
8.07088
8.0546
8.48396
7.85895
7.89611
8.02925
8.20018
8.49283
8.20481
8.13555
8.37564
8.08336
7.74863
8.058
7.92773
8.02157
8.04858
8.14806
8.28683
8.31348
7.97616
7.9553
8.27948
7.93492
8.01722
8.01077
9.25683
8.06375
9.30399
8.32349
8.26632
7.79343
7.9983
7.93492
8.47591
8.06069
8.40564
8.31685
8.03334
8.63755
7.70977
9.61011
8.08465
8.06724
7.88177
7.78354
8.4559
7.92328
8.46979
7.95516
8.4142
8.12343
8.05385
8.02813
8.15505
7.90079
7.96524
8.46721
8.03762
8.10967
7.7737
8.04092
7.93236
8.51398
7.94093
8.11532
8.25021
7.91094
8.10485
9.24132
7.89275
9.28385
7.96836
8.06559
7.67308
7.94208
7.8318
7.79141
8.33057
8.05127
7.93614
8.47324
8.20915
8.23741
7.91205
7.89716
8.00114
8.34636
7.75814
8.39054
8.29633
8.3746
7.88299
7.85298
8.01013
7.98045
8.42211
9.40351
8.1359
7.8661
8.05975
8.21077
8.6413
8.46022
8.01713
8.0021
7.92549
7.95329
8.00228
8.12771
7.79434
8.47265
8.34025
8.15961
8.25253
8.53094
8.01085
7.94337
8.05573
7.96901
7.9553
8.20447
7.64368
8.22904
8.10845
8.10296
8.07264
7.92328
8.08502
8.01686
7.91184
7.98939
7.97902
7.91136
7.8833
8.40716
8.35779
