8.73795
8.74072
8.85788
8.74701
8.81338
8.77743
8.80164
8.805
8.71881
8.88906
8.8006
8.7772
8.76105
8.80485
8.79335
8.85055
8.6918
8.81827
8.83299
8.81809
8.75084
8.89699
8.80386
8.83027
8.82004
8.7564
8.89111
8.84283
8.9469
8.73344
8.73795
8.96665
8.74848
8.90822
8.83418
8.86238
8.81287
8.70315
8.78636
8.80425
8.72709
8.89499
8.74583
8.79349
8.75987
8.76377
8.8006
8.8642
8.88538
8.7872
8.84702
8.76419
8.82484
8.86486
8.7922
8.8918
8.74988
8.69982
8.80952
8.78188
8.7778
8.72876
8.98834
8.7395
8.83046
8.84675
8.78009
8.82255
8.8472
8.81483
8.78967
8.73603
8.84164
8.78865
8.75796
8.72211
8.87429
8.75359
8.75114
8.79393
8.9169
8.69107
8.75359
8.6938
8.8006
8.90673
8.80704
8.8055
8.77092
8.72292
8.81698
8.8006
8.75509
8.66927
8.74829
8.6952
8.84522
8.8006
8.73963
8.81197
8.78999
8.79894
8.77482
8.71721
8.79508
8.82134
8.86286
8.87109
8.85281
8.7066
8.70007
8.75344
8.87364
8.93687
8.81292
8.85275
8.83583
8.80399
8.77157
8.8006
8.84143
8.82893
8.84469
8.71721
8.76792
8.69769
8.82406
8.80596
8.77923
8.79531
8.73144
8.71369
8.81755
8.75391
8.77111
8.78738
8.78814
8.75166
8.83977
8.71721
8.80304
8.83129
8.72211
8.7074
8.73364
8.81811
8.7855
8.75645
8.81483
8.70514
8.73991
8.77801
8.79354
8.7821
8.70572
8.79862
8.74077
8.71721
8.7199
8.75715
8.84875
8.85802
8.79203
8.78404
8.73579
8.73995
8.75035
8.82938
8.78877
8.76721
8.76381
8.78182
8.76925
8.77742
8.73089
8.90356
8.73741
8.74988
8.72304
8.78105
8.75302
8.78405
8.74768
8.73515
8.70347
8.69698
8.81672
8.7732
8.80152
8.8043
8.7631
8.74413
8.86695
8.85665
8.74299
8.72755
8.81353
8.79301
8.67451
8.7965
8.78106
8.718
8.80274
8.73986
8.87658
8.80573
8.71721
8.72328
8.78837
8.81963
8.82305
8.78674
8.75695
8.73575
8.68496
8.7491
8.86575
8.83387
8.63521
8.71721
8.84419
8.80847
8.70347
8.7998
8.7066
8.81048
8.66207
8.82335
8.66229
8.7561
8.82476
8.77037
8.8566
8.78934
8.74497
8.81809
8.7816
8.75745
8.74384
8.78551
8.89179
8.78877
8.74177
8.73248
8.78161
8.80425
8.75948
8.78442
8.72412
8.81946
8.66202
8.74247
8.83754
8.71192
8.81394
8.71313
8.7484
8.7574
8.75862
8.81102
8.79609
8.8466
8.77793
8.71815
8.80318
8.76588
8.73425
8.77227
8.82787
8.73521
8.74077
8.78519
8.81063
8.84647
8.73991
8.76925
8.79157
8.84503
8.80068
8.87442
8.72613
8.71192
8.71369
8.56387
8.76525
8.71192
8.86371
8.72111
8.80957
8.71908
8.75732
8.72844
8.80547
8.81963
8.76718
8.76067
8.75542
8.71815
