3241
3177
3250
3268
3232
3202
3242
3269
3259
3207
3165
3237
3267
3217
3346
3256
3257
3271
3243
3207
3185
3191
3253
3261
3292
3156
3152
3175
3218
3190
3273
3165
3264
3218
3345
3275
3286
3207
3170
3251
3237
3266
3184
3132
3246
3226
3199
3176
3271
3175
3161
3216
3216
3216
3248
3263
3219
3234
3165
3199
3165
3165
3183
3292
3158
3202
3187
3287
3238
3229
3249
3266
3266
3204
3182
3180
3222
3193
3141
3230
3249
3217
3247
3147
3263
3209
3257
3181
3112
3187
3307
3160
3189
3024
3223
3214
3201
3196
3164
3170
3179
3237
3159
3225
3147
3260
3207
3202
3232
3243
3300
3196
3190
3176
3241
3174
3240
3186
3166
3262
3106
3189
3253
3104
3226
3214
3160
3199
3198
3131
3184
3163
3169
3211
3178
3148
3219
3240
3247
3129
3199
3201
3248
3212
3147
3064
3243
3231
3181
3195
3180
3186
3219
3152
3216
3082
3145
3225
3241
3245
3200
3151
3260
3144
3115
3183
3134
3140
3183
3150
3136
3274
3135
3197
3210
3204
3180
3159
3311
3269
3222
3233
3126
3268
3116
3080
3125
3161
3146
3210
3264
3165
3244
3082
3228
3209
3159
3182
3188
3133
3088
3144
3161
3121
3210
3236
3212
3124
3127
3131
3101
3212
3194
3185
3142
3125
3177
3178
3113
3065
3134
3145
3231
3243
3149
3092
3072
3148
2882
3188
3177
3107
3081
3099
3229
3183
3048
3193
3120
3130
3110
3091
3183
3147
3113
3137
3196
3102
3183
3206
3085
3240
3114
3135
3215
3168
3174
3121
3131
3128
3222
3020
3157
3136
3215
3143
3179
3048
3111
3136
3203
3035
3104
3126
3124
3128
3070
3185
3130
3127
3073
3100
3140
2874
3125
3116
3005
3130
3075
3224
3142
3163
3000
3161
3015
3199
3123
3145
