8.80691
8.8166
8.53783
8.6033
8.54364
8.86267
8.79534
8.79971
8.5404
8.81998
8.80712
8.54058
8.82379
8.54191
8.78883
8.40004
8.55656
8.889
8.64279
8.52604
8.53791
8.54799
8.52869
8.425
8.53903
8.54887
8.52878
8.67189
8.52677
8.53045
8.53393
8.53739
8.89895
8.55269
8.8205
8.82732
8.79645
8.53749
8.54453
8.89601
8.53396
8.53552
8.55816
8.80245
8.53659
8.53199
8.55268
8.54324
8.52307
8.54032
8.65602
8.53577
8.55512
8.65327
8.79148
8.53806
8.52943
8.54658
8.529
8.53483
8.54665
8.79649
8.5296
8.53934
8.53426
8.62853
8.54001
8.80519
8.82174
8.54001
8.53361
8.53911
9.01558
8.92197
8.54871
8.52032
8.79785
8.54066
8.88643
8.53577
8.42215
8.54631
8.53885
8.53518
8.80828
8.79889
8.66653
8.81926
8.54945
8.54041
8.89436
8.79808
8.54946
8.25866
8.80952
8.5401
8.83113
8.53356
8.55178
8.5382
8.53577
8.54126
8.81398
8.79692
8.53955
8.81021
8.80404
8.80404
8.53879
8.54043
8.79855
8.80254
8.53474
8.626
8.62629
8.9291
8.55192
8.54022
8.79958
8.54559
8.53815
8.54001
8.79559
8.54001
8.52055
8.80438
8.8068
8.55162
8.52595
8.79829
8.53842
8.54321
8.55767
8.80905
8.54378
8.89384
8.54092
8.61936
8.80279
8.64784
8.81591
8.53861
8.53861
8.54148
8.53349
8.80918
8.5248
8.54766
8.54572
8.89657
8.64581
8.53487
8.54648
8.54182
8.64638
8.5431
8.80828
9.01627
8.55322
8.81304
8.81068
9.03939
8.90778
8.41052
8.81544
8.54591
8.81021
8.6582
8.79494
8.81694
8.86036
8.5528
8.8061
8.80918
8.82063
8.79586
8.54484
8.54265
8.53909
8.5591
8.53814
8.81364
8.81227
8.52412
8.54058
8.39199
8.54285
8.54537
8.51905
8.5528
8.8094
8.54499
8.54001
8.67003
8.54251
8.93142
8.54837
8.89119
8.88881
8.55223
8.54174
8.88363
8.54046
8.8109
8.79581
8.80425
8.81501
8.64589
8.52687
8.81235
8.80412
8.74523
8.53237
8.52857
8.88493
8.52968
8.92978
8.54368
8.54638
8.67219
8.52124
8.79986
8.54966
8.89346
8.8151
8.91744
8.53545
8.81797
8.2513
8.73844
8.8085
8.8181
8.79699
8.54468
8.90151
8.53606
8.81304
8.52541
8.7415
8.79739
8.92051
8.54029
8.7304
8.54111
8.54753
8.62759
8.80678
8.79718
8.54295
8.53577
8.81034
8.92806
8.91681
8.79885
8.9253
8.80837
8.73383
8.81158
8.53667
8.5233
8.81638
8.80725
8.79456
8.60536
8.78895
8.54123
8.80391
8.52807
8.54799
9.03037
8.81111
8.53407
9.03174
8.54366
8.54788
8.53131
8.52807
8.80185
8.63044
8.53987
8.5335
8.93415
8.53508
8.26622
8.81261
8.75918
8.53955
8.73552
8.53531
9.0058
8.53883
8.54092
8.38859
8.80391
8.82346
8.53724
8.8157
8.79876
