96.3198
98.2009
97.5532
97.1197
97.4363
97.3386
98.801
97.9661
99.3282
98.0176
97.6977
97.6751
97.9891
97.9866
98.022
95.4964
98.9259
98.0579
98.0208
98.5318
98.316
97.9285
99.4391
96.5935
98.9801
97.7946
97.9731
97.6335
96.6225
98.4917
98.1321
97.2569
96.4202
97.6898
97.5218
97.1355
99.1169
96.6627
96.4804
95.5376
95.8779
97.0492
97.9553
97.4454
98.3114
96.3098
97.8348
96.3089
96.1458
95.9703
95.4105
98.6926
98.0697
98.3007
97.4726
98.2099
99.2643
97.7935
98.5394
98.0139
97.999
97.4537
95.8029
93.322
98.3351
97.1778
97.9716
96.3118
96.1154
97.4088
98.0664
98.0399
95.6893
97.0706
98.0715
97.2688
96.2775
95.3523
96.2192
96.3638
97.7464
95.6043
97.9859
98.1081
96.7873
96.5039
96.3902
97.2936
96.0705
96.9078
98.1787
97.7037
96.1066
94.5498
95.2077
96.5976
97.5208
95.9745
95.4534
95.9371
95.7669
95.9768
95.4082
95.4383
95.5426
96.1439
95.0252
97.6836
95.596
97.5707
95.3702
96.3728
95.1081
95.0644
95.9024
96.6089
97.5142
96.8987
97.958
95.8229
96.0108
96.0555
96.5289
98.8369
96.9761
96.5091
96.4042
97.0523
97.596
97.7638
96.7767
96.2966
98.3149
99.844
97.0262
96.4286
97.0912
97.946
97.9735
96.3044
95.4397
97.2414
96.6314
96.3658
96.6293
96.4454
95.9409
96.4163
97.365
97.2045
96.6374
96.2273
97.8474
94.9879
98.0447
96.2943
96.212
96.7451
94.8995
96.0593
97.328
95.8027
98.6175
97.6661
97.0578
98.4465
96.4436
96.301
98.6118
97.2955
96.3195
96.168
97.4644
96.2514
96.7143
98.6311
96.4739
97.9048
98.038
96.3241
96.3056
96.7522
95.4858
96.0809
96.8385
98.9063
97.2901
96.9413
96.5883
97.1883
97.583
96.5078
98.3821
96.8623
96.853
96.6151
96.8301
97.0546
97.082
94.2755
97.4806
98.123
97.5041
95.6236
96.6054
96.151
96.1213
98.1929
96.6953
95.1591
96.523
97.8818
95.5433
97.1407
96.0466
97.2706
97.6108
96.1015
96.7994
96.3988
96.7183
96.4158
95.4856
95.8462
97.3315
95.0824
96.3325
94.8537
96.1178
97.2284
95.8459
98.5146
94.6835
96.5615
97.4018
96.1065
96.516
97.0335
96.4483
96.1864
95.6718
96.3884
92.829
90
95.9009
97.0936
95.6661
99.7124
95.7579
94.9197
95.1758
97.7767
97.6286
95.2774
95.6718
96.9679
98.4727
98.3091
97.5896
96.9687
99.1536
99.8219
97.5877
100.425
98.0569
97.9937
97.4536
98.5566
98.2712
97.9004
97.8221
96.2994
99.4404
96.7532
99.1808
99.1198
97.2417
98.1095
95.8618
99.4074
97.227
97.7901
98.6808
95.8349
97.287
99.1259
97.939
99.6336
97.6564
97.4825
97.3509
97.4709
98.3388
97.0901
98.7812
98.0092
99.1808
98.4273
