5.07326
5.21004
5.16675
5.30742
4.94752
5.42941
5.0701
5.17496
5.07258
5.21702
5.04102
5.41869
5.18485
5.27956
5.07693
5.31364
4.86027
5.30348
5.16879
5.06635
5.0579
5.30979
4.73815
5.52688
4.74063
5.2094
5.21917
5.3183
5.13962
5.11023
5.07307
5.3115
5.07109
4.59873
5.20158
4.80997
4.86955
5.31856
5.08436
5.9426
5.20142
4.95045
5.19173
5.42986
5.07801
5.07841
5.0772
5.095
5.20744
5.31319
5.17876
5.07719
5.1719
5.08499
5.18789
5.20304
4.7009
5.40428
4.9767
5.19748
5.19146
5.18212
5.82223
6.26791
4.94918
5.30109
5.20021
5.06559
5.17859
5.51493
5.18283
5.20368
5.36632
4.95848
5.18181
5.44748
5.06205
5.41915
5.20096
5.09417
5.29205
5.18644
5.18284
5.18542
5.42584
5.06863
5.0808
5.45269
5.30781
5.47619
4.80405
5.13657
5.27776
5.57517
5.57316
5.06687
5.41908
5.20533
5.41818
5.20803
5.30464
5.30373
5.27911
5.42255
5.41242
5.30681
5.41949
5.31213
5.4064
5.29051
5.4177
5.05905
5.3093
5.57438
5.26175
5.06829
5.09672
4.83814
4.59947
5.2809
4.96235
4.85218
4.84783
5.08426
5.28633
5.03292
5.08296
4.96114
4.84086
4.97519
4.94498
5.25794
4.72696
4.83964
4.97158
5.06199
4.71775
5.07734
5.16421
5.07141
4.86335
4.74453
4.94735
5.08499
4.93354
5.06404
5.19318
5.07398
4.48905
4.95427
5.06397
5.06936
4.57467
5.06733
4.95196
5.04824
4.86557
5.06931
5.06187
4.94774
4.7
5.06323
5.08104
4.62157
4.94913
4.81569
4.59999
4.84768
4.27354
4.69838
5.08528
4.84454
4.67799
5.06323
4.61821
4.17762
5.07622
4.49664
5.22796
5.07195
5.06861
4.62864
5.19745
5.06736
4.85759
4.62968
5.05205
4.8654
4.77844
4.48852
4.40721
4.95193
4.28647
5.05615
4.84871
4.97195
4.8638
4.77167
4.86785
5.60796
5.20044
5.07545
5.18078
5.35621
4.73417
5.29624
4.94253
4.95774
4.83834
5.1812
5.05462
4.59775
5.35273
5.35549
5.19012
4.83209
4.50153
5.10224
4.62288
5.05395
4.71047
4.4978
4.99047
4.95233
4.51101
5.52467
4.93919
5.17004
5.0851
5.28097
4.95249
4.37955
5.37736
4.84662
4.86745
4.93268
4.85132
5.17986
4.94361
4.60028
5.18795
4.83461
5.07118
5.06682
5.14019
5.0902
4.95539
4.95609
4.86191
5.17159
4.96337
4.59182
4.37549
4.9909
5.07899
4.86264
4.33752
4.8672
4.35984
4.88801
4.85345
4.37267
4.95445
4.16433
4.97469
4.31181
4.74713
4.84822
4.64959
4.83021
4.62204
4.72592
4.74126
4.85989
4.76317
4.25824
5.06757
4.73948
4.88749
4.74185
4.51335
4.84156
4.86918
4.83792
4.84032
4.01533
4.89088
4.70962
4.72909
4.37801
4.97179
4.77535
4.73148
4.48208
4.73199
4.98112
4.85539
4.84668
