9.32974
9.3287
9.52443
9.38627
9.39017
9.26571
9.57589
9.43739
9.30905
9.19034
9.27302
9.51186
9.4547
9.25532
9.33753
9.29631
9.35276
9.38787
9.40906
9.29669
9.33114
9.48329
9.41087
9.32534
9.39032
9.41763
9.23885
9.35203
9.47432
9.27491
9.41794
9.32128
9.41228
9.43853
9.36393
9.39831
9.33205
9.35203
9.35675
9.29195
9.3968
9.59226
9.32486
9.53494
9.44766
9.33943
9.31673
9.39061
9.46223
9.31317
9.36886
9.45172
9.31315
9.37603
9.47221
9.38309
9.31181
9.40897
9.31926
9.27752
9.28752
9.24695
9.31262
9.2382
9.18545
9.39634
9.28663
9.35203
9.3523
9.34308
9.44849
9.37507
9.41183
9.29728
9.47334
9.35777
9.48329
9.32671
9.26986
9.26777
9.21451
9.60514
9.40474
9.19344
9.32956
9.38609
9.32931
9.44811
9.27533
9.31072
9.32163
9.33218
9.26658
9.30436
9.42953
9.29792
9.26878
9.35912
9.36002
9.40335
9.39276
9.34747
9.34126
9.38366
9.34182
9.37421
9.33753
9.38202
9.30911
9.38844
9.38202
9.43126
9.36116
9.48096
9.32635
9.31075
9.28439
9.4167
9.42408
9.46218
9.44587
9.36729
9.40524
9.28807
9.56451
9.52638
9.53785
9.37631
9.49733
9.25089
9.38148
9.44807
9.36484
9.42642
9.2792
9.40551
9.55759
9.36705
9.50702
9.3805
9.42568
9.39943
9.39736
9.53431
9.39541
9.73809
9.71034
9.4757
9.43447
9.46821
9.32095
9.62217
9.47418
9.3423
9.45542
9.7396
9.69658
9.47219
9.66857
9.44698
9.37809
9.54244
9.60346
9.43959
9.69003
9.43996
9.597
9.76214
9.56239
9.60436
9.51147
9.60726
9.83206
9.58891
9.76293
9.56394
9.5245
9.42082
9.49101
9.5508
9.59534
9.49041
9.40758
9.34766
9.44741
9.54182
9.5902
9.19213
9.27601
9.37682
9.56613
9.37381
9.38219
9.3347
9.70327
9.19036
9.41568
9.39091
9.4504
9.29173
9.376
9.23499
9.23118
9.33849
9.38447
9.34039
9.31307
9.23326
9.43173
9.32583
9.30723
9.40575
9.33664
9.49145
9.31084
9.33392
9.53515
9.34334
9.29383
9.35133
9.40108
9.35827
9.27733
9.52869
9.47126
9.43216
9.17217
9.32142
9.2682
9.28025
9.55327
9.42819
9.29698
9.56621
9.52542
9.34563
9.21561
9.25865
9.30874
9.21484
9.21501
9.23381
117.442
129.353
9.41024
9.51201
9.34904
9.34824
9.36126
9.32984
9.28062
9.37381
9.47174
9.28203
9.41307
9.35877
9.38407
9.42339
9.38094
9.22387
9.36621
9.28482
9.29802
9.31353
9.28742
9.30648
9.38202
9.46225
9.47119
9.48468
9.28138
9.45902
9.33496
9.46169
9.33625
9.38851
9.536
9.30048
9.35301
9.51201
9.41859
9.25726
9.41541
9.44192
9.3871
9.42371
9.3371
9.38275
9.52061
9.35574
9.47215
9.39448
9.42096
9.52899
9.46442
9.42466
9.28394
9.4869
