10.6905
10.7652
10.767
10.8677
10.7424
10.8046
10.7736
10.9084
10.7798
10.7408
10.9423
10.767
10.8732
10.8564
10.7618
10.8758
10.7652
10.746
10.8094
10.8078
10.7994
10.7652
10.7532
10.8015
10.6859
10.7567
10.7657
10.8604
10.7639
10.7759
10.6918
10.7017
10.65
10.7814
10.7144
10.8547
10.7395
10.7573
10.8402
10.7335
10.7752
10.827
10.816
10.7159
10.759
10.6573
10.7142
10.6006
10.6785
10.97
10.8589
10.7105
10.8242
10.7862
10.8203
10.7847
10.8993
10.7381
10.8905
10.8341
10.8297
10.8047
10.8326
10.8748
10.8677
10.8042
10.841
10.729
10.8493
10.8827
10.7414
10.762
10.7004
10.6076
10.7465
10.8569
10.8442
10.6886
10.6627
10.7481
10.8465
10.5657
10.84
10.7143
10.8809
10.7369
10.7216
10.852
10.7133
10.6772
10.8117
10.4194
10.7465
10.7481
10.7591
10.5604
10.7394
10.7189
10.6133
10.7317
10.7621
10.7698
10.6213
10.7252
10.681
10.6145
10.6795
10.7704
10.6325
10.7999
10.6663
10.7231
10.7168
10.5846
10.6116
10.6606
10.7123
10.7441
10.7216
10.5636
10.6967
10.6364
10.6187
10.8402
10.6837
10.5518
10.6905
10.5933
10.6295
10.811
10.5182
10.5365
10.6504
10.868
10.5946
10.5284
10.821
10.8577
10.8491
10.6196
10.6715
10.6093
10.5434
10.6023
10.6593
10.5336
10.6558
10.6599
10.6294
10.6908
10.6637
10.7159
10.6863
10.5855
10.8417
10.7273
10.6388
10.6131
10.7361
10.5975
10.6755
10.6406
10.7651
10.6863
10.6429
10.8177
10.622
10.6436
10.5496
10.6181
10.6418
10.5157
10.6327
10.6454
10.625
10.6131
10.6088
10.6777
10.7663
10.5706
10.6975
10.7638
10.5139
10.6903
10.6226
10.7927
10.7323
10.6157
10.6617
10.7216
10.5177
10.7107
10.5952
10.7568
10.7015
10.6674
10.5943
10.7094
10.695
10.6474
10.7781
10.7685
10.7161
10.6442
10.6965
10.6063
10.6668
10.6619
10.4998
10.7112
10.7483
10.5971
10.7567
10.7248
10.6824
10.7292
10.7098
10.712
10.8999
10.6468
10.69
10.7162
10.6713
10.558
10.6434
10.6435
10.7009
10.8063
10.6713
10.7282
10.5554
10.5888
10.6252
10.6739
10.5138
10.6576
10.6447
10.5981
10.7186
10.6574
10.6181
10.661
19.2716
16.0228
10.6335
10.5365
10.7492
10.7989
10.7154
10.5684
10.6398
10.684
10.6988
10.8361
10.6087
10.5241
10.6239
10.7699
10.6545
10.7453
10.7043
10.6867
10.6772
10.7162
10.7987
10.6276
10.5037
10.6406
10.7596
10.9171
10.7366
10.6595
10.8413
10.6992
10.7948
10.7095
10.7557
10.653
10.8526
10.5998
10.6062
10.8743
10.6597
10.5855
10.9957
10.751
10.7038
10.6733
10.7778
10.7574
10.6934
10.6604
10.8705
10.903
10.6768
10.6429
10.7487
10.7347
