5531
5744
5607
5982
5677
5707
5837
5814
5816
5728
5720
5611
5842
5647
5706
5652
5719
5686
5889
5702
5649
5795
5791
5698
5701
5618
5667
5782
5683
5671
5675
5756
5587
5575
5666
5623
5651
5709
5695
5531
5715
5632
5608
5717
5731
5658
5684
5464
5678
5616
5564
5644
5571
5611
5676
5677
5568
5706
5560
5579
5612
5600
5628
5607
5513
5496
5627
5477
5514
5651
5717
5572
5579
5372
5404
5558
5541
5640
5440
5498
5457
5526
5606
5561
5494
5483
5289
5430
5416
5444
5387
5277
5275
5311
5358
5296
5263
5376
5290
5222
5442
5127
5313
5390
5325
5302
5231
5206
5121
5297
5229
5410
5249
5275
5207
5196
5276
5329
5097
5171
5062
4902
4953
5158
5195
4965
5230
5081
5094
5171
4894
4946
4998
5013
5125
5036
5223
5125
5329
5125
4785
4917
5020
5010
5098
5034
5018
4923
4992
4864
5054
5173
4793
5026
5024
5138
4905
5012
4877
4717
4974
4961
4966
4934
4934
4916
4724
4792
4921
4732
4826
4932
4715
4942
4763
4942
5004
5019
5012
4759
5169
4867
4812
4887
4910
4971
4838
4837
4747
4863
4722
4804
4689
4952
5035
4814
4755
4843
5045
4639
4681
4874
4663
4798
5112
4984
4844
4930
4865
4879
5048
4840
4934
4852
4768
5023
4844
4900
4804
4966
4807
4578
4864
4735
4985
4807
4855
4537
4837
4882
4848
4755
4835
4818
4600
4909
4828
4750
4902
4742
4816
4904
5076
5689
4859
4713
4723
5017
5000
4718
4736
5023
4918
4738
4688
5000
4976
4812
4930
5002
4900
4966
4927
4922
5011
4832
4805
4906
4855
5017
4728
4873
5037
4869
4883
4657
4805
4736
4603
4963
4854
4781
4806
4767
4958
4761
5015
4717
4610
4879
4822
4749
4964
4988
4994
4851
5036
4913
