7.44122
8.31294
8.02212
8.02228
7.75175
8.21242
8.40616
8.22793
8.61398
8.24278
7.99902
8.32066
8.23686
8.32593
8.11031
7.4067
8.24184
8.34614
8.21513
8.30909
8.215
8.30829
8.31359
8.02397
8.11797
8.15431
8.23489
8.2294
7.63903
8.32795
8.12863
8.03696
7.46788
7.51024
8.03105
7.52766
8.3164
7.83173
7.54701
8.02384
7.42003
7.62809
8.21468
8.23064
8.22153
7.43525
8.02579
7.43896
7.50712
7.60768
7.23571
8.35221
8.24123
8.23233
8.0264
8.31503
8.25661
8.34366
8.2472
8.24812
8.23511
8.00929
8.02403
7.53038
8.13362
8.02234
8.23645
7.43906
7.5034
8.34518
8.22743
8.24396
7.49835
7.58991
8.22981
8.21708
7.44786
7.42194
7.52489
7.49161
8.24293
7.25999
8.22433
8.23824
8.0159
7.51673
7.48232
8.23057
7.58649
8.0633
7.91184
7.95546
7.57719
7.28575
7.5344
7.50975
8.25474
7.44889
7.44463
7.44009
7.47843
7.55883
7.29019
7.4647
7.48535
7.59199
7.29762
8.21829
7.48994
8.1613
7.42304
7.45431
7.22526
7.4504
7.45584
7.53856
7.9227
7.43801
7.59711
7.43546
7.21495
7.10886
7.27839
8.45486
7.90089
7.44077
7.48281
7.58217
7.67591
7.92312
7.44475
7.58316
7.84006
8.6113
7.58311
7.43455
7.41003
8.10837
8.20344
7.41789
6.89577
7.44065
7.3989
7.45064
7.41125
7.444
7.41091
7.47151
7.23688
7.65711
7.54573
7.40792
7.52037
6.91506
8.01663
7.41468
7.18157
7.57976
6.9025
7.19761
7.44571
7.22589
8.34391
7.49839
7.58449
8.02845
6.99926
7.19819
7.46892
7.41708
7.44234
7.1174
7.4642
7.39547
7.1199
7.3996
7.48389
7.46175
8.26872
7.41494
7.43276
7.17742
7.21694
7.34508
7.4054
8.01228
7.79798
7.45021
7.24123
7.193
7.20757
7.39554
7.40884
7.64521
7.42097
7.44617
7.40168
7.42227
7.52527
7.19995
8.03095
8.14945
8.00393
7.4524
7.21145
7.5823
7.23046
8.02787
7.30348
7.11538
7.51261
7.53185
7.44065
8.04264
7.45324
7.56978
7.36363
7.39238
7.2221
7.44194
7.22897
6.90783
7.04013
7.11439
7.24978
7.41789
7.31424
7.0053
7.37266
8.00234
7.11391
7.55008
7.11831
7.30211
7.59911
7.21305
7.28297
7.79501
7.36646
6.91069
7.29706
7.22189
6.97582
5.77109
7.33826
7.71258
7.08837
8.65266
7.02286
6.99096
6.8909
7.51002
7.24141
6.99272
7.18623
7.43506
7.50268
8.01304
7.19912
7.51483
8.30311
8.07289
7.79908
8.10775
8.03189
7.29665
7.49551
8.05019
7.77784
7.86011
7.57194
7.07934
8.34653
7.39377
8.2525
7.69661
7.80099
7.77541
7.11589
8.25426
7.20324
7.81693
8.1242
7.00144
7.65242
7.46936
7.87625
8.33302
7.62683
7.2038
7.73083
7.57127
7.9182
7.19434
8.03055
7.97613
8.3298
8.02746
