179.989
59.5015
44.3082
44.9945
44.9945
45.066
45.9796
45.9169
45.9169
45.9178
46.2352
46.2352
46.2352
46.2352
46.2352
46.2352
46.2352
46.2381
47.4445
47.4445
47.4445
47.4445
47.4445
47.4445
47.4456
47.5185
47.5185
47.5185
47.5185
47.5185
47.5185
47.5185
47.5185
47.5185
47.5185
47.5185
47.5264
47.5264
47.5264
47.6113
47.6113
47.6113
47.6113
47.6113
47.6113
47.6113
47.6113
47.6841
47.6841
47.6841
47.6841
47.6841
47.6841
47.6841
47.6841
47.6841
47.6841
47.6941
47.6941
47.6941
47.6941
47.6941
47.6941
47.6941
47.6941
47.6941
47.6941
47.6941
47.6941
47.6941
47.6941
47.6941
47.6941
47.6941
47.6941
47.6941
47.6941
47.6941
47.6941
47.6941
47.6941
47.6941
47.6941
47.6941
47.6941
47.6941
47.6941
47.6941
47.6941
47.6941
47.6941
47.6941
47.6941
47.6941
47.6941
47.6941
47.6941
47.6941
47.6941
47.6941
47.6941
47.6941
47.6941
47.6941
47.6941
47.6941
47.6941
47.6941
47.6941
47.6941
47.6941
47.6941
47.6941
47.6941
47.6941
47.6941
47.6941
47.6941
47.6941
47.6941
47.6941
47.6941
47.6941
47.6941
47.6941
47.6941
47.6941
47.6941
47.6941
47.6941
47.6941
47.6941
47.6941
47.6941
47.6941
47.6941
47.6941
47.6941
47.6941
47.6941
47.6941
75.7169
75.7193
75.7193
75.7193
75.7193
75.7193
75.7193
75.7193
75.7193
75.7193
75.7193
75.7193
75.7193
75.7193
75.7193
75.7193
75.7193
75.7193
75.7193
75.7193
75.7226
75.7226
75.7226
75.7226
75.7226
75.7226
75.7226
75.7226
75.7226
75.7226
75.7226
75.7226
75.7226
75.7226
75.7226
75.7226
75.7226
75.7226
75.7226
75.7226
75.7226
75.7226
75.7226
75.7226
75.7226
75.7226
75.7226
75.7226
75.7226
75.7226
75.7226
75.7226
75.7226
75.7226
75.7226
75.7226
75.7226
75.7226
75.7226
75.7226
75.7226
75.7226
75.7226
75.7226
75.7226
75.7259
75.7259
75.7259
75.7259
75.7259
75.7259
75.7259
75.7259
75.7259
75.7259
75.7259
75.7259
75.7259
75.7259
75.7259
75.7259
75.7259
75.7259
75.7259
75.7259
75.7259
75.7259
75.7259
75.7259
75.7259
75.7259
75.7259
75.7259
75.7259
75.7259
75.7259
75.7259
75.7259
75.7259
75.7259
75.7259
75.7259
75.7259
75.7259
75.7259
75.7259
75.7259
75.7259
75.7259
75.7259
75.7259
75.7259
75.7259
75.7259
75.7259
75.7259
75.7259
75.7259
75.7259
75.7259
75.7259
75.7259
75.7259
75.7259
75.7259
75.7259
75.7259
75.7259
75.7259
75.7259
75.7259
75.7259
75.7259
75.7259
75.7259
75.7259
75.7259
75.7259
75.7259
75.7259
75.7259
75.7259
75.7259
75.7259
75.7259
75.7259
75.7259
75.7259
75.7259
75.7259
75.7259
75.7259
75.7259
75.7259
