2.81875
3.375
36.2031
36.2359
36.2359
37.0484
37.0484
37.7
37.7
37.7
37.7
37.7
37.7
37.7
37.7
37.7
37.7
37.7
38.075
38.075
38.075
38.075
38.075
38.075
38.075
38.075
38.075
38.075
38.075
38.1
38.1
38.1
38.1
38.1
38.1
38.1
38.1
38.1
38.1
38.1
38.5734
38.5734
38.5734
38.5734
38.5734
38.5734
38.5734
38.5734
38.5734
38.5734
38.5734
38.5734
38.5734
38.5734
38.5734
38.5734
38.5734
38.5734
38.5734
38.5734
38.5734
38.5734
38.5734
38.5734
38.5734
38.5734
38.5734
38.5734
38.5734
38.5734
38.5734
38.5734
38.5734
38.5734
38.5734
38.5734
38.5734
38.5734
38.5734
38.5734
38.5734
38.5734
38.5734
38.5734
38.5734
38.5734
38.5734
38.5734
38.5734
38.5734
38.5734
38.5734
38.5734
38.5734
38.5734
38.5734
38.5734
38.5734
38.5734
38.5734
38.5734
38.5734
38.5734
38.5734
38.5734
38.5734
38.5734
38.5734
38.5734
38.5734
38.5734
38.5734
38.5734
38.5734
38.5734
38.5734
38.5734
38.5734
38.5734
38.5734
38.5734
38.5734
38.5734
38.5734
38.5734
38.5734
38.5734
38.5734
38.5734
38.5734
38.5734
38.5734
38.5734
38.5734
38.5734
38.5734
38.5734
38.5734
38.5734
38.5859
38.5859
54.65
54.65
54.65
54.65
54.65
54.65
54.65
54.65
54.65
54.65
54.65
54.65
54.65
54.65
54.65
54.65
54.65
54.65
54.65
54.65
54.65
54.65
54.65
54.65
54.65
54.65
54.65
54.65
54.65
54.65
54.65
54.65
54.65
54.65
54.65
54.65
54.65
54.65
54.65
54.65
54.65
54.65
54.65
54.65
54.65
54.65
54.65
54.65
54.65
54.65
54.65
54.65
54.65
54.65
54.65
54.65
54.65
54.65
54.65
54.65
54.65
54.65
54.65
54.65
54.65
54.65
54.65
54.65
54.65
54.65
54.65
54.65
54.65
54.65
54.65
54.65
54.65
54.65
54.65
54.65
54.65
54.65
54.65
54.65
54.65
54.65
54.65
54.65
54.65
54.65
54.65
54.65
54.65
54.65
54.65
54.65
54.65
54.65
54.65
54.65
54.65
54.65
54.65
54.65
54.65
54.65
54.65
54.65
54.65
54.65
54.65
54.65
54.65
54.65
54.65
54.65
54.65
54.65
54.65
54.65
54.65
54.65
54.65
54.65
54.65
54.65
54.65
54.65
54.65
54.65
54.65
54.65
54.65
54.65
54.65
54.65
54.65
54.65
54.65
54.65
54.65
54.65
54.65
54.65
54.65
54.65
54.65
54.65
54.65
54.65
54.65
54.65
54.65
54.65
