1.87176
2.42403
16.4245
16.4793
16.4793
16.5191
16.5191
16.5191
16.5191
16.5191
16.7033
16.7033
16.7033
16.7033
16.7033
16.7033
16.7033
16.7033
17.4233
17.4233
17.4233
17.4233
17.4233
17.4233
17.4233
17.4233
17.4233
17.4233
17.4233
17.4233
17.4233
17.4233
17.4233
17.4233
17.4233
17.4233
17.4233
17.4233
17.4233
17.4233
17.4233
17.4233
17.4233
17.4233
17.4233
17.4233
17.4233
17.4233
17.4233
17.4233
17.4233
17.4233
17.4233
17.4233
17.4233
17.4233
17.4233
17.4233
17.4233
17.4233
17.4233
17.4233
17.4233
17.4233
17.4233
17.4233
17.4233
17.4233
17.4233
17.4233
17.4233
17.4233
17.4233
17.4233
17.4233
17.4233
17.4233
17.4233
17.4233
17.4233
17.4233
17.4233
17.4233
17.4233
17.4233
17.4233
17.4233
17.4233
17.4233
17.4233
17.4233
17.4233
17.4233
17.4233
17.4233
17.4233
17.4233
17.4233
17.4233
17.4233
17.4233
17.4233
17.4233
17.4233
17.4233
17.4233
17.4233
17.4233
17.4233
17.4233
17.4233
17.4233
17.4233
17.4233
17.4233
17.4233
17.4233
17.4233
17.4233
17.4233
17.4233
17.4233
17.4233
17.4233
17.4233
17.4233
17.4233
17.4233
17.4233
17.4233
17.4233
17.4233
17.4233
17.4233
17.4233
17.4233
17.4233
17.4233
17.4233
17.4233
17.4233
62.2872
62.2872
62.2872
62.2872
62.2872
62.2872
62.2872
62.2872
62.2872
62.2872
62.2872
62.2872
62.2872
62.2872
62.2872
62.2872
62.2872
62.2872
62.2872
62.2872
62.3021
62.3021
62.3021
62.3021
62.3021
62.3021
62.3021
62.3021
62.3021
62.3021
62.3021
62.3021
62.3021
62.3021
62.3021
62.3021
62.3021
62.3021
62.3021
62.3021
62.3021
62.3021
62.3021
62.3021
62.3021
62.3021
62.3021
62.3021
62.3021
62.3021
62.3021
62.3021
62.3021
62.3021
62.3021
62.3021
62.3021
62.3021
62.3021
62.3021
62.3021
62.3021
62.3021
62.3021
62.3021
62.3171
62.3171
62.3171
62.3171
62.3171
62.3171
62.3171
62.3171
62.3171
62.3171
62.3171
62.3171
62.3171
62.3171
62.3171
62.3171
62.3171
62.3171
62.3171
62.3171
62.3171
62.3171
62.3171
62.3171
62.3171
62.3171
62.3171
62.3171
62.3171
62.3171
62.3171
62.3171
62.3171
62.3171
62.3171
62.3171
62.3171
62.3171
62.3171
62.3171
62.3171
62.3171
62.3171
62.3171
62.3171
62.3171
62.3171
62.3171
62.3171
62.3171
62.3171
62.3171
62.3171
62.3171
62.3171
62.3171
62.3171
62.3171
62.3171
62.3171
62.3171
62.3171
62.3171
62.3171
62.3171
62.3171
62.3171
62.3171
62.3171
62.3171
62.3171
62.3171
62.3171
62.3171
62.3171
62.3171
62.3171
62.3171
62.3171
62.3171
62.3171
62.3171
62.3171
62.3171
62.3171
62.3171
62.3171
62.3171
62.3171
