322
453
624
442
302
405
437
644
324
545
474
544
319
418
371
384
385
364
742
663
473
651
729
454
516
762
307
466
690
422
597
361
318
580
826
443
434
806
529
523
321
357
462
370
589
330
364
522
456
384
632
491
524
627
364
473
621
422
325
447
472
515
534
324
430
764
475
500
500
479
432
337
494
304
374
385
368
531
319
425
437
326
385
529
358
466
428
302
438
331
314
531
459
428
505
612
334
345
304
352
414
324
374
414
380
447
410
319
401
399
417
351
446
350
808
417
325
378
824
641
353
367
707
310
405
493
528
639
331
352
438
753
510
712
486
507
471
389
723
452
553
791
357
496
624
321
548
487
364
404
666
784
666
510
409
393
728
389
428
540
480
566
466
336
517
585
754
590
481
512
516
462
478
760
729
570
380
474
326
721
667
497
363
624
458
472
550
522
768
637
533
323
507
617
575
417
463
479
503
592
442
640
512
447
413
470
476
952
588
522
404
621
339
671
461
777
967
606
743
903
449
471
434
524
349
517
489
686
605
624
577
799
536
913
612
501
702
469
395
453
758
535
579
425
818
429
348
587
836
479
662
564
476
565
327
682
843
592
781
364
423
490
605
687
373
362
683
459
720
633
575
648
1039
813
697
711
601
907
590
747
988
462
413
842
709
915
820
604
533
663
531
472
959
813
690
