20000
0.52922
2.35173
3.03892
3.03892
3.04162
4.07642
4.07642
4.07642
4.07744
4.07744
4.07744
4.07744
4.07744
4.07744
4.07744
4.07744
4.08066
4.08066
4.08066
4.08066
4.08066
4.08066
4.08066
4.08195
4.16352
4.16352
4.16352
4.16352
4.16352
4.16352
4.16352
4.16352
4.16352
4.16352
4.16352
4.17239
4.17239
4.17239
4.26712
4.26712
4.26712
4.26712
4.26712
4.26712
4.26712
4.26712
4.34819
4.34819
4.34819
4.34819
4.34819
4.34819
4.34819
4.34819
4.34819
4.34819
4.35935
4.35935
4.35935
4.35935
4.35935
4.35935
4.35935
4.35935
4.35935
4.35935
4.35935
4.35935
4.35935
4.35935
4.35935
4.35935
4.35935
4.35935
4.35935
4.35935
4.35935
4.35935
4.35935
4.35935
4.35935
4.35935
4.35935
4.35935
4.35935
4.35935
4.35935
4.35935
4.35935
4.35935
4.35935
4.35935
4.35935
4.35935
4.35935
4.35935
4.35935
4.35935
4.35935
4.35935
4.35935
4.35935
4.35935
4.35935
4.35935
4.35935
4.35935
4.35935
4.35935
4.35935
4.35935
4.35935
4.35935
4.35935
4.35935
4.35935
4.35935
4.35935
4.35935
4.35935
4.35935
4.35935
4.35935
4.35935
4.35935
4.35935
4.35935
4.35935
4.35935
4.35935
4.35935
4.35935
4.35935
4.35935
4.35935
4.35935
4.35935
4.35935
4.35935
4.35935
4.35935
4.36486
4.36486
4.36486
4.36486
4.36486
4.36486
4.36486
4.36486
4.36486
4.36486
4.36486
4.36486
4.36486
4.36486
4.36486
4.36486
4.36486
4.36486
4.36486
4.36486
4.36486
4.36486
4.36486
4.36486
4.36486
4.36486
4.36486
4.36486
4.36486
4.36486
4.36486
4.36486
4.36486
4.36486
4.36486
4.36486
4.36486
4.36486
4.36486
4.36486
4.36486
4.36486
4.36486
4.36486
4.36486
4.36486
4.36486
4.36486
4.36486
4.36486
4.36486
4.36486
4.36486
4.36486
4.36486
4.36486
4.36486
4.36486
4.36486
4.36486
4.36486
4.36486
4.36486
4.36486
4.36486
4.36486
4.36486
4.36486
4.36486
4.36486
4.36486
4.36486
4.36486
4.36486
4.36486
4.36486
4.36486
4.36486
4.36486
4.36486
4.36486
4.36486
4.36486
4.36486
4.36486
4.36486
4.36486
4.36486
4.36486
4.36486
4.36486
4.36486
4.36486
4.36486
4.36486
4.36486
4.36486
4.36486
4.36486
4.36486
4.36486
4.36486
4.36486
4.36486
4.36486
4.36486
4.36486
4.36486
4.36486
4.36486
4.36486
4.36486
4.36486
4.36486
4.36486
4.36486
4.36486
4.36486
4.36486
4.36486
4.36486
4.36486
4.36486
4.36486
4.36486
4.36486
4.36486
4.36486
4.36486
4.36486
4.36486
4.36486
4.36486
4.36486
4.36486
4.36486
4.36486
4.36486
4.36486
4.36486
4.36486
4.36486
4.36486
4.36486
4.36486
4.36486
4.36486
4.36486
4.36486
4.36486
4.36486
4.36486
4.36486
