77.0704
79.2987
90
90
90
90
90
90
90
90
90
90
90
90
90
90
90
90
90
90
90
90
90
90
90
90
90
90
90
90
90
90
90
47.0212
47.0212
47.0212
47.0212
47.0212
47.0213
47.0213
47.0213
47.0213
47.0213
47.0213
47.0213
47.0213
47.0213
47.0213
47.0213
47.0213
47.0213
47.0213
47.0213
47.0557
47.0557
47.0557
47.0557
47.0557
47.0557
47.0557
47.0557
47.0557
47.0557
47.1016
47.1016
47.1016
47.1016
47.1016
47.1016
47.1016
47.1016
47.1016
47.1016
47.1264
47.1264
47.1264
47.1264
47.1264
47.1264
47.1264
47.1264
47.1264
47.1264
47.1264
47.1264
47.1264
47.1264
47.1264
47.1264
47.1264
47.1264
47.1264
47.1264
47.1264
47.1264
47.1417
47.1417
47.1417
47.1417
47.1417
47.1417
47.1417
47.1417
47.1417
47.1417
47.1417
47.1417
47.1417
47.1417
47.1417
47.1417
47.1417
47.1417
47.1417
47.1417
47.1417
47.1417
47.1417
47.1417
47.1417
47.1417
47.1417
47.1417
47.1417
47.1417
47.1417
47.1417
47.1417
47.1417
47.1417
47.1417
47.1417
47.1417
47.1417
47.1417
47.1417
47.1417
47.1417
47.1417
47.1417
47.1417
47.1417
47.1417
47.1417
47.1417
47.1417
47.1417
47.1417
47.1417
47.1417
47.1155
47.1155
47.1155
47.1155
47.1155
47.1155
47.2014
47.2014
47.2014
47.2014
47.2014
47.2014
47.2014
47.2014
47.2014
47.2014
47.2014
47.2014
47.2014
47.2014
47.2014
47.2014
47.2014
47.2014
47.2014
47.2014
47.2014
47.2014
47.2014
47.2014
47.2014
47.2014
47.2014
47.2014
47.2014
47.2014
47.2014
47.2014
47.2014
47.2014
47.2014
47.2014
47.2014
47.2014
47.2014
47.2014
47.2014
47.2014
47.2014
47.2014
47.2014
47.2014
47.2014
47.2014
47.2014
47.2014
47.2014
47.2014
47.2014
47.2014
47.2014
47.2014
47.2014
47.2014
47.2014
47.2014
47.2014
47.2014
47.2014
47.2014
47.2014
47.2014
47.2014
47.2014
47.2014
47.2014
47.2014
47.2014
47.2014
47.2014
47.2014
47.2014
47.2014
47.2014
47.2014
47.2014
47.2014
47.2014
47.2014
47.2014
47.2014
47.2014
47.2014
47.2014
47.2014
47.2014
47.2014
47.2014
47.2014
47.2014
47.2014
47.2014
47.2014
47.2014
47.2014
47.2014
47.2014
47.2014
47.2014
47.2014
47.2014
47.2014
47.2014
47.2014
47.2014
47.2014
47.2014
46.7969
46.7969
46.7969
46.7969
46.7969
46.7969
46.7969
46.7969
46.7969
46.7969
46.7969
46.7969
46.7969
46.7969
46.7969
46.7969
46.7969
46.7969
46.7969
46.7969
46.7969
46.7969
46.7969
46.7969
46.7969
