4.53728
4.73113
4.83412
4.83412
4.83412
4.83412
4.83412
5.02351
5.02351
5.02351
5.02351
5.02351
5.02357
5.02357
5.02357
5.02357
5.02357
5.02357
5.02357
5.02357
5.02357
5.02357
5.02357
5.02357
5.02357
5.02357
5.02357
5.02357
5.02357
5.02357
5.02357
5.02357
5.02357
36.262
36.262
36.262
36.262
36.262
36.262
36.262
36.262
36.262
36.262
36.262
36.262
36.262
36.262
36.262
36.262
36.262
36.262
36.262
36.262
36.262
36.262
36.262
36.262
36.262
36.262
36.262
36.262
36.262
36.262
36.262
36.262
36.262
36.262
36.262
36.262
36.262
36.262
36.262
36.262
36.262
36.262
36.262
36.262
36.262
36.262
36.262
36.262
36.262
36.262
36.262
36.262
36.262
36.262
36.262
36.262
36.262
36.262
36.262
36.262
36.262
36.262
36.262
36.262
36.262
36.262
36.262
36.262
36.262
36.262
36.262
36.262
36.262
36.262
36.262
36.262
36.262
36.262
36.262
36.262
36.262
36.262
36.262
36.262
36.262
36.262
36.262
36.262
36.262
36.262
36.262
36.262
36.262
36.262
36.262
36.262
36.262
36.262
36.262
36.262
36.262
36.262
36.262
36.262
36.262
36.262
36.262
36.262
36.262
36.262
36.262
36.262
36.262
36.262
36.262
36.262
36.262
36.2902
36.2902
36.2902
36.2902
36.2902
36.2902
36.2902
36.2902
36.2902
36.2902
36.2902
36.2902
36.2902
36.2902
36.2902
36.2902
36.2902
36.2902
36.2902
36.2902
36.2902
36.2902
36.2902
36.2902
36.2902
36.2902
36.2902
36.2902
36.2902
36.2902
36.2902
36.2902
36.2902
36.2902
36.2902
36.2902
36.2902
36.2902
36.2902
36.2902
36.2902
36.2902
36.2902
36.2902
36.2902
36.2902
36.2902
36.2902
36.2902
36.2902
36.2902
36.2902
36.2902
36.2902
36.2902
36.2902
36.2902
36.2902
36.2902
36.2902
36.2902
36.2902
36.2902
36.2902
36.2902
36.2902
36.2902
36.2902
36.2902
36.2902
36.2902
36.2902
36.2902
36.2902
36.2902
36.2902
36.2902
36.2902
36.2902
36.2902
36.2902
36.2902
36.2902
36.2902
36.2902
36.2902
36.2902
36.2902
36.2902
36.2902
36.2902
36.2902
36.2902
36.2902
36.2902
36.2902
36.2902
36.2902
36.2902
36.2902
36.2902
36.2902
36.2902
36.2902
36.2902
36.2902
36.2902
36.2902
36.2902
36.2902
36.2902
36.2902
36.2902
36.2902
36.2902
36.2902
36.2902
36.7269
36.7269
36.7269
36.7269
36.7269
36.7269
36.7269
36.7269
36.7269
36.7269
36.7269
36.7269
36.7269
36.7269
36.7269
36.7269
36.7269
36.7269
36.7269
36.7269
36.7269
36.7269
36.7269
36.7269
36.7269
