6.7
6.7
6.8
6.8
6.8
6.8
6.8
6.8
6.8
6.8
6.8
6.8
6.8
6.8
6.8
6.8
6.8
6.8
6.8
6.8
6.8
6.8
6.8
6.8
6.8
6.8
6.8
6.8
6.8
6.8
6.8
6.8
6.8
39.25
39.25
39.25
39.25
39.25
39.25
39.25
39.25
39.25
39.25
39.25
39.25
39.25
39.25
39.25
39.25
39.25
39.25
39.25
39.25
39.25
39.25
39.25
39.25
39.25
39.25
39.25
39.25
39.25
39.25
39.25
39.25
39.25
39.25
39.25
39.25
39.25
39.25
39.25
39.25
39.25
39.25
39.25
39.25
39.25
39.25
39.25
39.25
39.25
39.25
39.25
39.25
39.25
39.25
39.25
39.25
39.25
39.25
39.25
39.25
39.25
39.25
39.25
39.25
39.25
39.25
39.25
39.25
39.25
39.25
39.25
39.25
39.25
39.25
39.25
39.25
39.25
39.25
39.25
39.25
39.25
39.25
39.25
39.25
39.25
39.25
39.25
39.25
39.25
39.25
39.25
39.25
39.25
39.25
39.25
39.25
39.25
39.25
39.25
39.25
39.25
39.25
39.25
39.25
39.25
39.25
39.25
39.25
39.25
39.25
39.25
39.25
39.25
39.25
39.25
39.25
39.25
39.25
39.25
39.25
39.25
39.25
39.25
39.25
39.25
39.25
39.25
39.25
39.25
39.25
39.25
39.25
39.25
39.25
39.25
39.25
39.25
39.25
39.25
39.25
39.25
39.25
39.25
39.25
39.25
39.25
39.25
39.25
39.25
39.25
39.25
39.25
39.25
39.25
39.25
39.25
39.25
39.25
39.25
39.25
39.25
39.25
39.25
39.25
39.25
39.25
39.25
39.25
39.25
39.25
39.25
39.25
39.25
39.25
39.25
39.25
39.25
39.25
39.25
39.25
39.25
39.25
39.25
39.25
39.25
39.25
39.25
39.25
39.25
39.25
39.25
39.25
39.25
39.3125
39.3125
39.3125
39.3125
39.3125
39.3125
39.3125
39.3125
39.3125
39.3125
39.3125
39.3125
39.3125
39.3125
39.3125
39.3125
39.3125
39.3125
39.3125
39.3125
39.3125
39.3125
39.3125
39.3125
39.3125
39.3125
39.3125
39.3125
39.3125
39.3125
39.3125
39.3125
39.3125
39.3125
39.3125
39.3125
39.3125
39.3125
39.3125
39.3125
39.3125
40.2891
40.2891
40.2891
40.2891
40.2891
40.2891
40.2891
40.2891
40.2891
40.2891
40.2891
40.2891
40.2891
40.2891
40.2891
40.2891
40.2891
40.2891
40.2891
40.2891
40.2891
40.2891
40.2891
40.2891
40.2891
