2.67139
2.67139
2.95515
2.95515
2.95515
2.95515
2.95515
2.95515
2.95515
2.95515
2.95515
2.95515
2.95515
2.95515
2.95515
2.96511
3.01489
3.01489
3.05472
3.05472
3.05472
3.05472
3.05472
3.12441
3.12441
3.12441
3.12441
3.12441
3.12441
3.1493
3.1493
3.1493
3.1493
16.5116
16.5116
16.5116
16.5116
16.5116
16.5116
16.5116
16.5116
16.5116
16.5116
16.5116
16.5116
16.5116
16.5116
16.5116
16.5116
16.5116
16.5116
16.5116
16.5116
16.5315
16.5315
16.5315
16.5315
16.5315
16.5315
16.5315
16.5315
16.5315
16.5315
16.5315
16.5315
16.5315
16.5315
16.5315
16.5315
16.5315
16.5315
16.5315
16.5315
16.5315
16.5315
16.5315
16.5315
16.5315
16.5315
16.5315
16.5315
16.5315
16.5315
16.5315
16.5315
16.5315
16.5315
16.5315
16.5315
16.5315
16.5315
16.5315
16.5315
16.5315
16.5315
16.5404
16.5404
16.5404
16.5404
16.5404
16.5404
16.5404
16.5404
16.5404
16.5404
16.5404
16.5404
16.5404
16.5404
16.5404
16.5404
16.5404
16.5404
16.5404
16.5404
16.5404
16.5404
16.5404
16.5404
16.5404
16.5404
16.5404
16.5404
16.5404
16.5404
16.5404
16.5404
16.5404
16.5404
16.5404
16.5404
16.5404
16.5404
16.5404
16.5404
16.5404
16.5404
16.5404
16.5404
16.5404
16.5404
16.5404
16.5404
16.5404
16.5404
16.5404
16.5404
16.5404
16.5404
16.5404
16.5404
16.5404
16.5404
16.5404
16.5404
16.5404
16.5404
16.5404
16.5404
16.5404
16.5404
16.5404
16.5404
16.5404
16.5404
16.5404
16.5404
16.5404
16.5404
16.5404
16.5404
16.5404
16.5404
16.5404
16.5404
16.5404
16.5404
16.5404
16.5404
16.5404
16.5404
16.5404
16.5404
16.5404
16.5404
16.5404
16.5404
16.5404
16.5404
16.5404
16.5404
16.5404
16.5404
16.5404
16.5404
16.5404
16.5404
16.5404
16.5404
16.5404
16.5404
16.5404
16.5404
16.5404
16.5404
16.5404
16.5404
16.5404
16.5404
16.5404
16.5404
16.5404
16.5404
16.5404
16.5404
16.5404
16.5404
16.5404
16.5404
16.5404
16.5404
16.5404
16.5404
16.5404
16.5404
16.5404
16.5404
16.5404
16.5404
16.5404
16.5404
16.5404
16.5404
16.5404
16.5404
16.5404
16.5404
16.5404
16.5404
16.5404
16.5404
16.5404
16.5404
16.5404
16.5404
16.5404
16.5404
16.5404
16.5404
16.5404
16.5404
16.5404
16.5404
16.5404
16.5404
16.5404
16.5404
16.5404
16.5404
16.5404
16.5404
16.5404
16.5404
16.5404
16.5404
16.5404
16.5404
16.5404
16.5404
16.5404
16.5404
16.5404
16.5404
16.5404
16.5404
16.5404
16.5404
16.5404
16.5404
16.5404
16.5404
16.5404
16.5404
16.5404
16.5404
16.5404
16.5404
16.5404
16.5404
16.5404
16.5404
16.5404
