1285
1253
1474
1363
1022
1069
1153
1002
1248
1008
942
1019
1189
1266
1127
1345
1340
1426
1462
1442
1427
1275
1441
1462
1333
1455
1404
1463
1373
1440
1483
1415
1355
1702
1346
1252
1411
1451
1399
1396
1375
1337
1150
1310
1033
1008
1158
1023
1061
1143
1058
1310
1313
1298
1187
1314
1397
1368
1423
1381
1370
1448
1363
1292
1394
1369
1214
1173
1120
1212
1132
867
920
821
622
590
692
939
680
542
555
449
494
461
455
427
376
436
414
415
375
405
381
345
353
710
373
373
359
364
376
432
430
390
455
368
456
372
521
393
472
417
531
501
523
626
491
561
528
605
707
806
617
835
639
825
806
845
799
717
885
893
783
961
811
775
942
958
1028
931
981
860
804
647
772
926
967
971
1027
774
1387
1022
1019
1045
1102
1020
1019
1057
1071
1002
970
1053
910
962
904
887
1019
1051
987
877
937
976
925
842
931
853
840
1026
902
962
980
1060
1035
990
973
1035
1001
1042
1071
1119
1069
1077
1116
1092
1060
1096
1127
1117
1073
1090
1059
1057
1138
1115
1126
1195
1122
1075
1133
1110
1176
1174
1236
1173
1107
1185
1097
1134
1026
1202
1147
1215
1146
1268
1172
1205
1307
1191
1092
1202
1301
1224
1126
1243
1241
1122
1120
1106
1106
1165
1110
1100
1203
1143
1152
1153
1121
1020
1062
1050
1036
1115
1064
1112
1090
976
944
1071
1096
1147
1087
1074
1064
1069
973
1002
1138
1290
1038
907
1156
998
1130
1206
1028
1106
1187
1059
1113
1068
1075
1056
1113
1037
1014
1125
1112
1174
1088
879
956
738
