3.31072
3.72147
5.19677
5.19677
5.19677
5.19677
5.19677
5.19677
5.19677
5.19677
5.19677
5.20987
5.20987
5.20987
5.20987
5.20987
5.3927
5.3927
5.39345
5.39345
5.39345
5.39345
5.39345
5.48632
5.48632
5.48632
5.48632
5.48632
5.48632
5.48689
5.48689
5.48689
5.49017
5.49017
5.49017
5.49017
5.49017
5.49017
5.49032
5.49032
5.49032
5.49032
5.49032
5.49032
5.49032
5.49032
5.49032
5.49032
5.49032
5.49032
5.49032
5.49032
5.49032
5.49032
5.49032
5.49032
5.49032
5.49032
5.49032
5.49032
5.49032
5.49032
5.49032
5.53964
5.53964
5.53964
5.53964
5.53964
5.53964
5.53964
5.53964
5.53964
5.53964
5.56633
5.56633
5.56633
5.56633
5.56633
5.56633
5.56633
5.56633
5.56633
5.56633
5.56633
5.56633
5.56633
5.56633
5.56633
5.56633
5.56633
5.56633
5.56633
5.56633
5.56633
5.56633
5.56633
5.56633
5.56633
5.56633
5.56633
5.56633
5.56633
5.56633
5.56633
5.56633
5.56633
5.56633
5.56633
5.56633
5.56633
5.56633
5.56633
5.56633
5.56633
5.56633
5.56633
5.56633
5.56633
5.56633
5.56633
5.56633
5.56633
5.56633
5.56633
5.56633
5.56633
5.56633
5.56633
5.56633
5.56633
5.56633
5.56633
5.56633
5.56633
5.56633
5.56633
5.56633
5.56633
5.56633
5.56633
5.56633
5.56633
5.56633
5.56633
5.56633
5.56633
5.56633
5.56633
5.56633
5.56633
5.56633
5.56633
5.56633
5.56633
5.56633
5.56633
5.65862
5.65862
5.65862
5.65862
5.65862
5.65862
5.65862
5.65862
5.65862
5.65862
5.65862
5.65862
5.65862
5.65862
5.65862
5.65862
5.65862
5.65862
5.65862
5.65862
5.65862
5.65862
5.65862
5.65862
5.65862
5.65862
5.65862
5.65862
5.65862
5.65862
5.65862
5.65862
5.65862
5.65862
5.65862
5.65862
5.65862
5.65862
5.65862
5.65862
5.65862
5.65862
5.65862
5.65862
5.65862
5.65862
5.65862
5.65862
5.65862
5.65862
5.65862
5.65862
5.65862
5.65862
5.65862
5.65862
5.65862
5.65862
5.65862
5.65862
5.65862
5.65862
5.65862
5.65862
5.65862
5.65862
5.65862
5.65862
5.65862
5.65862
5.65862
5.65862
5.65862
5.65862
5.65862
5.65862
5.65862
5.65862
5.65862
5.65862
5.65862
5.65862
5.65862
5.65862
5.65862
5.65862
5.65862
5.65862
5.65862
5.65862
5.65862
5.65862
5.65862
5.65862
5.65862
5.65862
5.65862
5.65862
5.65862
5.65862
5.65862
5.65862
5.65862
5.65862
5.65862
5.65862
5.65862
5.65862
5.65862
5.65862
5.65862
5.65862
5.65862
5.65862
5.65862
5.65862
5.65862
5.65862
5.65862
5.65862
5.65862
5.65862
5.65862
5.65862
5.65862
5.65862
5.65862
5.65862
5.65862
5.65862
5.65862
5.65862
5.65862
5.65862
5.65862
5.65862
