90
90
90
90
90
90
90
45.5852
45.6044
45.6044
45.6044
45.6044
45.6044
45.6044
45.6058
45.6345
45.6345
45.8113
45.8113
45.8128
45.8464
45.8464
45.8464
45.8464
45.8464
45.8464
45.8464
45.8464
45.8464
45.8464
45.8464
46.0075
46.0075
46.0075
46.0075
46.0075
46.0075
46.0362
46.0362
46.0362
46.0362
46.0362
46.0362
46.0362
46.0362
46.0362
46.0362
46.0362
46.0362
46.0362
46.0362
46.0362
46.0362
46.0935
46.0935
46.0935
46.0935
46.0935
46.0935
46.0935
46.0935
46.0935
46.0935
46.0935
46.0935
46.0935
46.0935
46.0935
46.0935
46.0935
46.1863
46.1863
46.1863
46.1863
46.1863
46.1863
46.1863
46.1863
46.1863
46.1863
46.1863
46.1863
46.1863
46.1863
46.1863
46.1863
46.1863
46.1863
46.1863
46.1863
46.1863
46.1863
46.1863
46.1863
46.1863
47.5979
47.5979
47.5979
47.5979
47.5979
47.5979
47.5979
47.5979
47.5979
47.5979
47.5979
47.5979
47.5979
47.5979
47.5979
47.5979
47.5979
47.5979
47.5979
47.5979
47.5979
47.5979
47.5979
47.5979
47.5979
47.5979
47.5979
47.5979
47.5979
47.5979
47.5979
47.5979
47.5979
47.5979
47.5979
47.5979
47.5979
47.5979
47.5979
47.5979
47.5979
47.5979
47.5979
47.5979
47.5979
47.5979
47.5979
47.5979
47.5979
47.5979
47.5979
48.5135
48.5135
48.5135
48.5135
48.5135
48.5135
48.5135
48.5135
48.5135
48.5135
48.5135
48.5135
48.5135
48.5135
48.5135
48.5135
48.5135
48.5135
48.5135
48.5135
48.5135
48.5135
48.5135
48.5135
48.5135
48.5135
48.5135
48.5135
48.5135
48.5135
48.5135
48.5135
48.5135
48.5135
48.5135
48.5135
48.5135
48.5135
48.5135
48.5135
48.5135
48.5135
48.5135
48.5135
48.5135
48.5135
48.5135
48.5135
48.5135
48.5135
48.5135
48.5135
48.5135
48.5135
48.5135
48.5135
48.5135
48.5135
48.5135
48.5135
48.5135
48.5135
48.5135
48.5135
48.5135
48.5135
48.5135
48.5135
48.5135
48.5135
48.5135
48.5135
48.5135
48.5135
48.5135
48.5135
48.5135
48.5135
48.5135
48.5135
48.5135
48.5135
48.5135
48.5135
48.5135
48.5135
48.5135
48.5135
48.5135
48.5135
48.5135
48.5135
48.5135
48.5135
48.5135
48.5135
48.5135
48.5135
48.5135
48.5135
48.5135
48.5135
48.5135
48.5135
48.5135
48.5135
48.5135
48.5135
48.5135
48.5135
48.5135
48.5135
48.5135
48.5135
48.5135
48.5135
48.5135
48.5135
48.5135
48.5135
48.5135
48.5135
48.5135
48.5135
48.5135
48.5135
48.5135
48.5135
48.5135
48.5135
48.5135
48.5135
48.5135
48.5135
48.5135
48.5135
48.5135
48.5135
48.5135
48.5135
48.5135
48.5135
48.5135
48.5135
48.5135
