6.725
6.725
7.1
7.1
7.1
7.1
7.1
40.275
40.275
40.275
40.275
40.275
40.275
40.275
40.275
40.275
40.275
40.275
40.275
40.275
40.275
40.275
40.275
40.275
40.275
40.275
40.275
40.275
40.275
40.275
40.275
40.275
40.275
40.275
40.275
40.275
40.275
40.275
40.275
40.275
40.275
40.275
40.275
40.275
40.275
40.275
40.275
40.275
40.275
40.275
40.275
40.275
40.275
40.275
40.275
40.275
40.275
40.275
40.275
40.275
40.275
40.275
40.275
40.275
40.275
40.275
40.275
40.275
40.275
40.275
40.275
40.275
40.275
40.275
40.275
40.275
40.275
40.275
40.275
40.275
40.275
40.275
40.275
40.275
40.275
40.275
40.275
40.275
40.275
40.275
40.275
40.275
40.275
40.275
40.275
40.275
40.275
40.275
40.275
40.275
40.275
40.275
40.275
40.275
40.275
40.275
40.275
40.275
40.275
40.275
40.275
40.275
40.275
40.275
40.275
40.275
40.275
40.275
40.275
40.275
40.275
40.275
40.275
40.275
40.275
40.2875
40.2875
40.2875
40.2875
40.2875
40.2875
40.2875
40.2875
40.2875
40.2875
40.2875
40.2875
40.2875
40.2875
40.2875
40.2875
40.2875
40.2875
40.2875
40.2875
40.2875
41.4266
41.4266
41.4266
41.4266
41.4266
41.4266
41.4266
41.4266
41.4266
41.4266
41.4266
41.4266
41.4266
41.4266
41.4266
41.4266
41.4266
41.4266
41.4266
41.4266
41.4266
41.4266
41.4266
41.4266
41.4266
41.4266
41.4266
41.4266
41.4266
41.4266
41.4266
41.5266
41.5266
41.5266
41.5266
41.5266
41.5266
41.5266
41.5266
41.5266
41.5266
41.5266
41.5266
41.5266
41.5266
41.5266
41.5266
41.5266
41.5266
41.5266
41.5266
41.5266
41.5266
41.5266
41.5266
41.5266
41.5266
41.5266
41.5266
41.5266
41.5266
41.5266
41.5266
41.5266
41.5266
41.5266
41.5266
41.5266
41.5266
41.5266
41.5266
41.5266
41.5266
41.5266
41.5266
41.5266
41.5266
41.5266
41.5266
41.5266
41.5266
41.5266
41.5266
41.5266
41.5266
41.5266
41.5266
41.5266
41.5266
41.5266
41.5266
41.5266
41.5266
41.5266
41.5266
41.5266
41.5266
41.5266
41.5266
41.5266
41.5266
41.5266
41.5266
41.5266
41.5266
41.5266
41.5266
41.5266
41.5266
41.5266
41.5266
41.5266
41.5266
41.5266
41.5266
41.5266
41.5266
41.5266
41.5266
41.5266
41.5266
41.5266
41.5266
41.5266
41.5266
41.5266
41.5266
41.5266
41.5266
41.5266
41.5266
41.5266
41.5266
41.5266
41.5266
41.5266
41.5266
41.5266
41.5266
41.5266
41.5266
41.5266
41.5266
41.5266
41.5266
