3.23572
3.32222
3.6088
3.6088
3.6088
3.6088
3.6088
14.8628
14.8728
14.8728
14.8728
14.8728
14.8728
14.8728
14.8728
14.8877
14.8877
14.8877
14.8877
14.8877
14.8877
14.8877
14.8877
14.8877
14.8877
14.8877
14.8877
14.8877
14.8877
14.8877
14.8877
14.8877
14.8877
14.8877
14.8877
14.8877
14.8877
14.9027
14.9027
14.9027
14.9027
14.9027
14.9027
14.9027
14.9027
14.9027
14.9027
14.9027
14.9027
14.9027
14.9027
14.9027
14.9027
14.9325
14.9325
14.9325
14.9325
14.9325
14.9325
14.9325
14.9325
14.9325
14.9325
14.9325
14.9325
14.9325
14.9325
14.9325
14.9325
14.9325
14.9325
14.9325
14.9325
14.9325
14.9325
14.9325
14.9325
14.9325
14.9325
14.9325
14.9325
14.9325
14.9325
14.9325
14.9325
14.9325
14.9325
14.9325
14.9325
14.9325
14.9325
14.9325
14.9325
14.9325
14.9325
15.6885
15.6885
15.6885
15.6885
15.6885
15.6885
15.6885
15.6885
15.6885
15.6885
15.6885
15.6885
15.6885
15.6885
15.6885
15.6885
15.6885
15.6885
15.6885
15.6885
15.6885
15.6885
15.6885
15.6885
15.6885
15.6885
15.6885
15.6885
15.6885
15.6885
15.6885
15.6885
15.6885
15.6885
15.6885
15.6885
15.6885
15.6885
15.6885
15.6885
15.6885
15.6885
15.6885
15.6885
15.6885
15.6885
15.6885
15.6885
15.6885
15.6885
15.6885
16.201
16.201
16.201
16.201
16.201
16.201
16.201
16.201
16.201
16.201
16.201
16.201
16.201
16.201
16.201
16.201
16.201
16.201
16.201
16.201
16.201
16.201
16.201
16.201
16.201
16.201
16.201
16.201
16.201
16.201
16.201
16.201
16.201
16.201
16.201
16.201
16.201
16.201
16.201
16.201
16.201
16.201
16.201
16.201
16.201
16.201
16.201
16.201
16.201
16.201
16.201
16.201
16.201
16.201
16.201
16.201
16.201
16.201
16.201
16.201
16.201
16.201
16.201
16.201
16.201
16.201
16.201
16.201
16.201
16.201
16.201
16.201
16.201
16.201
16.201
16.201
16.201
16.201
16.201
16.201
16.201
16.201
16.201
16.201
16.201
16.201
16.201
16.201
16.201
16.201
16.201
16.201
16.201
16.201
16.201
16.201
16.201
16.201
16.201
16.201
16.201
16.201
16.201
16.201
16.201
16.201
16.201
16.201
16.201
16.201
16.201
16.201
16.201
16.201
16.201
16.201
16.201
16.201
16.201
16.201
16.201
16.201
16.201
16.201
16.201
16.201
16.201
16.201
16.201
16.201
16.201
16.201
16.201
16.201
16.201
16.201
16.201
16.201
16.201
16.201
16.201
16.201
16.201
16.201
16.201
