2417
2295
2514
2286
2137
2273
2300
2609
2216
2286
2235
2307
2335
2304
2396
2358
2384
2272
2292
2287
2365
2215
2307
2195
2346
2266
2490
2261
2389
2240
2470
2294
2348
2308
2352
2284
2165
2285
2304
2233
2294
2089
2186
2115
2090
1991
2072
1941
1822
1915
1909
1955
1875
1914
1636
1684
1689
1755
1801
1692
1847
1628
1743
1971
1651
1716
1671
1853
1820
1701
1951
1784
1736
1956
1962
1847
1904
1938
1969
2016
1987
1974
2146
2167
2179
2099
2121
2056
2209
2136
2167
2108
2262
2156
2164
2379
1956
2098
2119
2124
2181
2073
2117
2047
2157
2026
2094
2212
2156
2025
2134
2208
2099
2061
2128
2119
2075
2115
2004
2082
1971
1879
1963
2006
1804
1976
2047
1963
1983
2029
1952
1899
1947
1981
2029
2138
1903
2073
2022
2141
2178
1960
2053
2054
1972
2104
2358
2164
2189
2304
2190
2188
2201
2091
2265
2292
2271
2268
2149
2268
2333
2163
2164
2147
2110
2225
2193
2291
2175
2160
2115
2198
2177
2107
2194
2076
2124
2165
2094
2138
2145
2146
2193
2012
2111
2145
2139
2120
2050
2166
2022
2113
2181
2120
2053
2122
2184
2189
2057
2231
2079
2127
2088
2010
1885
2002
2136
2091
2071
2097
2156
1969
2102
2223
2155
2120
2128
2126
1984
2051
1990
2101
2217
2026
2063
2026
2096
2155
2225
2110
2134
2227
1993
2174
2167
2028
2067
2073
2086
2138
2093
2051
2034
2029
2250
2149
1979
2277
2076
2054
1952
2125
1962
2198
2082
2129
2404
2193
1999
2150
2122
2123
2124
2032
2007
2161
2145
1984
2134
2055
2196
2096
2194
2273
2043
2189
2091
2189
2299
2511
2327
2293
2114
2245
2300
2228
2216
2225
2215
2484
2184
