6.4195
6.4195
6.51888
6.84159
6.84159
6.84159
6.95178
6.95178
6.95178
6.95178
6.95178
6.95178
6.95178
6.95178
6.95319
6.95319
6.95319
7.13242
7.13242
7.13389
7.16781
7.16781
7.16781
7.16781
7.16781
7.16781
7.16781
7.16781
7.16781
7.16781
7.16781
7.33005
7.33005
7.33005
7.33005
7.33005
7.33005
7.33005
7.33005
7.33005
7.33005
7.33005
7.33005
7.33005
7.33005
7.33005
7.33005
7.33005
7.33005
7.33005
7.33005
7.33005
7.33005
7.33005
7.33005
7.33005
7.33005
7.33005
7.33005
7.33005
7.33005
7.33005
7.33005
7.33005
7.33005
7.33005
7.33005
7.33005
7.33005
7.33005
7.42307
7.42307
7.42307
7.42307
7.42307
7.42307
7.42307
7.42307
7.42307
7.42307
7.42307
7.42307
7.42307
7.42307
7.42307
7.42307
7.42307
7.42307
7.42307
7.42307
7.42307
7.42307
7.42307
7.42307
7.42307
7.42307
7.42307
7.42307
7.42307
7.42307
7.42307
7.42307
7.42307
7.42307
7.42307
7.42307
7.42307
7.42307
7.42307
7.42307
7.42307
7.42307
7.42307
7.42307
7.42307
7.42307
7.42307
7.42307
7.42307
7.42307
7.42307
7.42307
7.42307
7.42307
7.42307
7.42307
7.42307
7.42307
7.42307
7.42307
7.42307
7.42307
7.42307
7.42307
7.42307
7.42307
7.42307
7.42307
7.42307
7.42307
7.42307
7.42307
7.42307
7.42307
7.42307
7.42307
7.42307
7.42307
7.42307
7.42307
7.42307
7.42307
7.42307
7.42307
7.42307
7.42307
7.42307
7.42307
7.42307
7.42307
7.42307
7.42307
7.42307
7.42307
7.42307
7.42307
7.42307
7.42307
7.42307
7.42307
7.42307
7.42307
7.42307
7.42307
7.42307
7.42307
7.42307
7.42307
7.42307
7.42307
7.42307
7.42307
7.42307
7.42307
7.42307
7.42307
7.42307
7.42307
7.42307
7.42307
7.42307
7.42307
7.42307
7.42307
7.42307
7.42307
7.42307
7.42307
7.42307
7.42307
7.42307
7.42307
7.42307
7.42307
7.42307
7.42307
7.42307
7.42307
7.42307
7.42307
7.42307
7.42307
7.42307
7.42307
7.42307
7.42307
7.42307
7.42307
7.42307
7.42307
7.42307
7.42307
7.42307
7.42307
7.42307
7.42307
7.42307
7.42307
7.42307
7.42307
7.42307
7.42307
7.42307
7.42307
7.42307
7.42307
7.42307
7.42307
7.42307
7.42307
7.42307
7.42307
7.42307
7.42307
7.42307
7.42307
7.42307
7.42307
7.42307
7.42307
7.42307
7.42307
7.42307
7.42307
7.42307
7.42307
7.42307
7.42307
7.42307
7.42307
7.42307
7.42307
7.42307
7.42307
7.42307
7.42307
7.42307
7.42307
7.42307
7.42307
7.42307
7.42307
7.42307
7.42307
7.42307
7.42307
7.42307
7.42307
7.42307
7.42307
7.42307
7.42307
7.42307
7.42307
7.42307
7.42307
7.42307
7.42307
7.42307
7.42307
7.42307
