94.9996
95.4178
94.7623
90
95.8057
100.514
101.014
95.3525
95.3783
97.0745
95.5333
94.1126
92.9671
93.9538
96.1856
94.3848
95.4847
94.464
95.0116
94.8775
101.189
90
95.7378
95.2868
96.7931
90
96.4359
93.3372
93.3084
102.202
101.42
93.4894
90
94.7158
94.1204
93.9237
101.363
93.2408
94.7116
95.0051
101.436
94.9685
90
94.689
92.9604
95.2368
94.2755
100.755
93.3947
102.549
101.148
90
102.021
102.059
102.111
96.137
95.6348
94.6065
96.0024
101.49
101.69
100.462
102.282
96.7763
101.208
95.6273
93.6118
93.951
101.797
95.803
94.8576
95.4331
94.5009
102.295
90
103.249
95.3893
94.5303
98.0933
96.3841
103.15
93.516
93.8944
95.2664
102.943
104.102
93.6337
100.218
97.802
94.7998
95.5029
96.6281
95.6339
97.3272
95.6614
101.724
93.6092
94.1535
93.2165
96.8501
94.7463
90
94.8169
94.6342
101.84
101.248
95.9021
102.308
104.036
94.4081
99.2345
97.1102
97.1172
102.379
101.281
102.399
95.0582
97.7553
102.091
95.0869
96.5224
93.2798
102.481
90
95.2072
101.095
95.7464
94.5409
95.3798
95.819
93.7155
95.3835
102.319
96.3706
96.5675
96.4239
96.0917
90
101.114
96.2107
101.277
102.258
96.8145
94.3828
102.554
100.209
93.9389
93.2597
93.4941
96.1591
101.801
90
95.833
94.7329
102.732
95.139
97.2896
95.7592
94.8752
95.966
95.7332
97.2178
103.124
93.4237
94.1271
93.2457
97.4239
101.956
102.982
94.0341
90
96.0738
94.5842
102.676
94.5586
102.104
94.0376
98.8845
95.3904
94.7575
95.7335
93.1476
96.9001
101.958
96.3256
96.5755
94.9208
94.247
94.4711
95.1123
90
93.8968
94.1791
95.4407
95.4711
101.962
96.1873
101.401
96.9886
101.343
95.2908
94.0191
95.949
95.925
93.6149
97.7085
94.4642
90
93.4108
102.251
95.5639
96.3575
101.479
95.8271
94.7891
94.555
90
97.1886
101.93
97.2391
96.1027
103.039
96.8114
94.8545
94.9101
101.265
95.6403
101.068
104.231
96.592
101.65
101.924
97.2455
95.1857
94.1151
102.172
90
90
93.5906
93.6463
101.099
103.001
101.738
95.6258
101.081
95.1118
95.4651
96.6421
103.353
102.268
102.236
96.474
101.145
94.7197
93.9193
102.312
97.1597
102.106
102.511
94.7175
96.1102
102.285
96.197
101.569
90
93.9283
95.9084
94.8347
102.235
95.5147
90
101.606
94.6043
101.155
93.2972
94.5746
96.1974
95.9405
96.5211
101.272
95.2487
101.746
97.0611
102.966
94.8544
95.5676
102.129
94.3797
96.4385
101.581
101.633
101.959
94.4334
101.239
102.325
99.8001
101.683
100.409
102.907
101.546
