6.08682
5.9349
6.1523
6.44368
5.77513
6.3083
6.46606
5.94644
6.47266
7.53973
6.08237
6.10097
2.77243
6.16405
5.97594
2.53663
6.13515
2.47094
6.08887
5.87272
5.87342
6.45753
5.76884
5.87372
5.71359
6.23829
6.22251
2.33199
2.43954
6.08434
5.95538
2.33233
6.74219
6.20436
6.32133
6.21352
6.43187
2.64555
2.58653
2.10207
6.07441
6.18233
6.66269
6.21459
2.83148
6.07663
6.3344
6.42002
2.45681
5.07697
5.87869
6.46961
6.00858
5.88238
5.89972
5.75254
6.447
2.25583
5.78627
6.11253
6.22244
6.20044
5.74564
5.56703
5.77327
5.90669
2.12895
6.35603
5.87476
5.76272
6.19814
6.03652
6.2064
5.72969
6.43721
5.90259
5.90789
2.64978
5.45751
5.99765
6.10223
6.40018
6.1385
5.7185
5.15042
5.50924
6.42353
6.46946
5.23782
5.89065
6.12264
5.90486
5.89425
5.7278
5.89204
6.44894
1.94737
2.87589
2.70426
6.09332
6.15046
6.59141
6.06081
2.1488
5.85078
6.13193
5.73755
5.8973
5.57552
6.32764
6.1431
6.11165
7.43358
5.9941
6.3254
5.84722
6.08359
5.68706
5.84187
6.33203
5.88682
2.31408
5.72386
6.45945
5.96381
5.87664
5.72343
6.20594
6.02617
5.74472
2.30125
5.87013
6.07282
6.07043
5.55858
5.68817
5.73296
6.5808
6.46124
5.75584
5.736
5.75076
5.87413
6.33155
5.98954
6.09509
0.948367
2.34957
2.66064
6.31613
5.88654
6.53258
5.75648
2.31592
5.9582
6.14839
5.83637
6.38749
5.94495
5.71479
5.74816
5.76069
5.73801
2.39217
6.37986
2.60008
5.86493
5.90065
5.95114
1.99017
6.32562
5.75882
6.11846
5.72005
6.45583
5.99142
6.37969
5.36274
5.86882
2.28746
6.06701
2.52659
5.71138
5.76014
6.08606
5.84966
1.21275
6.33812
6.19825
6.4041
6.38663
6.34178
6.3743
5.91406
5.88695
6.4409
6.3455
6.20555
6.07446
6.46323
5.83976
6.45084
5.83199
5.74425
2.06829
5.95378
6.3275
6.58822
2.41624
6.19098
5.88033
6.11947
6.07153
6.38174
6.19923
5.87156
6.67863
7.49765
6.01295
5.7097
5.84228
5.72781
5.99399
6.12098
6.07659
6.00522
6.46634
6.45417
5.47734
5.63452
5.88732
5.72989
5.71669
5.83055
6.39701
6.20538
6.46212
5.95295
2.0917
2.12628
6.18955
5.94417
6.45375
6.07514
6.4024
6.49576
5.96231
5.48437
6.06372
6.06364
5.76256
5.80206
6.12194
2.34682
2.08173
5.7103
5.73645
5.51701
5.73006
2.45167
6.38417
5.90991
5.7252
5.89687
6.44693
6.39527
5.51594
2.06655
5.71957
6.46272
6.39414
5.83423
6.32839
6.33551
2.5666
6.4604
5.95266
5.72657
5.94503
5.83384
5.71922
6.44899
5.75604
5.75669
5.9435
5.87904
6.32724
2.60286
5.59774
6.08051
5.88224
6.31564
2.58204
6.45354
5.71219
6.52437
6.19464
6.47125
5.63993
6.20832
