9.28696
9.64009
9.73532
9.30232
9.46897
9.3858
9.49631
9.77808
9.49801
9.76824
9.75026
9.47958
10.8598
9.30949
9.64562
10.9971
9.4043
10.523
9.66831
9.58659
9.60343
9.44417
9.90179
9.57687
9.55666
10.0372
9.63743
10.2564
10.5624
9.37667
9.94712
10.901
9.33276
10.0884
9.48899
9.75443
9.76611
10.7945
11.3572
10.8238
9.41024
9.6235
9.73647
9.46939
10.7741
9.2452
9.97967
9.38361
10.5946
9.51783
10.0921
9.39037
9.6209
9.68395
9.88789
9.37235
9.62613
10.8182
9.20048
9.54195
9.71189
9.52742
9.52629
9.53318
9.76349
9.66164
10.6611
9.74433
9.71457
9.58268
9.88424
9.60461
9.88854
9.51387
9.37822
9.87573
9.85187
10.6266
9.72952
9.57655
9.70181
9.47998
9.85991
9.80126
9.42718
9.52333
9.97856
9.76319
9.67336
9.51447
9.36728
9.57746
9.58378
9.46417
9.01602
9.56215
9.34469
10.7229
10.8216
9.6209
9.73138
9.78336
9.60954
10.924
9.58204
9.67558
9.74718
9.55322
9.66057
9.62805
9.65523
9.56289
9.63916
9.74407
9.561
9.57176
9.41277
9.62245
9.53624
8.82486
9.4123
10.7329
9.30271
9.47966
9.61692
9.55797
9.51387
9.42978
9.60088
9.58101
10.9695
9.43017
9.61081
9.8075
9.65632
9.50163
9.82894
9.82342
9.37512
9.8238
9.60301
8.90148
9.49388
9.50258
9.3388
9.4782
9.43498
10.6664
11.0441
9.53907
9.49534
9.44268
9.45377
10.6675
9.44586
9.52577
9.47394
9.44218
9.94278
9.45488
9.62406
9.56374
9.56428
10.6587
9.67622
10.8049
9.04558
9.69539
9.39931
10.5294
9.36726
9.42028
9.53332
9.57469
9.76399
9.47552
9.33391
9.48688
9.27556
10.7573
9.68399
10.6407
9.64009
9.38824
9.59285
9.6779
10.5969
9.59982
9.68507
9.55977
9.24817
9.59483
9.48874
9.38978
9.51086
9.42206
9.58332
9.544
9.52567
9.24042
9.74967
9.85537
9.52598
9.35592
10.5103
9.54545
9.40781
9.57667
10.9539
9.78088
9.48751
9.4729
9.43723
9.55428
9.56476
9.68719
9.64826
9.40211
9.73358
9.53135
9.57521
9.62994
9.75081
9.93018
9.30549
9.77993
9.8613
9.49171
9.38559
9.35125
9.66453
9.60158
9.46088
9.74451
9.36728
9.58071
9.4708
9.61831
10.7725
11.1501
8.97709
9.31649
9.42497
9.5473
9.43699
9.58623
9.86538
9.69408
9.43915
9.63796
9.37361
9.45281
9.61978
10.927
10.7508
9.75918
9.56361
9.36728
9.64603
10.6389
9.66894
9.35829
9.38287
9.23989
9.62422
9.45331
9.67816
10.517
9.33605
9.55434
9.71022
9.34197
9.45818
9.50917
10.8955
9.38435
9.73764
9.56296
9.75712
9.79597
9.68215
9.54228
9.61733
9.57077
9.43321
9.4506
9.37246
10.7096
9.46293
9.73359
9.3766
9.71348
10.5782
9.39972
9.66122
9.52106
9.83643
9.54053
9.67162
9.93949
