7.67365
7.91301
7.47297
7.5486
8.00995
7.93976
7.50016
7.97928
7.59621
7.50548
7.58068
7.67306
42.6561
7.50414
7.7678
42.3899
7.52085
42.0855
7.69174
7.82759
8.20391
7.14315
8.08904
7.81523
8.20337
8.03843
7.62707
42.0814
42.9712
7.43452
7.75142
41.8076
7.58823
7.61154
7.68819
7.48194
7.45381
42.25
42.8569
41.7111
7.36211
7.40007
7.70997
7.47173
42.7579
7.38812
7.6533
7.785
42.2769
8.18494
7.96964
7.45789
7.65857
8.17154
8.05454
7.70193
7.3781
42.9025
7.90567
7.50146
7.61059
7.66572
8.12779
8.05517
8.11547
7.88413
41.8971
7.74263
8.15875
8.03415
7.3912
8.14757
7.59889
7.88731
7.52309
7.39689
7.98704
42.3168
8.18308
8.00539
7.54912
8.20586
7.60795
7.98605
8.14019
7.98844
7.8824
8.14291
8.10983
7.72949
7.79271
7.89138
7.67185
8.1865
7.95806
7.0746
43.8561
42.4034
42.2073
7.59804
7.65502
6.8697
8.14084
42.5813
8.10312
8.13645
8.11684
7.69251
7.70408
7.13823
7.71009
7.79018
7.81954
7.498
7.42264
8.09872
7.62114
7.75297
7.99569
6.93292
7.83215
42.6205
8.09212
7.25378
7.83307
8.20459
8.31127
7.59391
7.46591
8.2505
41.9427
8.22984
7.33453
7.67201
8.12392
8.16931
7.87503
7.07976
7.48458
8.19316
8.25019
8.1591
8.13272
7.19827
7.64054
8.1451
47.0128
42.615
42.0261
7.45394
7.7526
8.04053
8.07431
42.1069
7.40722
7.09147
7.81444
7.75405
7.47636
8.22939
8.24621
8.16191
7.84256
42.1225
7.27042
42.5542
7.98312
8.06376
7.90517
42.1749
7.00075
7.83976
7.74155
7.94991
7.50183
7.64023
7.35757
8.1626
8.29915
42.0171
7.46511
42.5271
8.18139
7.7282
7.4941
7.87819
47.4732
7.34289
7.43308
7.21547
8.23016
7.84429
7.63
8.00825
8.14785
6.97885
7.38224
7.65886
7.56226
7.0151
8.20991
7.14698
7.86886
8.23519
42.392
7.22485
6.8705
7.22456
42.1919
7.34541
7.95855
7.5985
7.41763
7.00683
7.34365
8.25886
6.96931
7.13097
7.7321
8.25626
7.69316
7.93548
7.62847
7.77893
7.74579
7.73728
7.35519
7.22947
7.70945
8.12653
7.74273
8.1546
7.78028
7.77829
7.21436
7.49363
7.51175
7.55665
42.5229
41.8092
8.14516
7.43016
7.09046
6.98741
7.37352
7.43957
7.72552
8.27131
7.03366
7.40122
8.04911
7.76333
7.53619
41.8677
42.6479
8.18813
8.15873
8.25236
7.73736
42.2267
7.20744
7.6636
8.08129
7.70334
7.56721
7.42853
8.19781
42.5364
8.20849
7.48489
7.74955
7.78258
7.18059
7.47819
42.2204
7.57454
7.81706
8.22117
7.59316
7.74403
8.00394
7.03927
8.28647
7.94913
7.62879
7.9767
6.87222
43.5021
8.05653
7.42248
8.24504
7.0353
42.7122
7.12179
8.12251
7.96831
7.385
7.56913
7.93436
7.55839
