3011
4796
2850
2814
2641
5091
5061
2918
2919
3071
2883
2889
3009
2910
2758
3303
2861
3364
2963
2937
3131
2944
2987
2984
2828
3010
5080
3256
3354
2879
4975
3363
2958
2969
2977
2914
3023
3266
3428
3484
2816
2861
2921
2945
3333
2740
2969
5202
3254
3030
2968
2772
3009
3020
5256
2757
4907
3242
2866
3096
3061
3138
3045
3014
3105
2924
3359
2966
3139
2818
2942
4785
3033
2799
2891
3077
5065
3363
2877
2881
3207
2966
2914
3043
3218
3051
3066
5098
2905
2768
5038
3038
2964
2894
2856
3090
3285
3442
3479
3125
3046
2629
2955
3451
3120
3054
2970
2994
3034
2738
2928
3135
3023
3021
3037
5036
2903
3002
2895
2783
2942
3368
2976
2875
2999
3100
3093
2889
2985
2997
3306
3153
3067
3118
2885
2949
3036
2840
3023
2942
2672
2888
2969
2855
2987
3043
3387
3212
3236
2900
5060
3132
2911
3268
3009
2790
3051
5027
2941
2937
3016
3037
3079
3269
2852
3354
2852
3028
3023
3297
2950
2834
2971
2946
3083
3032
2912
2906
3047
3202
3053
3326
2969
3091
2986
3014
3389
2942
2890
2998
3196
2979
3085
2892
3070
3032
3057
3084
3016
3035
2972
3027
3045
2911
3326
2901
2895
3004
3178
3081
3104
2959
3078
2936
2974
3014
2832
3043
3101
4996
2932
3063
3136
3049
2964
2961
3031
3103
3069
3041
2954
3052
3122
3086
3042
3077
2887
2841
3315
3395
2799
3157
3137
2847
5000
2976
3010
3020
3022
3027
3108
2998
3157
3400
3302
3139
3064
3228
2868
3595
2969
3177
2880
3068
3027
2867
2927
3421
2959
2957
3031
3056
2912
3057
3420
3055
2982
3039
3051
3060
3010
3124
2696
3200
3033
3075
2936
5671
2975
3176
3232
2930
3495
2931
3065
3117
3059
3076
3085
3030
