7.42944
7.43584
7.39745
7.39738
7.40398
9.25533
9.38569
7.44163
7.90297
9.40267
7.55114
7.20439
7.19428
7.20137
7.6597
9.03748
7.57946
9.0422
7.43789
7.20864
9.11901
7.22616
7.39441
7.32008
7.66797
7.23047
7.94321
7.23961
7.40757
9.29961
9.08706
7.43097
7.27202
7.46016
7.42902
7.23987
9.42779
7.43027
9.65099
9.40811
9.05287
7.46897
7.19271
7.44027
7.25389
7.43095
7.47872
9.37743
7.47231
8.72075
9.01961
7.33176
9.27009
9.37387
9.35639
7.4088
7.90292
9.16936
7.44877
9.16224
9.3717
9.03139
9.28466
7.48132
8.98948
7.46038
7.41823
7.42555
9.28265
7.39575
7.45442
7.58638
7.40273
9.16781
7.34326
9.38581
7.41488
9.35564
7.78483
7.78905
9.6295
7.40855
7.17431
7.19074
8.8921
9.52284
7.42467
9.40495
7.46021
7.18872
7.62415
7.73883
7.40789
7.83314
7.46984
9.38539
7.47988
9.03447
7.4481
7.91881
7.42163
7.18617
7.43285
9.05204
9.24828
9.36818
7.41574
9.25416
9.4276
7.42817
8.65015
8.05511
9.38631
9.28546
9.28662
9.4081
7.43272
7.79878
9.26742
7.56632
7.67776
7.19882
9.30616
7.40741
7.39152
9.09446
7.39617
7.41215
7.43234
7.42637
7.74863
7.42125
9.27637
7.78357
7.42918
7.52775
7.41384
7.27782
9.40179
7.53907
9.02618
9.29628
7.81783
7.43495
9.39238
9.02888
7.42255
7.20373
7.79279
7.92489
9.12605
7.48549
7.40619
9.28827
9.3054
7.42392
7.8356
7.95158
7.22034
7.43481
7.40398
7.82802
9.39487
7.43228
7.42906
7.42645
7.94536
9.31564
9.59613
7.93888
7.1918
7.42723
7.35989
9.29633
7.65209
9.26848
7.41838
7.91468
7.43501
9.28117
7.56607
7.20388
7.69151
9.03371
7.74756
7.66592
9.3873
7.42869
7.36071
7.69516
7.17191
7.41043
7.48932
7.43955
7.44776
9.398
7.94612
9.29443
7.92848
9.27768
7.36033
7.45516
7.47192
7.45356
7.42465
7.90965
7.4003
7.46702
7.44558
9.38083
7.4309
7.81268
9.08425
7.81189
7.42975
7.18748
7.32918
9.29646
9.28032
7.80717
7.48732
9.40321
7.81636
7.44231
7.40743
9.08744
7.91916
9.28264
9.38794
7.51277
9.08021
9.17396
7.69499
7.2424
7.43509
9.43814
7.45175
6.82983
7.42839
7.45493
9.38532
9.37526
9.40041
7.45173
9.2905
7.82677
7.44059
7.41073
9.40271
9.28254
9.25357
7.56395
9.0914
9.26003
7.92543
9.28448
7.78616
9.05724
9.16387
9.42098
7.92727
9.24768
7.48016
9.05065
7.40182
7.41549
7.2127
9.26218
9.27951
7.90803
7.20072
9.03111
7.48495
9.28466
7.43125
7.67251
7.65036
7.43746
7.68095
8.9208
7.18978
9.37633
7.80889
9.41714
7.2393
7.43417
9.281
9.26652
7.41607
9.12258
9.27713
9.29583
9.20524
9.28385
9.26168
9.27713
9.24879
9.2521
9.27651
9.29655
