97.8879
97.8303
97.8292
97.6723
97.6736
97.675
97.675
97.6732
97.674
97.674
97.8418
98.1751
98.1751
98.1751
98.1751
98.156
98.156
98.156
98.156
98.156
98.156
98.156
98.156
98.156
98.156
98.156
98.291
98.291
98.291
98.291
98.291
98.291
98.291
98.291
98.291
98.291
98.291
98.291
98.291
98.291
98.291
98.291
98.291
98.291
98.291
98.291
98.291
98.291
97.996
97.996
97.996
97.996
97.996
97.996
97.996
97.996
97.996
97.996
97.996
97.996
97.996
97.996
97.996
97.996
97.996
97.996
97.996
97.996
97.996
97.996
97.996
97.996
97.9931
97.9931
97.9931
97.9931
97.9931
97.9931
97.9931
97.9931
97.9931
97.9931
97.9931
97.9931
97.9931
97.9931
97.9931
97.9931
97.9931
97.9931
97.9931
97.9931
97.9931
97.9931
97.9931
97.9931
97.9931
97.9879
97.9879
97.9879
97.9879
97.9879
97.9879
97.9879
97.9879
97.9879
97.9879
97.9879
97.9879
97.9879
97.9879
97.9879
97.9608
97.9608
97.9608
97.9608
97.9608
97.9608
97.9608
97.9608
97.9608
97.9608
97.9608
97.9608
97.9608
97.9608
97.9608
97.9608
97.9608
97.9608
97.9608
97.9608
97.9608
97.9608
97.9483
97.9483
97.9483
97.9483
97.9483
97.9483
97.9483
97.9483
97.9483
97.9264
97.9264
97.9264
97.9264
97.9264
97.9264
97.9254
97.9254
97.9254
97.9254
97.9254
97.8967
97.8717
97.8717
97.8717
97.8717
97.8717
97.8717
97.8717
97.8717
97.8717
97.8717
97.8717
97.8717
97.8717
97.8717
97.8717
97.8717
97.8717
97.211
97.2388
97.2388
97.2388
97.2388
97.2388
97.2388
97.2388
97.2388
97.2388
97.2388
97.2388
97.2388
97.2388
97.2388
97.2388
97.2388
97.2388
97.2388
97.2388
97.2388
97.2388
96.8752
96.8752
96.8752
96.8752
96.8752
96.8752
96.8752
96.8752
96.8752
96.8752
96.8752
96.8752
96.8752
96.8752
96.8752
96.8752
96.8752
96.8752
96.8752
96.8752
96.8752
96.8752
96.8752
96.9402
96.9402
96.9402
96.9402
96.9402
96.9402
96.9402
96.9402
96.9402
96.9402
96.9402
96.9402
96.9402
96.9402
96.9402
96.9402
96.9402
96.9402
96.9402
96.9402
96.9402
96.9402
96.9402
96.9402
96.9402
96.9402
96.9402
96.9402
96.9402
96.9402
96.9402
96.9402
96.9402
96.9402
96.9402
96.9402
96.9402
96.9402
96.9402
96.9402
96.9402
96.9402
96.9402
96.9402
96.9402
96.9402
96.9402
96.9402
96.9402
96.9402
96.9402
96.9402
96.9402
96.9402
96.9402
96.9402
96.9402
96.9402
96.9402
96.9402
96.9402
96.9402
96.9402
96.9402
96.9402
96.9402
96.9402
96.9402
96.9402
96.9402
96.9402
96.9402
96.9402
96.9402
96.9402
96.9402
96.9402
96.9402
96.9402
