3.99793
4.01366
4.01366
4.01366
4.01366
4.01366
4.01366
4.01366
4.01366
4.01366
4.01366
4.01366
4.01366
4.01366
4.01366
4.01366
4.01366
4.01366
4.01366
4.01366
4.01366
4.01366
4.01366
4.01366
4.01366
4.01366
4.01366
4.01366
4.01366
4.01366
4.01366
4.01366
4.01366
4.01366
4.01366
4.01366
4.01366
4.01366
4.01366
4.01366
4.01366
4.01366
4.01366
4.01366
4.01366
4.01366
4.01366
4.01366
4.10378
4.10378
4.10378
4.10378
4.10378
4.10378
4.10378
4.10378
4.10378
4.10378
4.10378
4.10378
4.10378
4.10378
4.10378
4.10378
4.10378
4.10378
4.10378
4.10378
4.10378
4.10378
4.10378
4.10378
4.10378
4.10378
4.10378
4.10378
4.10378
4.10378
4.10378
4.10378
4.10378
4.10378
4.10378
4.10378
4.10378
4.10378
4.10378
4.10378
4.10378
4.10378
4.10378
4.10378
4.10378
4.10378
4.10378
4.10378
4.10378
4.10378
4.10378
4.10378
4.10378
4.10378
4.10378
4.10378
4.10378
4.10378
4.10378
4.10378
4.10378
4.10378
4.10378
4.10378
4.10378
4.10378
4.10378
4.10378
4.10378
4.10378
4.10378
4.10378
4.10378
4.10378
4.10378
4.10378
4.10378
4.10378
4.10378
4.10378
4.10378
4.10378
4.10378
4.10378
4.10378
4.10378
4.10762
4.10762
4.10762
4.10762
4.10762
4.10762
4.10762
4.10762
4.10762
4.11433
4.11433
4.11433
4.11433
4.11433
4.11433
4.11465
4.11465
4.11465
4.11465
4.11465
4.12344
4.13111
4.13111
4.13111
4.13111
4.13111
4.13111
4.13111
4.13111
4.13111
4.13111
4.13111
4.13111
4.13111
4.13111
4.13111
4.13111
4.13111
4.33325
4.33325
4.33325
4.33325
4.33325
4.33325
4.33325
4.33325
4.33325
4.33325
4.33325
4.33325
4.33325
4.33325
4.33325
4.33325
4.33325
4.33325
4.33325
4.33325
4.33325
4.33325
4.44429
4.44429
4.44429
4.44429
4.44429
4.44429
4.44429
4.44429
4.44429
4.44429
4.44429
4.44429
4.44429
4.44429
4.44429
4.44429
4.44429
4.44429
4.44429
4.44429
4.44429
4.44429
4.44429
4.44429
4.44429
4.44429
4.44429
4.44429
4.44429
4.44429
4.44429
4.44429
4.44429
4.44429
4.44429
4.44429
4.44429
4.44429
4.44429
4.44429
4.44429
4.44429
4.44429
4.44429
4.44429
4.44429
4.44429
4.44429
4.44429
4.44429
4.44429
4.44429
4.44429
4.44429
4.44429
4.44429
4.44429
4.44429
4.44429
4.44429
4.44429
4.44429
4.44429
4.44429
4.44429
4.44429
4.44429
4.44429
4.44429
4.44429
4.44429
4.44429
4.44429
4.44429
4.44429
4.44429
4.44429
4.44429
4.44429
4.44429
4.44429
4.44429
4.44429
4.44429
4.44429
4.44429
4.44429
4.44429
4.44429
4.44429
4.44429
4.44429
4.44429
4.44429
4.44429
4.44429
4.44429
4.44429
4.44429
4.44429
4.44429
4.44429
