5.29531
5.29531
5.29531
5.39531
5.39531
5.39531
5.39531
5.39531
5.39531
5.39531
5.39531
5.39531
5.39531
5.39531
5.39531
5.39531
5.39531
5.39531
5.39531
5.39531
5.39531
5.39531
5.43751
5.43751
5.43751
5.43751
5.43751
5.43751
5.43751
5.43751
5.43751
5.43751
5.43751
5.43751
5.43751
5.43751
5.43751
5.43751
5.43751
5.43751
5.43751
5.43751
5.43751
5.43751
5.43751
5.43751
5.43751
5.43751
5.43751
5.43751
5.48751
5.48751
5.49219
5.49219
5.49219
5.49219
5.49219
5.49219
5.49219
5.525
5.525
5.525
5.525
5.525
5.525
5.625
5.625
5.625
5.625
5.625
5.625
5.625
5.625
5.625
5.625
5.625
5.625
5.625
5.625
5.625
5.625
5.625
5.625
5.625
5.625
5.625
5.625
5.625
5.625
5.625
5.625
5.625
5.625
5.625
5.625
5.625
5.625
5.625
5.625
5.625
5.625
5.625
5.625
5.625
5.625
5.625
5.625
5.625
5.625
5.625
5.625
5.625
5.625
5.625
5.625
5.625
5.625
5.625
5.625
5.625
5.625
5.625
5.625
5.625
5.625
5.625
5.625
5.625
5.625
5.625
5.625
5.625
5.625
5.625
5.625
5.625
5.625
5.625
5.625
5.625
5.625
5.625
5.625
5.625
5.625
5.625
5.625
5.625
5.625
5.625
5.625
5.625
5.625
5.625
5.625
5.625
5.625
5.625
5.625
5.625
5.625
5.625
5.625
5.625
5.625
5.625
5.625
5.625
5.625
5.625
5.625
5.67968
5.97656
5.9875
5.9875
5.9875
5.9875
5.9875
5.9875
5.9875
5.9875
5.9875
5.9875
5.9875
5.9875
5.9875
5.9875
5.9875
5.9875
5.9875
5.9875
5.9875
5.9875
5.9875
6.02656
6.02656
6.02656
6.02656
6.02656
6.02656
6.02656
6.02656
6.02656
6.02656
6.02656
6.02656
6.02656
6.02656
6.02656
6.02656
6.02656
6.02656
6.02656
6.02656
6.02656
6.02656
6.02656
6.02656
6.02656
6.02656
6.02656
6.02656
6.02656
6.02656
6.02656
6.02656
6.02656
6.02656
6.02656
6.02656
6.02656
6.02656
6.02656
6.02656
6.02656
6.02656
6.02656
6.02656
6.02656
6.02656
6.02656
6.02656
6.02656
6.02656
6.02656
6.02656
6.02656
6.02656
6.02656
6.02656
6.02656
6.02656
6.02656
6.02656
6.02656
6.02656
6.02656
6.02656
6.02656
6.02656
6.02656
6.02656
6.02656
6.02656
6.02656
6.02656
6.02656
6.02656
6.02656
6.02656
6.02656
6.02656
6.02656
6.02656
6.02656
6.02656
6.02656
6.02656
6.02656
6.02656
6.02656
6.02656
6.02656
6.02656
6.02656
6.02656
6.02656
6.02656
6.02656
6.02656
6.02656
6.02656
6.02656
6.02656
6.02656
6.02656
