8.37387
8.37912
8.3803
8.55386
8.55386
8.55386
8.55386
8.55583
8.55583
8.55583
8.55583
8.55583
8.55583
8.55583
8.55583
8.57614
8.57614
8.57614
8.57614
8.57614
8.57614
8.57614
8.57614
8.57614
8.57614
8.57614
8.57614
8.57614
8.57614
8.57614
8.57614
8.57614
8.57614
8.57614
8.57614
8.57614
8.57614
8.57614
8.57614
8.57614
8.57614
8.57614
8.57614
8.57614
8.57614
8.57614
8.57614
8.57614
8.57614
8.57614
8.57614
8.57614
8.57614
8.57614
8.57614
8.57614
8.57614
8.57614
8.57614
8.57614
8.57614
8.57614
8.57614
8.57614
8.57614
8.57614
8.57614
8.57614
8.57614
8.57614
8.57614
8.57614
8.57929
8.57929
8.57929
8.57929
8.57929
8.57929
8.57929
8.57929
8.57929
8.57929
8.57929
8.57929
8.57929
8.57929
8.57929
8.57929
8.57929
8.57929
8.57929
8.57929
8.57929
8.57929
8.57929
8.57929
8.57929
8.58494
8.58494
8.58494
8.58494
8.58494
8.58494
8.58494
8.58494
8.58494
8.58494
8.58494
8.58494
8.58494
8.58494
8.58494
8.61455
8.61455
8.61455
8.61455
8.61455
8.61455
8.61455
8.61455
8.61455
8.61455
8.61455
8.61455
8.61455
8.61455
8.61455
8.61455
8.61455
8.61455
8.61455
8.61455
8.61455
8.61455
8.61455
8.61455
8.61455
8.61455
8.61455
8.61455
8.61455
8.61455
8.61455
8.61455
8.61455
8.61455
8.61455
8.61455
8.61455
8.61455
8.61455
8.61455
8.61455
8.61455
8.61455
8.61455
8.61455
8.61455
8.61455
8.61455
8.61455
8.61455
8.61455
8.61455
8.61455
8.61455
8.61455
8.61455
8.61455
8.61455
8.61455
8.61455
8.61455
8.61455
8.61455
8.61455
8.61455
8.61455
8.61455
8.61455
8.61455
8.61455
8.61455
8.61455
8.61455
8.61455
8.61455
8.61455
8.61455
8.61455
8.61455
8.61455
8.61455
8.61455
8.61455
8.61455
8.61455
8.61455
8.61455
8.61455
8.61455
8.61455
8.61455
8.61455
8.61455
8.61455
8.61455
8.61455
8.61455
8.61455
8.61455
8.61455
8.61455
8.61455
8.61455
8.61455
8.61455
8.61455
8.61455
8.61455
8.61455
8.61455
8.61455
8.61455
8.61455
8.61455
8.61455
8.61455
8.61455
8.61455
8.61455
8.61455
8.61455
8.61455
8.61455
8.61455
8.61455
8.61455
8.61455
8.61455
8.61455
8.61455
8.61455
8.61455
8.61455
8.61455
8.61455
8.61455
8.61455
8.61455
8.61455
8.61455
8.61455
8.61455
8.61455
8.61455
8.61455
8.61455
8.61455
8.61455
8.61455
8.61455
8.61455
8.61455
8.61455
8.61455
8.61455
8.61455
8.61455
8.61455
8.61455
8.61455
8.61455
8.61455
8.61455
8.61455
8.61455
8.61455
8.61455
8.61455
8.61455
8.61455
8.61455
8.61455
8.61455
8.61455
8.61455
8.61455
8.61455
8.61455
8.61455
8.61455
8.61455
8.61455
8.61455
8.61455
