3245
3354
2743
2093
2739
2644
2632
2717
2720
2594
2729
3378
2637
2717
2592
2469
2592
2644
2531
2661
2769
2805
2612
3341
2802
2668
2718
2631
2729
2741
2677
2696
2597
2567
3190
2702
2653
2755
2624
2732
2742
2783
2741
2777
2734
3283
3387
2742
2603
2673
2661
3221
2623
2594
2534
3103
2521
2354
2564
2322
2315
2342
2469
2564
2435
2441
2936
2442
2412
2276
2332
2543
2369
2418
1918
2959
2420
2390
2697
2249
2288
2302
2219
2303
2810
2299
2407
2842
2417
2512
2378
2519
2956
2449
2437
2342
2359
3071
2490
2546
2987
2318
2287
2461
2386
2454
2320
2264
2278
2172
2094
2050
2230
2092
2064
2119
2140
2009
2272
1838
1888
2006
2105
1936
2018
2113
1981
2616
1993
2145
1978
2212
2139
2148
2103
2378
2212
2298
2299
2353
2290
2317
2340
2368
2436
2384
2401
2240
2271
2272
2171
2499
2394
2429
2442
2380
2316
2357
2385
2337
2341
2309
2300
1879
2577
2235
2223
2185
2214
2275
2194
2200
2310
2271
2278
2090
1730
2048
2105
2051
2213
2046
2130
2026
2085
1694
1762
2148
1946
2016
1946
1735
1620
2024
1935
1540
1669
1574
1955
1675
2005
2113
1601
1986
1703
1945
1692
2182
1944
2012
2000
1658
2072
1709
2001
2049
2021
1732
1729
1632
2109
2255
2069
2064
2101
2000
2136
2080
1724
2097
2266
2216
2100
1763
2509
2263
2109
1878
2107
2457
1822
2149
2084
2594
2118
2140
2606
2324
1858
2215
2270
1866
2194
1893
1813
1926
1868
1795
1783
1770
1762
1779
1775
2170
1798
1800
1978
1935
1679
1980
2109
1612
1759
1944
1912
1951
1945
2240
1926
1960
1926
1913
1981
1943
1877
2021
1847
2005
2171
1987
1635
1905
2020
1975
2009
2052
