6.31828
6.31828
6.31828
6.31828
6.31869
6.3191
6.3191
6.3191
6.31934
6.31934
6.37039
6.4719
6.4719
6.4719
6.4719
6.4719
6.4719
6.4719
6.4719
6.4719
6.4719
6.4719
6.4719
6.4719
6.4719
6.4719
6.51315
6.51315
6.51315
6.51315
6.51315
6.51315
6.51315
6.51315
6.51315
6.51315
6.51315
6.51315
6.51315
6.51315
6.51315
6.51315
6.51315
6.51315
6.51315
6.51315
6.51315
6.51315
6.51315
6.51315
6.51315
6.51315
6.51315
6.51315
6.51315
6.51315
6.51315
6.51315
6.51315
6.51315
6.51315
6.51315
6.51315
6.51315
6.51315
6.51315
6.51315
6.51315
6.51315
6.51315
6.51315
6.51315
6.51315
6.51315
6.51315
6.51315
6.51315
6.51315
6.51315
6.51315
6.51315
6.51315
6.51315
6.51315
6.51315
6.51315
6.51315
6.51315
6.51315
6.51315
6.51315
6.51315
6.51315
6.51315
6.51315
6.51315
6.51315
6.51315
6.51315
6.51315
6.51315
6.51315
6.51315
6.51315
6.51315
6.51315
6.51315
6.51315
6.51315
6.51315
6.51315
6.51315
6.51315
6.51315
6.51315
6.51315
6.51315
6.51315
6.51315
6.51315
6.51315
6.51315
6.51315
6.51315
6.51315
6.51315
6.51315
6.51315
6.51315
6.51315
6.51315
6.51315
6.51315
6.51315
6.51315
6.51315
6.51315
6.51315
6.51315
6.51315
6.51315
6.51315
6.51315
6.51315
6.51315
6.51315
6.51315
6.51315
6.51315
6.51315
6.51315
6.51315
6.51315
6.51315
6.51315
6.51315
6.51315
6.51315
6.51315
6.51315
6.51315
6.51315
6.51315
6.51315
6.51315
6.51315
6.51315
6.51315
6.51315
6.51315
6.51315
6.51315
6.51315
6.52166
6.52166
6.52166
6.52166
6.52166
6.52166
6.52166
6.52166
6.52166
6.52166
6.52166
6.52166
6.52166
6.52166
6.52166
6.52166
6.52166
6.52166
6.52166
6.52166
6.52166
6.52166
6.52166
6.52166
6.52166
6.52166
6.52166
6.52166
6.52166
6.52166
6.52166
6.52166
6.52166
6.52166
6.52166
6.52166
6.52166
6.52166
6.52166
6.52166
6.52166
6.52166
6.52166
6.52166
6.54152
6.54152
6.54152
6.54152
6.54152
6.54152
6.54152
6.54152
6.54152
6.54152
6.54152
6.54152
6.54152
6.54152
6.54152
6.54152
6.54152
6.54152
6.54152
6.54152
6.54152
6.54152
6.54152
6.54152
6.54152
6.54152
6.54152
6.54152
6.54152
6.54152
6.54152
6.54152
6.54152
6.54152
6.54152
6.54152
6.54152
6.54152
6.54152
6.54152
6.54152
6.54152
6.54152
6.54152
6.54152
6.54152
6.54152
6.54152
6.54152
6.54152
6.54152
6.54152
6.54152
6.54152
6.54152
6.54152
6.54152
6.54152
6.54152
6.54152
6.54152
6.54152
6.54152
6.54152
6.54152
6.54152
6.54152
6.54152
6.54152
6.54152
6.54152
6.54152
6.54152
6.54152
6.54152
6.54152
6.54152
6.54152
6.54152
