90
86.6966
90
90
90
87.0549
90
90
87.3384
90
90
90
90
90
90
90
90
90
90
90
90
90
90
90
90
90
90
90
90
90
90
90
90
90
90
90
90
90
90
87.3663
90
90
90
90
90
90
87.3686
90
90
90
90
87.0194
90
90
90
86.3061
90
90
90
90
87.362
86.7961
90
90
90
90
90
90
90
90
90
90
90
90
90
90
90
90
90
87.0526
90
90
90
90
90
90
90
90
90
90
87.0627
90
86.5493
87.1325
90
90
87.3884
90
90
87.3864
90
90
90
90
90
90
90
90
87.0753
90
90
87.3733
87.1326
90
90
90
90
87.3516
90
90
90
90
90
90
90
90
90
90
90
90
87.3662
90
90
90
90
90
87.372
90
90
87.4614
90
90
90
90
90
90
90
90
90
90
90
90
87.1548
90
90
90
90
90
90
90
90
90
90
90
90
90
90
90
87.3689
90
90
90
90
90
90
90
90
90
90
90
90
90
90
90
90
90
90
90
90
87.1193
90
90
90
90
90
90
90
90
90
90
90
90
90
90
90
90
90
90
90
90
90
90
90
90
90
90
90
90
90
90
90
90
90
90
90
90
90
90
90
90
90
90
90
90
90
90
87.1309
90
90
90
90
90
90
87.3149
90
90
90
90
90
90
90
90
90
90
90
90
90
90
90
90
90
90
90
90
90
90
90
90
90
90
90
90
90
90
90
90
90
90
90
90
90
90
90
90
90
90
90
90
90
90
90
90
90
90
90
90
90
90
90
