3.30615
4.40269
2.98417
3.35284
3.93832
4.2954
4.19038
3.81027
4.18769
4.06523
3.93019
3.5392
3.63019
3.58265
3.31406
3.65666
3.94501
3.63114
3.52247
3.47661
3.31377
3.51826
3.21542
3.51307
3.51243
3.35437
3.32034
3.34895
4.0298
3.22565
3.33164
3.73864
3.33694
3.6189
3.72502
3.92773
3.21643
3.73038
3.9598
4.17266
4.07193
3.40151
3.8053
3.74014
3.19915
3.9244
4.17698
3.91474
3.94655
3.59037
3.37622
4.29457
3.42688
3.58943
4.17365
4.50871
3.92184
3.34888
3.40119
2.89806
4.17118
4.39681
3.52018
3.74383
3.73181
3.51977
3.73934
4.05692
3.94672
4.05663
3.22127
4.03589
3.96609
4.04614
4.30489
3.91468
3.95407
3.74133
3.63746
4.29229
3.96259
4.18883
3.91978
4.03589
3.91632
3.93996
3.59694
3.85439
4.28209
3.92378
4.28608
3.96662
4.29566
4.17061
3.92574
3.11793
4.06859
3.73565
3.85224
4.075
4.06765
3.84529
2.9847
3.9615
3.95917
3.706
3.3009
3.58522
4.27557
3.95574
3.96173
4.06593
4.17395
4.18111
3.85277
4.06453
4.06648
4.27449
4.06519
3.5339
3.61661
4.06015
3.73561
3.93692
4.17729
3.35082
3.95858
3.33776
3.13774
3.32311
4.05958
3.73454
3.96019
3.19642
4.06463
3.63606
4.06511
4.06015
3.72418
3.95121
3.94154
3.82823
3.70842
4.05275
3.59021
3.32851
3.52748
3.75677
3.84576
3.53854
3.32344
3.94855
4.0599
4.05364
3.52528
3.38999
4.16759
3.96672
3.46496
3.61842
3.96331
4.05866
3.83785
4.04873
3.62304
4.16884
3.62824
4.06636
4.05179
3.22776
3.91766
3.22906
4.06472
3.83066
3.62804
4.05934
3.93436
3.51768
4.17404
3.6059
3.73174
3.94952
3.94857
3.83232
3.53421
3.73617
3.9502
3.83066
3.63225
4.17508
3.32891
4.0643
3.7537
3.83103
3.95088
3.53283
3.73523
4.06593
3.31409
3.72608
3.63323
3.75039
3.10046
3.64991
3.74782
3.30488
3.86138
3.6393
3.52579
4.05771
3.7262
3.95662
3.64628
4.06674
3.64013
3.52709
4.05149
3.52623
4.07029
3.79207
3.82751
3.96653
3.22781
3.7453
3.7537
4.06545
3.11209
3.30686
3.53212
3.35202
4.07511
3.34712
3.42764
3.71451
4.05159
3.59005
4.17172
3.33532
3.73355
4.17131
3.57722
3.18971
4.0598
4.17547
3.96284
4.05488
3.22436
3.92557
4.27443
4.17299
3.33201
3.22715
3.69539
3.80572
3.72274
4.27292
4.2904
3.40937
4.50908
4.16981
4.17414
4.16278
4.16569
3.55719
4.40358
4.28621
4.39291
4.28425
4.38085
4.39471
4.51716
4.1893
4.27854
4.05995
3.31681
4.2788
3.78404
4.39374
4.28222
4.28512
4.48827
4.38127
4.49212
4.29046
4.28559
4.61257
4.49198
4.28029
3.87681
4.28766
4.40175
4.38829
4.27183
4.50498
4.38076
4.38653
4.49381
4.50006
3.33069
