4.0236
4.18201
4.174
3.89616
4.3954
3.621
4.03004
3.93777
2.13647
3.86702
3.86496
3.76405
2.01846
3.68794
2.06874
4.06161
3.45906
3.81344
2.08251
1.99047
2.01412
3.92227
2.22045
3.92461
4.33274
2.28483
3.72547
3.61913
3.91454
3.80303
3.73576
3.84877
3.79099
3.59169
3.69066
3.84793
3.99164
3.86033
2.04688
3.87807
3.84052
3.67865
3.80454
3.89085
3.78748
3.71555
3.64449
3.17921
4.14747
3.50859
3.74513
3.54146
3.6887
3.69965
3.79417
3.76872
4.0345
3.97054
3.90246
4.14726
3.68717
4.28493
4.21637
4.24032
4.25265
5.01932
4.29161
4.18952
4.16466
4.19591
4.26151
4.33725
5.00085
3.81465
5.06695
4.37865
4.3069
4.38448
4.10412
3.71331
4.30594
3.65522
4.38209
4.38127
4.26385
2.6531
4.25549
3.56955
4.03733
4.13456
4.10371
4.24345
3.66901
4.31824
4.49226
4.65443
4.42513
4.36536
4.11845
4.07889
4.14176
4.12089
3.56517
4.24129
4.22625
4.42081
4.13193
4.28613
4.87484
4.34262
4.15418
3.81374
4.38475
3.58295
4.50132
4.38183
4.26495
4.40757
3.5585
4.24936
4.20347
4.37557
3.50179
4.38473
4.00949
4.30684
4.57622
4.38473
4.7379
4.60851
3.86575
4.46146
3.66904
4.11014
4.67852
4.14532
2.45385
4.42225
3.62794
4.32089
3.98996
4.32566
3.06152
4.78651
4.33255
4.20977
4.43922
4.41354
4.49378
5.18855
4.93345
5.04862
2.8409
4.29423
3.54174
3.61168
3.59065
4.43731
4.85255
4.33495
2.77783
4.49353
4.58921
3.18578
4.0776
4.54818
4.22258
4.04354
4.39724
3.96714
3.52753
3.85519
4.35266
3.67772
4.62608
4.16716
4.49057
2.09465
3.84298
4.97285
5.3707
4.16093
4.39228
4.36933
4.54576
4.24936
4.42557
4.3377
4.35921
4.57847
4.5706
4.24499
4.3781
3.68742
4.21324
3.83708
4.33815
5.09922
4.35039
4.30568
4.19239
4.33511
4.2752
5.09915
4.42994
4.47519
3.606
5.21843
4.35448
5.28471
3.90145
4.56123
5.18202
4.45431
4.43913
3.8076
5.22036
5.35721
3.93102
5.30902
4.42514
3.9685
4.45335
5.33685
4.34262
3.99899
4.37089
5.16397
4.51063
3.98292
4.1989
4.30626
4.3781
5.30307
5.34548
4.33864
3.67192
4.42111
5.23846
3.89123
4.38029
4.527
4.1989
4.32698
5.18733
4.3184
5.37285
5.33558
5.48477
5.27083
5.35358
4.43803
5.09164
5.09031
4.36018
4.43212
4.35653
5.32948
5.19319
4.36114
4.47803
4.28723
4.4377
4.35098
4.37407
4.38143
4.3249
4.38038
4.3493
5.27113
4.25375
4.27514
4.3184
5.382
4.35174
4.20965
4.27386
4.53544
5.15405
5.21983
4.48585
5.21
4.24785
4.74266
4.2367
4.3249
5.25029
5.24837
5.39461
5.14232
5.11049
5.13066
5.17421
4.22246
4.39651
4.43444
4.18974
5.2325
4.21283
