10.7304
11.7244
11.6201
11.4324
10.4781
11.6505
11.6231
11.7339
11.6646
11.6733
10.401
10.7999
10.7509
11.7617
10.3246
10.8733
10.0592
11.1428
10.9862
11.4416
9.29623
10.909
8.28354
11.0652
10.867
11.0412
11.1702
10.9257
10.2176
10.2937
10.933
10.7468
11.4994
11.7142
10.6091
10.3764
11.1161
11.0871
11.5595
11.6923
11.7427
11.7002
11.2527
10.9903
11.4797
10.1791
11.6981
11.3636
10.795
11.2891
11.4678
11.6252
11.4652
11.4784
11.6694
11.6915
11.4208
11.6975
11.6935
11.8789
11.7299
11.6029
11.1624
11.3875
10.6509
11.3517
11.3065
10.6568
10.2993
11.0348
11.5264
10.1927
11.0491
10.4095
11.711
11.3393
10.2815
11.1873
11.2782
11.6337
11.6463
11.6757
10.47
10.3226
10.2166
10.1556
11.3002
11.6729
11.7286
10.2982
11.6511
10.2296
11.5937
11.6395
10.395
10.3821
11.6193
10.968
11.663
11.7268
11.7409
11.6974
11.0248
11.5887
11.6661
10.3051
10.4738
10.3855
11.5663
11.6203
11.7141
11.5735
11.6662
11.6264
11.6927
11.6606
11.697
11.683
11.5891
10.9869
11.7145
11.5642
11.6229
10.3019
11.7655
11.2424
11.6739
11.4863
11.4635
11.3883
11.533
11.4281
11.6477
11.4303
11.7252
11.4154
11.6104
11.6368
11.5915
11.6244
11.4805
11.6826
11.5723
11.6829
11.3575
11.429
11.2523
11.1831
11.6181
11.4087
11.5906
11.5952
11.666
11.5573
11.2733
11.5547
11.582
11.1133
11.2989
11.6234
11.6373
11.6758
11.7949
11.5923
11.6436
11.5634
11.7085
11.7498
11.4601
11.1049
11.3255
11.4723
11.6399
11.5142
11.1169
11.6354
11.3857
11.2162
11.6169
11.6001
11.5858
11.6363
11.6344
11.5863
11.4782
11.6184
11.6717
11.6832
11.3986
11.6386
11.2749
11.6277
11.4695
11.6062
11.6496
11.4268
11.7279
11.7749
11.4348
11.7145
11.3255
11.0009
11.7502
11.4075
11.392
11.3831
11.4261
10.9976
11.2148
11.6353
11.5669
11.2418
11.2872
11.6104
11.597
11.1572
11.0953
11.311
11.3744
11.1863
11.5868
11.2908
10.3749
11.0572
11.1354
11.6305
11.1132
11.2878
11.2581
11.2005
10.3028
11.4345
11.3248
11.5748
11.4991
11.325
11.561
11.326
11.108
11.5493
11.1164
11.3613
11.6845
11.5608
11.3995
11.0828
10.3919
10.515
11.6843
11.6078
11.3939
10.5502
11.1961
11.4572
11.7488
11.6287
11.6257
11.7636
11.7284
11.5636
11.7467
11.617
10.4466
11.5653
11.627
11.7001
11.7208
11.6383
11.6162
11.7257
11.7785
11.6056
11.6644
11.6301
11.1559
11.6186
10.2574
11.6356
11.6745
11.7839
11.7066
11.6593
11.6594
11.7244
11.6418
11.6502
11.6949
11.7008
11.5044
11.7488
11.6502
11.7372
11.6462
11.7769
11.6594
11.7584
11.667
11.8114
11.7907
