2354
2315
2443
2397
2252
2095
3888
2331
2156
2240
2125
2095
2088
2104
2002
2142
1742
3812
1984
2042
2898
2061
2856
3860
3471
1895
2116
2103
1982
2137
2097
2139
2155
3698
2250
2128
2291
2314
2055
3939
2446
2270
2248
4027
2352
2300
4298
2420
2435
2309
2551
4398
2479
2474
4487
2588
4341
2616
2442
2556
4457
2604
2484
2677
2416
2619
4565
2518
2537
2698
4560
2483
2615
2484
4513
4570
2493
4455
2517
4275
2422
2413
2557
4244
2295
2268
2403
2385
2467
2306
2323
2276
4051
2263
2387
2410
4061
2170
2332
2304
2374
2185
2071
2217
2279
2243
2203
3739
2196
2175
2158
2089
2173
3834
2187
3824
2167
3679
2142
2157
2156
2272
1961
2015
2216
2281
2092
2107
2112
2138
2027
2162
3641
2188
2318
2109
1979
2154
3598
2136
2085
2160
2056
2247
2327
3767
2208
2179
2259
2106
2304
3850
3667
2261
1975
2052
3689
2234
2197
2222
2017
3823
2264
2090
2337
2304
2271
3872
2087
2099
2088
2052
2249
2076
2124
2245
2233
1948
3746
3806
3866
2240
3913
3898
2171
2279
3832
2154
3820
3832
2181
2230
3982
3656
3866
2307
2452
4154
2253
3836
2155
2361
2266
3966
2129
2273
3680
2289
2318
2292
2184
2240
2286
2326
3922
2188
2465
2337
2331
3953
3881
4071
2336
2379
2331
2356
2227
2449
4003
2338
2463
2489
2514
2558
2601
2453
2390
4486
2661
2531
2701
2575
2640
2542
2723
2618
2588
2770
2817
2776
2672
2634
2790
2805
2697
2687
2777
2757
2687
2782
2693
2724
2701
2680
2768
2788
2759
2777
2600
2770
2779
2757
2752
2702
2720
2788
2692
2850
2890
2884
2824
2805
2766
2813
2864
2772
2903
2899
2847
2817
2887
2876
2829
2961
2842
2880
2775
2883
2873
