3.25882
3.04926
3.24873
3.25608
3.19921
3.09662
3.35194
3.38167
3.10317
3.20019
3.2901
2.68156
3.20153
2.9914
3.20243
3.29617
3.07327
3.4791
2.89589
2.91315
3.72472
3.19012
3.81848
3.17895
3.09836
2.99002
3.00616
3.0971
3.19007
3.09604
3.19213
3.09775
3.00442
3.09254
2.89593
3.33788
3.4812
3.09131
3.0117
3.09698
3.24272
2.9021
3.00841
3.00254
3.44221
3.00237
3.10173
3.00442
3.3482
3.09795
3.0153
3.08396
3.09771
3.09795
3.20079
2.9991
3.01189
3.53947
3.00376
3.54214
3.0903
3.09783
3.19978
3.47208
3.19182
3.72833
3.18852
3.07893
3.56771
3.57887
3.65943
3.08573
3.75684
3.19381
3.56081
3.55803
3.08758
3.54804
3.56168
3.09433
3.08867
3.1956
3.6522
3.09763
3.00376
3.20056
3.00949
3.19863
3.56515
3.55972
3.09043
3.19921
2.89749
3.00458
3.54954
3.35989
3.00863
3.00442
3.65764
3.00442
3.55669
3.00507
3.00442
3.19157
3.00002
3.56342
3.08478
3.46617
3.09373
3.09884
3.46022
3.00401
3.00529
3.48689
3.55849
3.20128
3.45018
3.19368
3.0854
3.56518
3.56399
3.56619
3.19626
3.0015
3.58816
3.57223
3.00442
3.08633
3.09397
3.1914
2.99852
3.55915
3.00957
3.56111
3.55659
3.00442
2.99929
3.09571
2.99594
2.92044
3.53641
3.5574
3.0973
3.55254
3.55994
3.19538
3.56071
3.55435
3.56298
3.08945
3.55252
3.09168
2.90035
3.54779
2.99646
2.99678
3.198
3.06838
3.55195
3.00403
3.00483
3.55156
3.45426
3.19165
3.55642
3.56855
3.4644
3.35339
2.99852
3.08783
2.99755
2.99095
3.35079
2.99179
3.08555
3.67023
3.0832
2.98675
3.48724
3.54821
3.56241
3.56423
3.543
3.55181
2.99809
3.46101
3.55642
3.65832
3.55522
3.00376
2.89746
3.45182
3.4717
2.99484
3.5641
3.54848
3.55677
3.55921
3.54965
3.46021
3.45752
3.58998
3.56054
3.55642
3.09235
3.56201
2.99768
3.44845
3.56058
3.55102
3.5518
3.46624
3.54927
3.56191
3.64818
3.54787
3.55544
3.34263
3.55745
3.553
3.56177
3.55926
3.45689
3.5479
3.45146
3.54965
2.99179
3.55427
3.44984
3.45036
3.66561
3.55179
3.55151
3.55306
3.54954
3.5674
3.0129
3.56033
3.45194
3.55961
3.55762
3.55653
3.56816
3.0911
3.75366
3.3497
3.5642
3.66156
3.56208
3.55022
3.54636
3.55862
3.56382
3.54081
3.55602
3.54946
3.46291
3.6504
3.64601
3.55861
3.64876
3.54899
3.65048
3.65444
3.54804
3.56032
3.56208
3.66469
3.55175
3.55694
3.55528
3.54948
3.55937
3.5518
3.55351
3.34224
3.54761
3.5444
3.55359
3.66278
3.54826
3.54455
3.54617
3.54455
3.54978
3.65356
3.54502
3.55602
3.55143
3.44331
3.55005
3.54711
3.54015
3.6506
3.55063
3.55376
3.54848
3.54745
3.54085
