90
90
87.0912
90
86.5176
90
90
90
90
90
90
90
90
90
90
92.5725
90
90
87.1248
90
87.5219
86.8205
87.4091
90
90
90
90
90
90
90
90
90
90
90
90
87.2121
90
90
86.8663
86.5704
90
90
90
90
90
90
90
90
90
90
90
86.573
90
90
90
90
90
90
94.3663
90
90
93.4625
90
90
90
90
90
86.3359
86.4136
93.5748
90
93.8838
90
90
90
90
90
87.4299
87.1799
92.9196
90
90
90
86.7439
90
92.9043
87.0992
92.7573
93.8771
90
90
93.2724
90
90
90
90
90
94.0212
90
86.4551
90
93.9146
90
90
90
90
92.6318
90
93.8632
90
90
86.5692
86.7637
90
90
94.3785
93.5989
90
94.835
90
90
90
87.4991
94.0981
90
90
90
94.5146
90
90
86.7674
92.9172
86.5265
93.5712
90
90
90
90
90
87.1406
90
86.7259
90
90
93.2728
90
86.3961
86.3628
90
86.1006
90
85.7304
87.4821
90
94.5422
86.0173
87.1103
90
86.4603
90
90
90
93.9845
93.9002
87.5042
90
92.543
90
90
87.1647
90
86.6878
90
90
90
86.7472
90
86.0623
85.4154
86.0506
90
90
94.2792
90
90
90
87.5005
90
92.8731
86.7614
90
92.8858
90
93.8816
90
90
86.0865
93.2605
87.1726
87.1426
86.0576
93.5629
86.3977
87.0928
86.7777
90
87.4933
90
86.7786
93.063
90
93.5453
90
90
93.9053
87.517
85.0111
86.1247
90
90
90
90
90
86.7312
90
87.4558
90
86.4381
93.5374
93.4874
90
87.457
92.8031
93.2571
90
87.1791
90
93.903
90
86.0883
86.0759
90
90
90
93.2294
90
90
93.2596
93.2516
93.4636
90
90
87.4685
86.4474
90
90
93.2673
93.8932
90
87.1808
90
90
93.5477
90
87.4498
90
90
90
90
90
90
87.0672
92.9257
92.8324
90
90
86.4119
87.4283
87.1564
84.2744
90
90
94.2081
87.4769
90
90
86.0297
87.4272
90
90
93.2271
90
90
90
92.8607
93.2952
90
90
