4.0165
4.16111
4.59077
4.30262
4.70744
4.54984
4.15874
3.88314
4.30704
4.0926
3.80946
3.97314
3.70499
4.15678
4.16426
2.33418
3.44577
3.69262
4.44587
4.09106
4.44147
4.30221
4.45456
3.42401
3.98719
4.15694
3.39987
3.94898
4.07837
4.25706
3.47219
3.68006
4.01481
4.18107
4.15977
4.30724
3.67567
4.31597
4.0788
4.38618
3.74438
3.67308
3.87438
4.15828
3.57122
3.44664
4.0181
3.54483
3.73253
4.01568
4.25746
4.25245
4.45754
3.60689
4.29841
4.24908
3.27597
3.70067
1.50325
3.67806
4.25656
1.92391
4.38948
3.69347
4.15702
4.08851
3.55208
4.68361
4.68085
1.76661
3.94852
1.78819
3.99687
3.95852
4.0891
3.57429
4.08975
4.45901
4.44242
2.2142
3.40581
4.07889
4.15392
4.73425
3.39076
2.21805
4.59352
2.32094
1.91918
3.68069
3.57974
2.04822
3.68512
3.95987
4.25802
3.269
3.86122
1.49953
4.15799
5.02731
4.15672
1.80181
4.157
4.30247
3.8172
4.17747
2.47557
4.09098
1.94045
3.97771
3.1586
4.25884
4.6012
4.44016
4.4368
1.64352
2.07171
3.84789
1.12481
2.62565
4.08076
2.89699
4.3024
1.92479
3.5479
4.15451
4.17346
1.78472
3.41695
3.13872
4.71565
2.22851
4.58234
2.07521
4.31113
3.41078
2.76214
3.68993
4.10317
4.60162
3.20425
4.74
3.86367
3.57397
2.05592
4.07526
4.88728
4.88865
3.7174
4.88424
4.29579
5.17562
4.60019
4.50263
2.05001
5.02993
4.73136
3.27896
4.88824
2.51423
3.87319
4.11652
2.05512
1.80372
4.43497
3.81114
2.37191
4.08748
3.81456
4.44317
3.69836
4.88542
3.95857
4.30071
2.92791
4.88618
3.82772
5.16564
5.03194
5.02804
3.89394
4.10071
1.78118
4.31493
4.01635
4.10662
4.44172
4.24866
2.21766
4.59801
4.2494
2.22698
4.1119
1.80004
4.29742
4.58587
4.88197
2.21709
4.4348
4.31208
5.03548
2.08235
4.88776
4.73176
4.73485
3.75117
4.45118
3.72298
4.73617
2.21375
4.24401
2.08359
4.09038
3.26885
1.95852
4.44785
5.18301
4.74253
3.88498
3.67889
3.94991
3.75213
3.67725
4.88524
3.72186
4.44414
4.09943
4.60275
2.0814
1.94202
4.26289
4.44895
2.23438
2.08476
3.26953
4.30033
3.67155
1.80876
3.99311
4.89386
5.03932
2.91747
3.96761
3.05322
2.09891
3.28252
2.51947
2.08328
2.08084
1.94292
3.14202
4.40095
4.44727
4.74142
4.1688
4.15661
2.21585
1.80936
3.69891
4.29543
4.26232
3.82257
2.09085
4.11465
4.45456
4.30051
3.68251
3.72906
2.2188
4.01068
4.11801
4.60296
1.94513
2.04999
4.11738
3.86112
5.03997
4.45095
4.59654
4.93462
3.86492
4.09049
1.81186
4.58594
3.67966
3.27562
5.032
4.59351
3.58952
4.1535
2.21937
3.68177
4.16157
4.14415
2.2338
2.21978
3.72937
4.44027
