3.2891
2.82748
2.51548
2.60229
3.23763
3.0745
2.79279
2.98803
2.91378
5.23571
2.97595
4.92424
2.6975
5.1613
4.44014
3.00636
4.5288
3.37395
2.91045
2.71974
4.95645
2.85805
2.73153
2.67351
3.29638
4.69321
2.79752
5.11825
2.93376
4.90572
5.08742
2.98307
2.77209
2.80566
5.26147
4.85443
2.8995
2.88875
2.3318
2.84403
2.78368
4.77052
4.97553
4.8884
5.07583
3.05459
2.79507
3.20494
3.1548
2.82227
5.25288
5.09598
2.74713
5.34929
2.69065
3.12297
3.05673
2.8964
5.14795
5.29236
3.08084
2.91166
5.17606
2.88366
2.97371
2.74657
5.21259
3.66809
5.31734
3.05926
5.18453
5.0843
3.16535
3.26981
3.18695
2.90655
3.35692
2.80428
5.49097
2.64106
2.8919
3.01497
3.54001
3.07115
3.05895
2.78435
2.75474
5.45154
3.23421
3.13581
2.59552
3.0512
2.72516
2.92106
2.96459
3.01024
5.57273
3.01723
2.77485
5.13181
2.90782
3.01761
2.83573
3.02348
2.98742
5.29789
3.04684
5.29034
5.32883
2.89428
3.44612
5.34769
3.03611
3.42035
3.59738
2.84107
3.44523
3.59835
5.1872
3.00762
2.59452
2.6812
3.42837
2.93545
5.42127
3.06395
3.09059
3.15621
2.90997
4.83616
3.16535
3.13411
3.08596
3.24715
2.92688
5.37489
5.05372
3.07227
2.66492
5.16546
3.19713
2.89797
2.85059
5.17201
3.17793
2.8456
2.81562
3.20398
3.06017
3.10922
3.28723
5.41914
5.51738
2.72649
2.95867
3.14014
2.87378
2.73009
4.93722
2.98741
5.06958
2.6911
3.11077
2.98266
2.90037
3.04682
2.93953
5.34743
3.06318
5.11904
2.87653
2.89083
2.82813
2.95697
5.29586
3.06088
2.87776
3.042
2.87095
2.27547
2.35272
2.71406
3.04152
2.96866
2.51892
2.72415
5.58708
3.0812
5.0328
3.02134
2.80324
2.4986
5.25224
3.00275
2.96857
2.47586
3.21246
2.68638
2.97273
2.31918
3.56339
3.5714
2.95997
3.03125
2.74422
5.30356
4.98134
2.86057
2.92879
5.1649
3.17259
2.95125
3.06966
2.60077
3.01813
5.0402
2.77633
3.14445
2.80119
5.29988
2.90659
5.00205
3.01671
3.31879
2.80806
3.00579
3.22406
3.08152
5.03923
5.32491
3.50893
3.01412
5.26221
2.98764
3.09182
2.42684
5.37113
2.83634
3.19741
2.69984
4.94948
3.12335
2.45306
3.38786
3.40866
2.83584
2.84409
3.32018
3.17534
5.09964
2.99678
3.16724
2.90768
2.96057
2.89353
3.09286
2.78551
2.97493
5.65849
3.08798
3.24327
2.95815
3.57732
2.8215
3.67581
3.32479
2.79362
3.17785
2.94669
2.93927
3.15971
2.85845
3.43184
2.9699
5.51035
2.6195
5.47022
3.03807
3.15537
5.459
2.91637
2.56825
3.33374
3.20179
3.17687
2.6365
3.45244
3.28427
3.15928
3.1202
2.67228
3.36327
3.20287
2.99027
2.96074
2.95692
2.99633
2.51712
