11.8067
11.7034
11.7151
11.7098
10.7367
10.539
11.8039
11.8153
11.7433
10.4521
10.3924
11.0773
10.3487
12.0877
12.0604
11.8252
11.4961
10.1366
11.7918
10.1168
12.141
11.6941
11.6436
10.5719
10.896
12.1304
10.6427
10.4718
9.88614
10.3123
11.9996
10.5472
11.8758
11.651
11.9911
12.0129
10.6186
11.7494
9.78885
10.4033
11.7321
10.5084
12.1403
12.1175
11.2296
11.0051
11.7543
10.3216
11.1189
11.72
10.5346
10.5156
11.6705
12.0614
11.8898
10.4357
10.7131
10.0154
11.4528
11.0669
10.7329
11.04
10.2376
10.8568
11.7262
9.95218
10.7489
10.0463
10.2845
11.0133
10.2826
11.8419
10.9672
10.7051
10.1241
10.8908
9.90507
11.743
12.1188
11.6139
10.7351
10.0194
11.7459
11.7105
10.4851
11.6433
11.7571
11.111
10.944
10.3835
11.6645
10.7358
10.0285
10.5278
10.1263
10.7538
11.9088
11.6495
11.7339
11.9816
11.6951
11.6683
11.6946
11.7889
10.4969
11.9713
11.5921
10.201
11.8131
9.98201
10.6422
10.5514
11.747
11.6959
11.8269
11.47
11.6789
10.5586
11.9054
11.6316
9.77712
11.6267
11.7558
11.3303
10.7733
11.8019
11.6774
11.1312
10.6303
11.3768
11.7367
11.5374
11.8625
11.6985
11.6621
10.9739
11.5489
10.5803
10.0715
12.1035
11.7724
11.7102
11.7448
11.4439
11.6608
9.14685
11.812
11.7094
11.6107
11.7686
11.7682
11.9371
12.0251
9.16174
11.08
11.7427
11.6975
11.1623
12.0888
11.6816
11.975
10.8366
11.7199
11.6983
11.7699
9.96878
11.6528
10.4595
10.1622
12.0083
10.8994
11.6579
10.3556
11.8073
11.8834
11.7852
10.1052
11.7896
11.8299
11.7295
11.645
10.4036
10.8474
11.6859
11.6771
10.1843
11.9582
10.3718
11.7785
11.619
10.7556
11.6325
10.4386
11.7518
11.706
11.8373
11.8544
11.6316
11.6805
11.7484
11.8486
11.7075
11.8806
11.7793
11.8961
11.9314
11.9784
11.5548
11.8888
11.1628
10.5882
11.768
10.0337
11.0363
11.6578
12.0172
11.7003
11.8337
11.7149
10.5836
10.4081
11.9678
10.551
11.7422
11.6227
11.7895
9.88852
11.7626
11.7773
11.9784
10.264
11.742
11.9294
11.6042
10.6526
11.7488
10.3713
11.6081
10.9044
11.7653
11.9892
11.7337
10.213
11.8034
11.5665
10.9443
11.6517
11.5959
11.6508
12.0729
11.7903
9.92583
11.7558
11.8306
11.6283
11.7976
11.5248
11.7072
10.8851
11.8169
10.1337
10.2183
11.6653
10.4759
11.8942
11.8577
10.1891
11.7579
11.6918
11.6952
10.4449
11.7561
11.6946
11.0524
10.1795
11.7511
11.9848
11.769
11.9885
8.93551
11.7366
9.98322
11.7065
11.8536
10.5154
10.8887
11.7334
11.747
11.7737
11.2131
11.6834
9.87272
11.7791
11.6015
11.6582
11.5316
11.6494
11.6436
