1947
1938
1950
1945
1834
1814
1910
1846
1947
1822
1803
1859
1847
2013
2008
1731
1866
1753
1896
1731
1992
1858
1921
1749
1752
2112
1718
1873
1794
1751
1933
1771
1879
1881
2101
1879
1738
1837
1679
1760
1869
1826
2004
1905
1840
1801
1880
1740
1819
1994
1839
1833
1822
1955
2003
1846
1714
1714
1767
1892
1812
1774
1827
1775
1858
1765
1792
1808
1927
1716
1749
1759
1710
1797
1791
1795
1695
1925
1935
1771
1752
1738
1886
1938
1832
1851
1868
1826
1761
1730
1845
1766
1762
1795
1728
1730
1935
1747
1773
2042
1961
1882
1895
1931
1731
1966
1762
1827
1884
1709
1865
1757
1887
1970
2067
1707
1725
1733
1789
1786
1710
1807
1935
1740
1753
1850
1852
1785
1798
1802
1869
1783
1860
1845
1916
1765
1857
1763
1733
1946
1690
1964
1831
1835
1806
1618
1936
1951
1779
1939
1863
2042
1947
1626
1847
1807
1876
1764
1892
1812
1890
1821
1838
1785
1865
1759
1792
1925
1776
1933
1849
1969
1831
1886
1765
1950
1678
1922
1972
1858
1782
1883
1745
1906
1970
1749
1995
1846
1875
1893
1845
1771
1861
1816
1849
1967
2075
1837
1914
1852
2067
1870
1949
1934
1959
2073
1876
1771
1962
1948
1754
1771
1734
1832
1823
1977
1943
1908
1909
1832
1764
2048
1765
2015
1866
1823
1793
1965
1908
1824
1750
1979
1897
1729
1781
1837
1882
1729
1868
1854
2025
1879
1681
1872
1850
1780
1798
1801
1798
1942
1884
1745
1917
1873
1843
1803
1799
1783
1807
1925
1726
1720
1802
1827
1882
1882
1722
1851
1804
1883
1773
1967
1769
1817
1786
1843
2077
1954
1754
1712
1915
1637
1741
1885
1739
1735
1972
1826
1820
1763
1769
1689
1828
1856
1806
1740
1781
1902
