3.3994
3.54741
3.40024
3.40333
3.40068
3.81721
3.40427
3.28788
3.54649
3.25123
3.39695
3.25574
3.2843
3.53383
3.39759
3.39678
2.99356
3.54792
3.26141
3.40409
3.3906
3.00299
3.40082
3.40447
3.39055
3.40321
3.39877
3.39902
3.38986
3.3859
3.40479
3.39182
3.5424
3.54148
3.39281
3.13727
3.40704
3.53939
3.00694
3.13925
3.54445
3.39048
3.40028
3.38845
3.40146
3.54394
3.13997
3.54181
3.27247
3.53987
3.38782
2.99302
3.54901
3.25846
3.53673
3.4028
3.39863
3.38432
3.25218
3.53998
3.26486
3.25989
3.38949
3.54053
3.25807
3.40033
3.39736
3.39693
3.39167
3.14269
3.39546
3.39607
3.67332
3.25062
3.39443
3.39964
3.39944
3.4048
3.2485
3.39883
3.13124
3.401
3.25556
3.4018
3.53262
3.39945
3.402
3.39119
3.40258
3.53407
3.40598
3.27589
3.39905
3.40262
3.4116
3.25754
3.39344
3.13741
3.40683
3.54282
3.4052
3.39873
3.53897
3.40657
3.53116
3.39633
3.54124
3.13526
3.53586
3.53458
3.40689
2.99372
3.27275
3.68634
3.54201
3.40002
3.54082
3.39958
3.1389
3.39753
3.40773
3.5411
3.27548
3.54837
3.2565
3.55522
3.40734
3.54253
3.14034
3.52945
3.38989
3.40438
3.14228
3.5354
3.39708
3.39442
3.25409
3.1381
3.39616
3.39255
3.40235
3.40023
3.39679
3.40304
3.38952
3.40838
3.39938
3.39997
3.54094
3.27987
3.40362
3.39326
3.54263
3.53846
3.81046
3.39481
3.55045
3.40592
3.39266
3.40412
3.40283
3.13796
3.68784
3.39883
3.40894
3.40784
3.40699
3.39344
3.39849
3.2537
3.55435
3.53604
3.41004
3.39906
3.40982
3.54659
3.40049
3.54257
3.13471
3.40845
3.1475
3.27911
3.4045
3.39616
3.28188
3.40157
3.39772
3.54579
3.3999
3.28311
3.26189
3.39975
3.5437
3.39477
3.54586
3.68342
3.26007
3.54235
3.28107
3.13931
3.40234
3.54027
3.39189
3.53536
3.39537
3.41408
3.4024
3.26822
3.39789
3.40841
3.5401
3.54178
3.53191
3.39632
3.5502
3.40564
3.14029
3.13929
3.53731
3.40377
3.54108
3.25281
3.40162
3.54396
3.53736
3.39642
3.39836
3.13839
3.53752
3.402
3.54612
3.40595
3.40256
3.40552
3.53362
3.1425
3.39343
3.39273
3.54311
3.2849
3.39448
3.40381
3.28257
3.39682
3.40416
3.40734
3.39536
3.40411
3.40468
3.40433
3.13754
3.4117
3.40777
3.27242
3.40656
3.39048
3.5317
3.40281
3.39747
3.13162
3.54247
3.39901
3.53731
3.13888
3.39506
3.54438
3.40053
3.40148
3.13982
3.40144
3.39886
3.39839
3.1405
3.14361
3.39884
3.5437
3.53691
3.39375
3.40556
3.1428
3.54228
3.39574
3.53453
3.54127
3.5401
3.53939
3.40325
3.53782
3.25879
3.26218
3.53686
3.39832
3.39551
3.39012
3.39892
3.54767
3.39351
3.53595
