100.031
97.289
100.074
97.2971
98.4653
101.204
97.4823
101.106
100.732
100.736
98.9291
101.063
99.7528
100.458
98.903
100.586
100.782
101.087
99.6827
100.851
100.56
101.365
100.476
99.977
101.712
101.378
99.9089
99.9193
101.854
98.5413
101.073
100.464
97.5331
101.403
100.475
97.811
101.004
100.474
96.7206
99.3416
98.7421
99.9379
100.573
98.8452
99.7248
100.233
100.572
97.3036
100.554
100.273
99.9187
100.268
100.294
98.2633
100.604
100.431
99.8022
100.535
99.8651
99.5018
101.197
100.164
99.5633
100.175
100.868
100.256
100.776
100.791
100.266
100.869
100.232
100.073
101.031
99.8792
100.201
98.9035
100.178
99.3675
101.113
100.377
100.106
97.616
100.296
97.5239
97.4772
101.11
100.238
100.172
100.347
100.47
100.265
100.843
99.9406
101.26
101.248
99.9007
101.815
100.871
98.1243
100.354
100.704
101.389
101.087
100.72
99.0071
99.3697
97.5183
99.6958
98.5101
99.4572
102.101
100.178
99.1497
100.252
98.7615
100.775
99.4046
99.9007
100.491
97.7474
98.7169
98.0965
99.8622
98.8534
101.199
100.727
99.3387
98.8328
100.25
100.879
102.092
99.9528
99.9289
100.221
97.375
100.489
99.8788
100.802
99.645
100.201
99.9716
97.862
99.9195
101.249
100.644
100.829
100.774
100.641
98.0634
101.688
96.9715
100.976
102.943
97.966
101.585
100.797
102.765
100.185
96.9599
100.112
101.414
100.258
98.4566
100.147
102.476
101.03
100.332
101.079
100.613
99.9727
103.183
98.0737
99.994
102.227
99.8351
100.861
100.897
102.478
100.152
102.172
101.81
102.212
104.506
96.7187
103.031
100.946
97.476
102.847
103.16
97.4649
102.167
99.4115
100.624
101.666
101.822
100.868
100.82
101.567
102.292
100.26
101.316
99.8194
101.364
101.321
101.735
101.329
102.736
96.9748
100.562
99.8804
100.768
99.8845
101.126
100.3
100.865
100.863
97.5013
100.199
102.14
102.326
96.2733
101.815
97.4566
97.5734
103.185
97.5424
101.787
98.0285
101.213
97.2634
100.31
100.911
98.2492
100.828
97.2453
100.503
98.2824
100.048
101.118
100.358
100.897
100.427
97.7057
100.857
101.858
100.269
97.2993
97.8812
100.985
99.8542
100.318
100.343
98.8374
99.5567
97.8801
99.8765
97.4969
97.3584
101.476
99.4591
101.46
101.242
96.5026
97.7786
101.494
99.8954
96.9195
97.2093
98.9806
99.4757
97.7584
97.0092
96.5597
98.7314
97.5453
96.9851
99.5454
99.4405
98.0295
98.1092
99.8046
96.9832
98.3161
97.7953
97.7713
98.0429
100.534
98.3671
99.9905
100.007
98.8474
97.8899
98.0694
97.5564
97.7922
97.19
95.4951
100.36
