4.10528
5.17899
4.01266
5.23845
4.71222
3.73136
5.09647
3.78833
3.84008
3.84166
4.54324
3.6843
4.10824
3.90991
4.58051
3.89824
3.78546
3.78819
4.3338
3.78937
3.90101
3.68797
3.94625
4.46776
3.53502
3.68246
4.16425
4.16057
3.4152
4.69657
3.68355
3.94148
5.19265
3.69721
3.9478
4.96291
3.8374
3.94102
5.28917
4.38618
4.59559
4.1268
3.91244
4.37672
4.23981
4.05227
3.91557
5.1839
3.91543
3.82276
4.15646
4.12439
4.00595
4.8144
3.90194
3.78109
4.20325
3.90849
3.99892
4.21079
3.67731
4.05227
4.10697
4.04876
3.80857
4.05371
3.82813
3.80173
4.02464
3.78762
4.01854
4.01849
4.01617
4.27014
3.94625
4.56559
4.0524
4.27122
3.60173
3.91039
4.05099
5.08163
4.05161
4.98339
5.10732
3.69041
3.90739
4.04838
4.01648
3.95111
4.01524
4.09663
4.15816
3.68087
3.62477
4.15898
3.41577
3.78966
4.75292
4.01217
3.73101
3.29677
3.60778
3.83735
4.58911
4.1777
5.07346
4.2538
4.59541
4.05969
3.59023
4.05083
4.46813
3.9065
4.59191
3.7293
4.26167
4.1587
3.95288
4.81182
4.59461
4.858
4.15954
4.26549
3.63011
3.84331
4.37801
4.59073
4.05273
4.05394
3.30383
4.12608
4.1581
4.0499
5.12141
3.9408
4.15933
3.83291
4.16017
4.04562
4.0529
4.96381
4.15699
3.74523
3.84456
3.80362
3.83307
3.85678
4.97759
3.84353
5.28435
3.8353
3.10254
4.98707
3.79911
3.78788
3.40968
4.01812
5.28575
3.68687
3.58129
4.00507
4.59778
4.05279
3.15473
3.83297
3.90278
3.89977
3.89779
4.01713
3.25801
5.17496
4.11934
3.62161
4.19628
3.78987
3.78686
3.15307
3.93842
3.08574
3.4125
3.30468
2.35238
5.3904
2.94009
3.36994
5.07844
2.9764
3.26554
5.08662
3.2757
4.3508
3.99998
3.26359
3.40794
3.79228
3.78672
3.61825
3.50833
4.018
3.60261
4.11171
3.61863
3.58678
3.7831
3.60176
3.04868
5.28699
3.89641
3.51112
4.1167
4.15376
3.68077
4.00628
3.78896
3.78574
5.08088
3.94001
3.36661
3.0918
5.45535
3.40424
5.0946
5.04471
2.76829
5.08606
3.4008
4.01716
3.40735
5.28424
4.00879
3.78578
5.0876
3.80235
4.90877
4.00884
5.08492
4.00309
3.79022
4.0079
3.89188
3.98829
5.08974
3.79256
3.78123
3.99919
5.28568
4.97114
3.78437
4.2072
4.11564
3.99211
4.64463
4.31366
4.96573
4.19437
5.09121
5.22953
3.6187
4.41918
3.5365
4.00081
5.4493
5.0933
3.53462
4.15433
5.29026
5.22089
4.53426
4.45041
4.98867
5.29116
4.97871
4.65259
5.0857
5.28123
4.19084
4.42493
5.27831
4.86006
4.1587
5.53554
4.86477
5.0883
5.0886
4.96866
4.00982
4.76943
4.16253
4.00981
4.66701
4.97265
4.97822
4.97681
5.0797
5.07586
5.19425
3.99571
