9.63005
9.59504
9.77691
9.62164
9.61843
9.74751
9.68059
9.6237
9.61589
9.8043
9.81282
9.61589
9.50362
9.53851
9.61589
9.57041
9.70788
9.66935
9.51412
9.62544
9.62966
9.69401
9.88194
9.58205
9.62556
9.61016
9.62902
9.72362
9.711
9.65829
9.68546
9.76297
9.5231
9.70788
9.69274
9.70373
9.50456
9.70326
9.58582
9.77618
9.77083
9.48028
9.5825
9.65486
9.58301
9.79114
9.69995
9.71054
9.80037
9.85517
9.61457
9.87965
9.57417
9.70321
9.60127
9.78266
9.61457
9.56663
9.57865
9.69423
9.61152
9.50772
9.67644
9.70914
9.62055
9.65416
9.67831
9.78914
9.66921
9.67058
9.71345
9.49171
9.72738
9.60802
9.5383
9.53559
9.55212
9.60076
9.7231
9.72185
9.59666
9.72461
9.56635
9.5337
9.65199
9.61162
9.73384
9.64506
9.77449
9.65199
9.6499
9.8424
9.70725
9.6337
9.74863
9.69352
9.66388
9.55101
9.54431
9.70145
9.81952
9.71228
9.57793
9.61445
9.54466
9.57345
9.62192
9.63871
9.80044
9.56243
9.53231
9.56003
9.62773
9.45654
9.54466
9.70788
9.55131
9.55762
9.59378
9.50067
9.41314
9.50082
9.54681
9.61497
9.49407
9.56635
9.61262
9.48558
9.52933
9.54273
9.55678
9.50067
9.56609
9.49546
9.57195
9.48378
9.45265
9.47776
9.5071
9.63276
9.57345
9.57675
9.644
9.49546
9.4946
9.4286
9.61588
9.57174
9.73012
9.47242
9.61728
9.44473
9.5825
9.44078
9.57345
9.49994
9.52407
9.56801
9.49588
9.56652
9.50019
9.55283
9.4746
9.49738
9.50211
9.55689
9.41285
9.51082
9.48431
9.49546
9.39508
9.43774
9.59907
9.56663
9.5071
9.52811
9.56914
9.58718
9.41373
9.46621
9.5071
9.69085
9.62453
9.62453
9.47051
9.53611
9.58556
9.58028
9.51064
9.41314
9.52121
9.61843
9.61333
9.53204
9.55696
9.51613
9.54475
9.47039
9.47657
9.45154
9.47905
9.49174
9.44078
9.43722
9.58447
9.49249
9.5764
9.40992
9.56663
9.52212
9.4547
9.65644
9.36597
9.36685
9.30599
9.47745
9.48835
9.3087
9.4286
9.40073
9.40928
9.48431
9.49217
9.47315
9.48001
9.45247
9.29768
9.41337
9.38842
9.31116
9.39581
9.41314
9.54914
9.39518
9.46629
9.31041
9.35206
9.44186
9.3324
9.48085
9.49682
9.56663
9.51856
9.39301
9.36589
9.47443
9.45383
9.36597
9.34071
9.46695
9.36597
9.42909
9.4432
9.48001
9.40202
9.37963
9.38565
9.46922
9.42466
9.43325
9.42746
9.34071
9.39212
9.39273
9.402
9.47315
9.57052
9.38714
9.48558
9.30599
9.53324
9.4031
9.5448
9.44181
9.57052
9.48903
9.57052
9.48849
9.46701
9.41319
9.38796
9.50227
9.41314
9.63834
9.56492
9.34374
9.46295
9.63967
9.55762
9.58459
9.54689
9.5551
9.41314
9.6088
9.53066
9.54945
9.55678
9.49394
