10.8078
10.8277
10.7532
10.7545
10.8109
10.7897
10.8138
10.8221
10.7629
10.788
10.8035
10.8287
10.8334
10.8359
10.7217
10.8029
10.8517
10.7895
10.7864
10.8035
10.8263
10.8287
10.7773
10.8194
10.84
10.7664
10.7953
10.7959
10.7587
10.805
10.8565
10.8297
10.7518
10.7322
10.7977
10.7964
10.7908
10.8033
10.827
10.807
10.8587
10.8403
10.7713
10.7963
10.7977
10.7915
10.801
10.8078
10.8113
10.8327
10.795
10.7677
10.8227
10.7851
10.8293
10.7869
10.8239
10.8232
10.7703
10.767
10.774
10.8316
10.8019
10.7948
10.773
10.7573
10.8084
10.7727
10.8043
10.7819
10.8318
10.7979
10.7541
10.7698
10.8063
10.7376
10.8544
10.8197
10.7886
10.7734
10.7815
10.7695
10.7403
10.7639
10.7587
10.7991
10.8393
10.7922
10.7594
10.7736
10.7721
10.7772
10.786
10.7403
10.7947
10.8357
10.7673
10.802
10.8335
10.8003
10.8051
10.8087
10.7823
10.7859
10.8113
10.764
10.7844
10.7584
10.7917
10.7489
10.7769
10.8053
10.7472
10.8311
10.7834
10.7329
10.7822
10.7844
10.7494
10.7686
10.8328
10.7584
10.831
10.8514
10.8417
10.7477
10.7667
10.8091
10.7097
10.8291
10.818
10.8523
10.8025
10.7436
10.778
10.7692
10.8012
10.7104
10.7812
10.788
10.7525
10.7162
10.7882
10.7677
10.8039
10.8001
10.7376
10.8149
10.748
10.7687
10.7765
10.7816
10.7423
10.8284
10.7754
10.8283
10.8036
10.8262
10.7837
10.8221
10.8103
10.8087
10.8357
10.8167
10.802
10.7818
10.7796
10.8143
10.7732
10.8232
10.7681
10.7383
10.8011
10.805
10.7562
10.7861
10.7984
10.7736
10.8266
10.7698
10.7828
10.748
10.7642
10.7594
10.7677
10.7713
10.7987
10.8359
10.7834
10.8272
10.7543
10.7731
10.7336
10.8021
10.7935
10.7942
10.7888
10.7862
10.8121
10.7698
10.8018
10.7715
10.7693
10.8193
10.8465
10.8044
10.806
10.7625
10.8241
10.8149
10.7533
10.8023
10.8339
10.7755
10.7972
10.7837
10.7963
10.8255
10.82
10.8253
10.7446
10.8009
10.8022
10.79
10.7841
10.7572
10.8036
10.8021
10.8023
10.8036
10.8097
10.7866
10.752
10.8111
10.7568
10.8087
10.7292
10.7946
10.7719
10.713
10.7735
10.7402
10.7755
10.7493
10.7587
10.8245
10.8069
10.7577
10.7628
10.7402
10.7757
10.775
10.7749
10.7708
10.7713
10.7805
10.7593
10.7646
10.8337
10.7764
10.8434
10.8004
10.8219
10.7628
10.8213
10.8223
10.7973
10.7838
10.756
10.7628
10.762
10.7671
10.7702
10.7232
10.7852
10.801
10.7997
10.7943
10.7329
10.8219
10.8099
10.7724
10.7973
10.7704
10.7993
10.7615
10.8293
10.7736
10.7723
10.7592
10.7591
10.7579
10.7475
10.8331
10.79
10.747
10.7948
10.7695
