5417
5580
5580
5518
5631
5346
5576
5474
5451
5360
5563
5478
5607
5599
5685
5527
5402
5450
5411
5428
5477
5490
5583
5374
5532
5569
5324
5395
5417
5418
5312
5595
5411
5319
5541
5685
5568
5414
5486
5237
5290
5405
5382
5234
5356
5467
5250
5349
5346
5341
5339
5264
5465
5452
5302
5307
5459
5433
5304
5231
5291
5043
5445
5224
5300
5035
5272
5381
5223
5493
5249
5514
5207
5257
5350
5204
5235
5179
5414
5264
5149
5455
5221
5177
5254
4948
5227
5134
5314
5397
5183
5216
5208
5233
5073
5133
5063
5195
5194
5204
5065
5036
5192
5204
5395
5284
4979
5004
5070
5290
5258
5127
5140
5119
5003
5159
5140
5125
5245
5278
5177
5275
5395
5335
5203
5151
5212
5231
5107
5168
4931
5060
5150
5213
5118
5136
5071
4993
5069
5243
5102
5200
5198
5265
5123
5038
5122
5217
5057
5101
5106
4939
5048
5134
4911
5081
4856
5087
5069
5168
5077
5025
5070
5025
5167
5117
5087
5225
5063
5052
5008
5022
4990
5125
4981
5084
5048
5034
5028
4981
5041
5138
5033
5292
5086
5211
5047
4969
5092
5030
5089
5073
5221
5045
4900
5148
4951
5258
5092
5078
5070
5064
5159
5226
5283
5106
5243
5102
5386
5191
5339
5172
5279
5385
5302
5397
5190
5424
5245
5135
5290
5350
5444
5288
5224
5337
5152
5035
5163
5399
5387
5287
5392
5542
5441
5461
5245
5275
5313
5309
5383
5481
5417
5170
5471
5399
5518
5369
5555
5375
5427
5461
5300
5448
5771
5530
5459
5555
5480
5526
5666
5566
5460
5701
5612
5727
5752
5567
5485
5680
5737
5583
5502
5756
5438
5652
5581
5631
5665
5585
5588
5604
5717
5742
5702
5732
5555
5626
5596
5482
5685
5570
5566
5429
5752
5535
5492
5583
