7.92888
7.94889
7.83334
7.99272
7.93026
8.00596
7.937
8.03719
7.91983
7.93261
7.93804
7.91895
7.83239
7.91004
7.93961
7.93629
7.91856
8.01688
8.01462
7.93095
7.93734
8.04105
7.93164
8.27429
8.02961
8.01555
7.93585
7.93643
7.93148
7.94212
7.93294
7.94166
8.03631
8.02621
7.94036
7.92495
8.03414
7.93534
7.84081
7.94172
7.93514
7.92546
7.9334
7.73689
7.94081
7.94832
7.94751
7.9543
7.94384
7.74956
7.93176
8.02547
7.93734
7.94705
7.95688
7.75289
7.94334
7.93427
7.74484
7.81504
7.9429
7.93585
7.74673
7.92376
7.94517
7.94639
7.94255
7.90838
7.93834
7.92811
7.92875
7.85484
8.20883
8.02137
7.83536
7.92987
7.94967
7.841
7.83999
7.85611
7.89435
7.96169
7.95377
7.82671
7.93144
7.93186
7.82293
7.92107
7.94555
7.93277
7.9169
8.22516
7.93881
7.95745
7.91821
7.94151
7.92054
7.93844
7.84598
7.95876
7.81572
7.65109
7.83359
7.9211
8.01655
7.72995
7.92005
7.93012
7.82497
7.64069
8.21152
7.93064
7.9301
7.82444
7.91579
7.81438
7.8334
7.92332
7.9338
7.7419
7.91644
7.91895
7.92545
7.64598
7.92329
7.91538
7.91916
7.95007
7.92608
8.21648
7.93916
7.93478
7.94003
7.92433
7.91147
7.92823
7.92135
7.91985
7.8246
7.92827
7.8338
7.92332
7.93027
8.02834
7.90563
7.93538
7.91953
7.92057
8.0229
8.29893
7.91985
8.01724
8.04025
8.01764
8.21688
7.91801
8.3048
7.90819
7.91856
7.54703
7.94639
7.91733
7.8198
7.92454
7.93483
8.0362
7.83304
8.13491
7.93536
7.82334
8.3025
8.22147
7.92608
8.30466
7.92569
7.9288
7.94451
7.92114
7.81587
7.73186
7.92186
7.95688
7.92232
7.92539
7.92424
7.5363
7.91257
7.91882
8.30799
7.92401
7.91324
7.92218
8.0266
7.72425
7.92618
7.93698
7.91075
8.03362
8.21994
7.91692
7.92554
7.84032
7.94762
7.91889
8.28941
7.93114
7.93329
7.92034
7.9329
7.27851
8.2067
7.91832
7.94211
7.92258
7.93359
7.92464
7.9241
7.83506
8.02152
7.82259
7.81764
7.92312
7.92224
7.91391
7.8213
7.93469
7.90952
7.0644
7.69013
8.03818
7.94164
7.94436
8.20522
7.93804
7.64386
8.01663
8.20861
7.82855
8.02396
7.92406
8.03981
7.94125
8.00571
7.9159
8.29914
7.9212
8.05419
7.94943
7.96249
7.93844
8.03926
7.92518
7.99513
7.94038
7.9474
7.94823
7.92299
8.0098
8.01765
8.01009
7.93289
8.29427
7.91631
8.03374
7.93536
7.93012
7.91098
7.94907
7.93394
8.04318
7.92117
7.93873
7.45566
7.94638
7.94282
7.92789
7.82297
8.01456
8.3064
7.94398
7.89489
8.1745
8.02125
8.03723
8.03623
8.00994
8.03737
7.9386
7.95772
7.80668
8.01645
7.95437
8.02572
7.85094
8.03277
7.78737
7.27123
7.93335
