99.991
97.1371
97.2373
98.9256
98.7937
95.1056
98.5931
90
90
94.8711
95.6154
90
96.097
96.4738
94.1123
98.125
95.0371
90
101.025
99.628
100.539
93.8558
90
97.4424
97.4837
99.371
96.1193
93.494
97.6632
95.6772
99.4118
98.4134
98.9875
98.2568
93.8658
94.4696
96.599
93.652
90
98.7929
99.2901
96.1545
95.7296
97.3861
95.0615
100.486
90
94.5224
97.9719
98.4421
94.0236
100.481
96.829
97.6553
95.5529
93.9215
97.0413
98.2139
96.7377
93.9698
96.863
99.4044
93.5234
90
95.9561
96.5578
94.009
97.8926
97.8548
90
98.3734
90
95.8556
98.0869
97.3691
95.036
98.4309
90
90
93.8915
90
90
96.4785
97.6509
103.449
90
98.9461
93.9181
94.5357
101.072
97.9469
98.6365
95.3376
97.8336
99.6189
90
98.1176
99.9984
97.6878
97.0445
98.8089
94.5514
90
94.9268
99.3399
98.8949
99.1314
95.5664
97.4034
97.5927
99.8401
93.9495
100.129
90
90
93.9386
94.7458
99.5801
95.5515
100.054
101.043
94.7497
94.8715
98.1106
95.5976
97.1776
99.4497
94.4849
98.4945
95.5535
98.733
90
95.5707
93.5386
96.5422
97.5666
98.5585
98.9721
95.1002
96.8995
100.138
96.0294
99.8671
94.8109
99.5755
93.7116
98.1751
93.8876
97.7589
90
94.0998
93.481
99.845
101.354
93.9179
97.3525
93.9658
97.9182
95.1293
93.8219
97.4767
93.539
96.796
97.9256
101.007
98.0293
94.8741
90
99.5722
94.9998
95.641
99.1811
90
100.226
101.162
94.9385
94.7777
101.723
97.1236
100.155
97.6666
95.2417
97.9155
97.0891
97.876
99.675
95.0326
90
93.5742
97.859
97.3617
95.1662
99.4988
99.4255
95.0137
93.9893
99.1905
90
96.1022
98.742
98.9213
93.936
99.5709
95.8257
95.9996
99.3577
93.4091
95.0132
102.4
95.8652
93.5192
97.759
93.9525
93.9646
93.9569
101.135
100.78
94.0577
100.407
100.163
102.418
101.941
99.561
98.882
97.674
98.8024
99.9763
98.2736
99.324
98.0341
101.338
93.9553
98.7925
100.145
93.4707
99.8953
99.91
101.761
98.059
99.2912
99.617
99.8622
100.86
99.9011
97.9875
97.525
97.807
99.3048
100.124
101.372
94.5982
100.497
99.9198
99.2989
99.1303
100.932
99.7639
98.6234
97.9573
98.4378
94.5073
100.705
94.9986
98.1547
93.5207
101.294
100.847
99.9141
94.7975
99.1607
101.46
101.798
99.5059
94.9831
100.382
95.0231
99.137
90
96.7203
98.0757
96.9953
100.458
93.5016
98.8859
94.4924
94.4481
90
94.5925
98.9666
98.8869
98.8094
93.5808
96.9746
101.002
99.3699
93.6821
102.822
100.648
