6.59778
7.83734
6.95745
6.5919
6.61279
7.99381
6.75104
7.38322
6.7692
6.78698
7.82556
6.75377
6.57953
7.70054
6.45742
6.57657
6.4477
6.89212
6.30664
6.44398
6.45386
7.6842
7.71019
7.04699
7.25856
6.58428
6.29735
6.59143
7.07275
6.4399
6.43141
6.7773
6.60734
6.60078
6.79387
6.59928
7.37954
6.58969
7.68709
6.58855
6.75398
7.69373
7.5262
6.72743
6.59168
6.59041
7.7182
6.72239
6.78493
6.76099
6.44989
6.88118
6.80553
7.10937
7.85305
6.78735
7.06454
6.447
6.60431
6.73102
7.10093
6.44306
6.59157
7.39832
5.86541
6.89642
6.74036
6.76826
6.59999
6.92128
7.68802
6.97073
7.38685
6.59014
6.7704
7.84794
7.07698
7.36021
7.4001
6.59787
7.40281
7.52929
7.54749
6.75785
6.71843
6.96817
7.39919
6.44393
6.44306
6.60774
6.82154
6.60936
7.69721
6.73385
6.30447
7.41189
6.89268
6.75746
7.24726
7.40129
6.77447
6.59168
7.69762
7.86705
6.45776
6.30028
6.44102
6.31434
6.74844
6.75392
6.45282
6.75052
6.79001
7.6896
7.70811
6.44868
7.6843
6.60797
6.591
6.44288
6.4892
6.9615
6.75296
6.59111
6.45377
7.26929
6.78191
6.61255
6.64208
7.5561
6.60422
6.5902
6.4652
6.58839
7.39286
6.93576
6.6278
6.59885
7.26813
7.83783
6.44967
7.70776
6.44768
7.3952
6.17304
6.80816
6.78553
6.46302
6.94899
7.70405
6.89098
6.59042
6.45906
6.29614
6.58751
6.77382
6.58804
6.45049
6.74927
6.75627
6.6521
6.44517
7.36775
6.45836
6.45093
7.39165
6.46029
6.71999
6.0183
8.04485
6.60799
6.59848
6.75682
6.7338
6.16322
6.17865
6.62251
6.43878
6.7443
6.15928
6.4722
6.43707
6.76456
6.29481
6.60474
6.59806
6.44912
7.84529
6.60536
6.47803
6.61083
6.58107
6.57823
6.78848
6.45832
6.44887
6.29838
7.40159
6.44165
6.29826
6.59597
6.45819
6.45258
7.70764
6.4418
6.59214
6.60962
6.43573
6.78068
6.46269
6.61753
6.59536
6.79087
6.45388
6.45005
6.44133
6.59923
6.73938
6.58983
6.15502
6.15291
6.15354
6.44805
6.57816
6.75888
6.62862
6.30198
6.77396
6.3065
6.43421
6.44184
6.45818
6.6058
6.29944
6.60568
6.44811
6.15758
6.59089
6.77101
6.59264
6.60138
6.6092
6.58437
6.44428
6.44777
6.61895
7.07475
6.30015
6.30204
6.47452
6.5887
6.15369
6.20361
6.76967
6.44511
5.99972
6.44269
6.59711
6.4516
6.59067
6.60075
6.45071
6.44857
6.44319
6.59789
6.15701
6.44338
6.63733
7.39482
6.44565
6.00691
6.44746
6.29739
6.43685
6.14969
6.45105
6.43852
7.04839
7.85237
6.59882
7.11582
6.44417
6.61197
6.59376
6.60543
6.93425
6.78973
7.72844
6.60909
6.5953
6.64969
6.59214
6.75615
6.16486
6.77174
6.58722
6.96613
6.62126
