10.2102
9.9785
9.78227
9.6526
9.98285
9.45546
9.93712
9.86598
10.01
10.0057
9.77016
10.0546
10.0642
9.42206
9.96886
9.67643
9.76856
9.95952
9.90035
9.8895
9.56528
10.1522
9.5926
9.92835
9.3972
9.60489
10.0059
9.28991
9.37346
9.80492
9.45187
9.65423
9.58531
9.52934
10.2683
9.83176
9.79087
9.54908
9.65979
9.95416
9.84123
9.72821
9.86794
9.91796
10.0505
9.61977
9.34359
9.5058
10.2615
9.89636
9.48343
9.82482
9.9861
10.1487
9.81572
9.92057
10.2417
9.74677
10.1442
10.1558
9.99896
9.65749
9.82482
9.66898
9.49165
9.2266
9.33903
9.88573
9.81872
9.23669
9.89323
9.76787
9.81788
9.952
9.99258
9.33235
9.69336
9.9426
9.73771
9.41902
9.82435
9.39906
9.37226
9.97072
9.79935
9.83251
9.70589
9.67044
9.77697
9.24432
9.92568
9.88094
10.2619
9.82801
10.0852
9.74501
9.54156
9.5347
9.69396
9.32782
10.0268
10.1241
9.80922
9.50747
9.70762
9.65021
10.3537
9.46185
10.3514
9.56563
10.1117
9.9094
9.57594
10.2486
9.21653
9.33008
9.96768
9.73358
10.0388
9.83606
9.88526
9.89769
9.65328
9.37288
9.93382
9.21837
9.67352
9.42435
9.99042
10.3013
9.45864
10.0594
10.17
9.86987
9.85812
9.73763
9.66849
9.84818
9.79013
9.84901
10.0405
9.38272
10.0783
9.99264
9.42896
10.0575
9.77813
9.74666
10.0072
9.86822
10.1845
9.76216
10.2798
10.2676
9.53543
9.54134
9.65783
9.96351
9.29725
9.78487
10.2635
9.90087
9.93724
9.049
9.69397
9.43068
9.68422
9.02371
9.62777
10.0168
9.91406
9.5854
10.0852
10.3234
9.90608
9.99252
9.91766
9.64428
9.25699
9.75289
9.78415
9.70896
10.3288
10.06
9.76739
9.92182
10.0499
10.2274
10.01
9.96854
9.59472
10.0555
9.6467
9.81711
10.0948
9.7358
10.0552
10.0821
9.81839
10.0949
9.214
9.7739
9.28873
9.62506
9.87775
9.82949
9.9974
9.4664
9.60604
9.91579
10.0486
9.68431
9.91828
9.95079
10.0196
10.0497
9.98404
9.66188
9.99034
9.94936
9.43953
9.50145
9.55667
9.8079
9.70044
10.0731
10.0591
9.92172
10.0815
9.72406
9.77477
10.0196
9.58208
9.81238
9.79145
9.22545
9.56649
10.0211
9.75536
9.89565
9.75558
9.78912
9.7344
9.50116
9.80631
9.87641
9.55829
9.56528
9.78426
9.88892
10.0018
10.0054
9.64765
9.90537
9.8592
9.6799
9.96555
9.92581
9.64816
9.63249
9.03976
10.2881
9.23792
9.46873
9.14363
9.54899
10.0161
9.29846
9.76112
9.76384
9.82807
9.63016
9.64488
9.60057
9.83224
10.1789
9.6373
9.63773
9.5041
9.91197
9.66547
9.41039
9.78186
10.2249
10.0623
9.90725
9.97452
9.87955
10.2597
10.0497
9.98847
10.0751
9.79042
9.63168
10.0974
9.90826
9.79042
9.29142
