8.1658
8.34614
8.32145
8.16945
8.31048
8.28218
8.12807
8.38902
8.23233
8.14672
8.36538
8.62241
8.12748
8.41277
8.1414
8.26546
8.29457
8.24554
8.09342
8.48741
8.07016
8.24446
8.30085
8.18158
8.36631
8.28288
8.17406
8.38336
8.44639
8.11128
8.24426
8.15935
8.10415
8.44206
8.16465
8.27778
8.32238
8.14382
8.46146
8.38748
8.33958
8.12507
8.34252
8.03351
8.25034
8.26087
8.46436
8.30618
8.13174
8.13567
8.36974
6.54377
8.30848
8.29501
8.37833
8.05178
8.12777
8.17097
8.20683
8.32258
8.12221
8.34061
8.34349
8.48883
8.39448
8.25093
8.18189
8.29388
8.49748
8.05567
8.21023
8.50246
8.24941
8.22839
8.39083
8.31652
8.04621
8.43254
8.07481
8.56979
8.17373
8.06573
7.93427
8.58301
7.03352
8.44864
8.11934
8.50082
8.27847
8.33951
8.08541
8.09913
8.05729
7.99232
8.15675
8.37747
8.07893
8.08143
8.18414
8.33525
8.30071
8.34907
8.20213
8.39733
8.2651
8.44597
8.18414
8.15285
8.39121
8.25411
8.29022
8.27778
8.45178
8.27484
8.23376
8.41442
8.41614
8.42055
8.29179
8.10491
8.23622
8.22356
8.32637
8.25571
8.1318
8.13233
7.19051
8.22909
8.60031
8.43069
8.45672
8.42558
8.11779
8.38044
8.43335
8.06464
8.51493
8.2809
8.524
8.14016
8.10548
8.45435
8.26353
8.28538
8.16335
8.4834
8.40526
8.48316
8.21401
8.18035
8.10491
8.42937
8.23205
8.32501
8.47624
8.42124
8.45274
8.42937
8.06747
8.53747
8.09506
8.44019
8.23032
8.40423
8.14116
8.5107
8.3461
7.25341
8.27094
8.06371
8.0702
8.42702
8.38557
6.82652
8.03723
8.37329
8.35995
8.10185
8.23336
8.5117
8.63211
8.09533
8.25528
8.16239
8.36599
8.02226
8.31068
8.32637
8.09774
8.85363
8.46421
8.10595
8.15402
8.46953
8.29841
8.31941
8.18734
8.50527
8.22625
8.12161
8.24302
8.46258
8.53674
8.47528
8.36565
8.33304
8.49496
8.4625
7.85024
8.41503
8.2564
8.14835
8.12812
8.40277
8.45892
8.13805
8.39221
8.08926
8.522
8.12054
8.27973
8.14903
8.12039
8.35754
8.11631
8.32516
8.22697
8.29617
8.42634
8.36997
8.39245
8.40371
8.48433
8.42755
8.32598
8.26872
8.32341
8.31771
8.11
8.35896
8.4166
8.1414
8.35522
8.19551
8.28902
8.24155
8.22803
8.42558
8.54235
8.23981
8.2399
8.19427
8.14326
8.22922
8.12264
8.2693
8.40683
8.14016
8.38119
8.35184
8.3267
8.46846
8.2674
8.20107
8.27996
8.3058
8.29297
8.06479
8.34801
8.15296
8.53398
8.37203
8.25915
8.44591
8.3551
8.22616
8.1659
8.39603
8.21874
8.24278
8.43859
8.19563
8.28255
8.33044
8.2945
8.18551
8.29546
8.34312
8.12466
8.30709
8.1976
8.27488
8.35218
8.20907
8.23572
8.11358
6.84699
8.40998
