2732
2755
2786
2588
2842
2915
2626
2705
2559
2705
2745
2619
2741
2755
2596
2681
2670
2697
2751
2759
2714
2608
2706
2694
2720
2609
2611
2588
2761
2494
2570
2774
2654
2739
2681
2728
2736
2608
2689
2658
2774
2801
2661
2669
2631
2699
2624
2611
2729
2794
2621
2509
2757
2683
2717
2558
2704
2748
2755
2575
2638
2608
2647
2653
2435
2598
2535
2688
2679
2515
2760
2576
2671
2692
2612
2712
2726
2718
2630
2698
2613
2553
2729
2617
2582
2740
2714
2644
2632
2764
2664
2665
2707
2705
2630
2741
2786
2781
2853
2671
2588
2534
2701
2726
2778
2576
2719
2664
2650
2687
2639
2593
2648
2497
2642
2566
2673
2723
2649
2811
2790
2700
2744
2634
2732
2746
2468
2626
2674
2662
2697
2546
2575
2715
2723
2665
2668
2658
2647
2803
2708
2762
2739
2663
2647
2777
2720
2663
2753
2668
2630
2562
2668
2762
2665
2736
2625
2697
2557
2655
2649
2560
2802
2739
2725
2795
2753
2482
2616
2628
2742
2738
2539
2470
2677
2574
2694
2626
2704
2651
2611
2582
2603
2582
2665
2821
2616
2774
2597
2682
2788
2694
2689
2784
2617
2615
2725
2639
2624
2663
2741
2618
2731
2680
2724
2604
2605
2585
2698
2720
2649
2716
2596
2609
2680
2697
2662
2605
2747
2723
2736
2748
2606
2815
2764
2664
2729
2704
2775
2633
2690
2693
2684
2752
2577
2797
2695
2782
2663
2862
2749
2757
2689
2742
2687
2715
2720
2729
2768
2753
2673
2585
2677
2739
2718
2735
2768
2799
2639
2676
2621
2813
2696
2695
2685
2740
2761
2894
2606
2729
2795
2812
2680
2676
2720
2784
2708
2718
2616
2718
2666
2812
2547
4687
2606
2668
2657
2715
2767
2696
2716
2630
2610
2811
2760
2695
2573
2733
