9.47483
9.92744
9.07095
9.15797
9.184
9.47377
9.20755
7.76045
7.62758
8.17555
9.47055
7.62138
8.31583
9.60976
7.62811
8.93663
7.90989
7.74788
9.46032
9.32358
9.45661
8.79553
8.32516
9.18451
9.4566
9.31812
8.05002
7.61517
9.34569
8.05262
9.16456
9.19094
9.17084
9.0509
7.8973
7.8934
9.3051
7.62927
7.7627
9.18331
9.48234
9.44599
9.2003
8.81021
8.05316
9.64839
8.18401
8.03634
9.06247
9.17595
7.62734
9.30225
8.79551
9.33925
9.48214
7.89125
9.07237
8.80595
8.54343
7.88614
9.05607
9.20595
7.61902
7.61057
7.617
8.79342
7.88721
9.06781
8.94457
7.9122
10.105
7.61118
9.07893
8.92845
8.94076
9.31369
9.46216
7.88495
8.00727
7.76377
7.63417
7.758
9.34944
9.06383
10.0825
7.90714
9.9555
7.60837
7.7565
9.87143
9.07893
9.06968
9.20277
8.93301
9.06922
8.18854
9.19733
9.60693
9.45678
9.46132
9.34715
7.92092
7.91508
9.31479
9.1765
8.94394
9.072
7.90348
8.92911
8.95445
9.32872
7.89355
9.80968
7.90463
8.17472
7.60734
9.08173
9.45042
8.20285
9.31681
9.70383
8.32807
8.17226
8.94416
8.04773
9.31754
9.1755
7.90348
9.21105
9.19557
9.20232
7.49025
8.04871
7.62486
9.32717
9.07829
9.19072
9.21371
8.78967
9.80782
9.34852
9.49371
9.32234
8.78986
8.92732
7.9088
9.20049
7.61597
9.18734
8.31334
8.05285
7.61592
9.31623
9.63957
7.74853
8.94708
7.76006
8.7953
8.1976
7.89696
8.77687
7.48915
9.32939
8.79838
9.61783
9.79274
7.88372
7.48401
8.80788
9.45577
8.20222
9.32252
7.62535
9.1967
9.33501
7.62566
8.01996
9.80107
8.80222
9.20835
8.79618
7.92243
9.06014
8.32503
8.91934
9.33339
7.91285
8.07081
7.61696
8.92221
8.79792
8.04683
9.30689
9.60048
7.91435
7.60925
8.9477
7.76543
8.20055
8.796
9.18388
7.62271
9.33142
9.43708
8.20022
9.33854
7.62172
7.92039
10.2326
8.19159
7.63306
8.81584
7.91408
7.61861
7.62026
9.64479
9.79501
7.88707
9.72008
9.06631
9.79906
9.60033
9.18361
9.1903
8.94612
9.20693
9.19624
9.18672
9.07348
8.79701
9.8075
7.6203
9.23041
9.31548
7.61562
9.33295
9.06589
10.0544
9.0676
9.32767
9.45364
9.43995
9.79026
9.3053
8.77398
8.79632
9.33101
9.06107
9.35272
9.78912
7.91412
9.19038
9.05185
9.4645
9.05598
9.19424
9.33602
9.06609
8.79467
9.06853
7.91352
9.6525
7.89478
8.79355
7.61675
9.47441
9.62129
9.45648
8.79608
9.07514
9.46715
9.9449
9.06336
7.90966
9.21126
7.89711
9.06528
7.62015
9.78924
8.93793
9.18668
9.46958
7.62559
9.19859
7.9088
8.20776
7.62022
9.0688
9.17301
9.19312
9.19057
7.62781
8.79967
9.35687
9.48968
7.63148
10.0829
9.78377
