86.6307
85.3221
85.4675
90
85.8011
87.1728
90
90
86.4862
90
93.2321
90
86.3403
90
90
90
90
90
90
93.1412
90
90
90
90
90
90
90
90
90
90
94.897
90
90
90
93.3445
90
90
90
95.4897
90
90
90
90
90
90
90
90
90
93.5282
90
90
90
90
90
90
90
90
90
86.4087
90
85.2476
90
90
90
90
90
90
90
90
90
90
86.3206
84.9944
90
86.3964
90
90
87.3579
85.8289
90
87.2705
86.923
90
86.3981
85.3176
90
85.3153
90
90
87.2426
86.0409
85.537
85.4767
86.9404
90
85.7453
87.2155
85.047
86.3999
85.5215
87.1185
85.2547
86.6955
86.0713
85.7725
86.201
85.7394
86.3691
87.0051
84.7595
85.6088
85.5544
85.4781
84.7024
86.0105
85.5647
85.5963
85.254
86.5527
85.2924
85.0724
86.0713
85.9
85.3377
86.0857
85.0579
85.891
87.1469
86.1181
85.7778
85.6058
85.5998
85.5679
85.5635
85.277
85.5408
85.5705
85.3565
84.9527
86.7634
87.2669
85.9221
85.8269
85.8071
85.3257
85.5925
85.5931
86.344
85.5493
85.8907
84.9817
86.357
86.259
86.8964
85.0518
85.9202
85.9736
85.8345
85.922
85.586
85.8188
86.1838
86.0933
85.8706
87.2166
84.765
85.5981
85.6528
85.8886
85.2142
86.4499
87.0281
86.9466
86.8302
85.2814
84.754
86.1652
86.4504
85.6395
87.0669
86.5318
85.8185
85.5923
85.8755
85.5544
85.8526
85.3522
85.8709
86.8581
85.84
86.6329
85.2788
86.539
87.0028
87.13
84.9775
85.3733
85.5541
85.3152
85.0745
86.384
86.0883
90
86.2084
86.6773
85.3265
86.407
86.6788
90
85.6109
85.6276
87.0887
90
87.288
87.3317
85.9429
86.7486
90
84.5207
85.0378
90
87.2287
86.1422
86.3455
86.8619
85.5087
90
90
86.629
86.8114
86.7003
87.37
87.24
90
90
85.6125
90
85.3587
87.3402
90
85.5849
90
85.5728
86.1115
90
86.4317
90
90
93.2537
85.0185
90
90
86.3519
90
87.2267
86.1325
87.4191
90
90
90
90
90
90
86.6751
85.533
85.5242
90
86.8632
90
86.6143
86.679
90
86.3757
85.6187
90
90
90
87.1067
90
90
90
90
85.5721
85.8895
90
90
90
86.3421
86.0608
86.1387
90
86.3826
90
85.278
85.6145
86.1015
85.2835
90
