4.53602
4.97382
4.97976
2.25113
4.74981
4.16519
2.80616
2.40778
4.28664
2.48664
1.97725
3.47063
4.52883
3.45106
4.03114
3.34764
2.51397
3.8498
3.80578
1.97676
3.27192
3.64236
2.36126
2.57415
3.94654
2.94517
3.59906
2.45673
3.35429
2.99617
1.22665
3.68443
3.60667
2.60861
1.87417
3.70942
3.59086
2.12092
1.26113
3.82516
2.60002
3.79994
3.80223
3.81201
3.40353
3.53586
3.583
3.57456
1.9722
3.6964
2.43348
3.35583
3.68402
3.81946
2.53123
3.8093
4.0411
2.40813
4.33327
3.95767
4.93864
2.79237
2.78052
3.06675
2.28499
3.12369
2.74158
2.39859
3.07003
3.48837
3.08717
4.50751
5.07271
3.59616
4.52231
4.05105
4.04632
4.16083
4.72845
3.63517
4.14652
4.26202
3.84582
4.51492
4.94524
2.82046
4.94884
2.76111
2.96371
4.17725
4.75665
4.85383
4.84537
4.37884
3.54687
4.97265
4.17189
5.07023
4.49931
4.84958
4.28336
5.07521
4.40047
4.64242
4.86517
4.71867
4.74748
4.52509
4.26733
5.17798
4.85264
4.84991
4.97548
5.16954
4.71882
4.82946
4.95771
4.95967
4.40989
4.97419
5.08419
4.60665
4.72437
4.95073
4.74951
5.06764
4.72814
4.38737
4.74173
4.87918
4.85224
4.86496
4.87126
4.97209
4.97766
4.87657
4.84625
4.95061
5.11211
4.60052
4.28008
4.75223
4.75109
4.8542
4.98333
4.8616
4.95364
4.63011
4.95609
4.7313
5.10551
4.73812
4.60764
4.54804
5.08122
4.7226
4.70983
4.8551
4.74743
4.96575
4.85046
4.6215
4.65829
4.85405
4.39226
5.17637
4.85959
4.95024
4.73789
5.07911
4.5166
4.2865
4.43094
4.3838
4.95909
5.21575
4.63011
4.52496
4.93783
4.27453
4.41828
4.96089
4.85739
4.73897
4.97312
4.74554
5.07832
4.73192
4.22094
4.75077
4.27975
5.07258
4.4897
4.28427
4.2594
5.17747
4.94196
4.85483
4.97153
5.06846
4.54809
4.50423
3.61815
4.61201
4.42179
4.9587
4.53481
4.41918
3.67325
4.83998
4.83072
4.26997
3.9624
4.26421
4.17655
4.71138
4.28749
3.95771
5.29142
5.06461
3.94206
4.15515
4.60185
4.49474
4.2602
4.97015
4.03282
4.0567
4.52409
4.30248
4.41799
4.14469
4.15302
3.55986
4.18225
4.84352
3.21923
4.85091
4.16344
2.85098
4.8469
3.6813
4.86352
4.65477
3.85895
4.41231
3.61933
3.8116
1.82957
5.05552
4.05582
3.55385
4.54752
3.44031
4.16077
4.61779
4.05226
3.04337
3.52398
3.13361
3.95435
2.73649
3.66785
4.26674
4.85799
4.85942
3.16957
4.23043
2.96319
4.26313
4.41164
3.4364
4.54843
4.74673
4.01581
3.25565
3.54981
4.12594
2.36817
3.37395
3.32409
2.81883
4.87402
4.73731
2.71191
4.0527
3.17212
4.54752
4.60609
4.65532
3.93282
4.53979
3.12627
4.9736
4.84134
4.65753
4.96424
2.72669
