5.09211
5.17651
5.20811
5.26297
5.11833
5.21164
4.84555
5.28005
4.87004
4.91518
5.15515
4.88977
4.90571
4.79707
4.89666
4.85009
4.80851
4.58052
4.71812
5.07524
4.94362
4.88786
4.94196
4.40828
4.70878
4.86697
3.8057
4.52729
3.7314
4.39216
4.28571
4.73024
3.72833
4.63505
4.99329
3.75777
3.73374
4.70777
4.11045
3.80497
3.82083
3.72749
3.66204
3.77021
3.75762
3.82214
4.0493
3.78724
3.82051
3.65184
5.0589
3.75491
3.70065
3.62233
4.99145
3.73311
4.60831
4.94263
5.01999
3.78849
4.8109
4.93056
4.31217
5.37703
4.84532
4.91934
5.30356
5.32686
5.23765
5.28661
4.81305
5.36364
5.37412
5.27302
4.95864
5.17283
5.18949
5.22041
5.18437
5.14606
5.35677
5.43871
4.51568
5.2749
5.37586
5.10221
5.22387
5.15706
5.23505
5.1293
4.9498
5.08246
5.09032
4.85446
4.61589
5.0586
5.35936
5.22145
5.13726
5.13014
5.19117
5.14531
5.09624
4.94824
5.124
4.74531
5.13702
5.23168
5.23373
5.05456
5.2015
5.01656
4.79567
5.01566
5.00814
5.10553
5.13824
4.74064
5.03012
5.10258
4.42733
5.25744
5.08551
5.0087
5.0041
4.84681
5.16925
5.09766
5.06086
4.868
4.95544
4.94664
4.92276
5.11209
5.16449
4.87454
5.30972
5.20906
4.90272
5.1412
5.15727
5.1434
4.94129
5.15464
5.02936
5.13702
5.13485
4.63326
4.66573
5.05396
4.95133
5.16428
4.48352
4.6023
4.48685
5.14567
4.70465
5.05495
4.76395
5.24717
4.96436
5.12488
4.84409
4.74251
5.21266
5.17662
4.77593
5.08256
4.80483
4.68841
5.21828
5.18352
4.94933
5.34587
5.14127
4.56586
5.24962
5.10493
4.74572
5.26242
5.19588
4.66247
4.98258
4.95846
5.33426
5.13653
4.99429
4.77125
4.64256
5.22289
4.74911
4.58652
4.79925
4.53162
4.9817
5.43216
4.95854
5.41155
5.03474
5.24026
4.49175
4.72204
5.07594
4.89881
5.21733
4.68962
4.94288
5.03595
5.0085
5.36462
4.98219
5.14808
4.41101
4.57009
4.99026
4.62926
4.66764
5.30002
4.58193
4.57305
4.69835
4.92702
4.81167
5.31301
4.96193
4.51671
4.57913
4.50002
4.67749
4.87505
4.80362
5.01083
5.41481
5.28975
5.18548
5.23562
4.63949
4.90281
4.41914
4.63731
4.47406
4.52988
4.65622
4.55989
4.5507
5.05289
5.28342
4.54669
4.61031
4.67583
4.85259
5.16579
5.29649
4.53493
5.24466
5.24955
4.84922
4.73597
4.70762
4.66341
5.08061
4.77952
4.72667
5.26748
4.53468
4.5092
5.2293
4.77544
4.7392
4.76735
4.55478
4.88178
5.32365
4.68936
4.55118
5.36644
4.99149
5.02676
4.65729
5.29726
4.79392
5.03238
4.98506
5.08803
4.90047
4.66877
5.44474
5.05698
5.22324
4.70617
5.35026
5.31343
5.01379
4.93648
5.36132
5.40794
5.35829
5.29825
