11.1938
11.36
11.1719
11.0271
11.1799
10.7015
10.7118
10.8281
9.57985
10.3379
10.1251
9.4487
11.0705
9.61755
9.7881
9.55126
10.67
9.85398
9.71564
10.3039
9.66079
9.94487
10.5407
9.62254
9.88357
9.51563
9.01399
10.8492
8.4259
9.2895
10.9327
9.55463
8.42064
9.43023
10.5506
8.42064
8.25918
9.21702
9.58646
8.03225
9.015
8.17137
7.82148
7.91434
8.65916
9.07803
8.2727
7.59205
9.18407
7.72199
10.6117
8.27839
8.52052
7.84938
10.3478
7.83966
9.63124
9.62427
9.73989
8.13062
11.0238
10.551
9.67359
10.9172
10.9444
9.79693
10.8366
11.212
10.6869
11.1471
9.98511
10.7749
11.1395
10.9399
11.1047
11.0222
11.1998
11.2166
11.0674
10.5674
10.7015
10.6587
10.2892
11.0868
11.159
10.737
11.1249
10.7694
11.1978
10.9404
11.2151
11.1681
10.9969
10.9514
11.0873
11.2356
10.8107
11.2211
11.0602
11.0416
10.6903
11.2407
11.0808
11.1877
11.2393
11.2063
10.8972
11.0377
10.9478
11.1966
11.2857
11.2539
11.2211
11.1624
11.4874
11.1425
11.2514
11.2006
10.8043
11.2235
11.3364
10.7609
11.1745
11.1849
11.2175
11.203
11.1793
10.8967
11.1607
11.297
11.2319
11.2763
11.3351
11.2279
11.2211
11.2682
11.1108
11.2712
11.3328
11.2885
11.1671
11.4334
11.2416
11.2358
11.3703
11.2729
11.1898
11.1391
11.2186
11.2004
11.2617
11.1333
11.3061
11.4239
11.2879
11.2167
11.2682
11.1678
11.4008
11.2857
11.189
11.2042
11.2467
11.2626
11.0516
11.186
11.262
11.3826
11.2276
11.2459
11.248
11.2682
11.2811
11.3564
11.1022
11.3783
11.2175
11.2761
11.2371
11.2108
10.8257
11.3746
11.2843
11.1999
11.2276
11.2446
11.4719
11.2214
9.95064
11.2111
9.80471
11.2385
11.2767
11.1389
11.3552
11.1771
11.3016
11.1383
11.2571
11.2805
11.2496
10.1967
10.737
11.2072
11.1369
11.2441
11.2175
11.1374
10.4863
11.1858
11.2072
11.2064
9.78858
11.1273
11.2385
11.2313
10.3001
10.8396
11.287
11.2371
10.2409
10.6622
10.9548
10.7485
10.3289
11.2067
9.51148
9.52989
11.1751
10.5566
11.161
11.2124
10.7163
11.1999
10.9415
11.2385
10.0749
11.2406
11.2605
9.79021
11.1534
10.5292
11.204
11.2465
9.97068
10.5109
10.9835
9.84383
11.2494
11.0852
10.9749
11.2067
11.2398
11.0923
10.7943
11.1634
11.2479
10.2546
11.029
10.0155
11.1787
11.1476
9.86806
10.737
11.1355
11.1426
11.2548
10.2555
9.9325
9.67307
11.1405
10.0703
11.291
11.1761
11.1236
11.2059
9.69582
9.99086
11.1955
10.6587
10.1157
11.1542
11.3163
11.2676
11.1604
10.3139
11.2099
11.2387
10.9744
11.3945
11.1424
11.2336
9.86692
11.2406
11.2315
11.2496
11.2009
11.0659
