2665
2866
2777
2578
2590
2542
2326
2241
2176
2002
1924
1968
2112
1814
1933
1778
1830
1756
1788
1683
1725
1690
1705
1555
1782
1547
1559
1655
1544
1546
1558
1567
1436
1627
1584
1483
1475
1540
1441
1475
1420
1470
1484
1410
1508
1469
1471
1450
1465
1462
1648
1412
1520
1418
1754
1464
1753
1814
1939
1739
2013
1904
1854
2178
2135
2177
2170
2307
2384
2521
2197
2403
2408
2456
2441
2354
2475
2505
2607
2347
2393
2411
2294
2630
2760
2341
2638
2380
2410
2575
2502
2740
2526
2573
2367
2603
2510
2559
2608
2576
2648
2545
2515
2461
2502
2410
2541
2563
2633
2550
2699
2575
2470
2679
2550
2452
2735
2479
2455
2689
2593
2602
2555
2636
2691
2717
2682
2678
2623
2603
2721
2509
2549
2586
2641
2559
2679
2590
2524
2601
2512
2630
2527
2579
2674
2712
2740
2396
2522
2531
2559
2529
2451
2668
2460
2517
2573
2625
2515
2732
2644
2598
2535
2571
2739
2647
2459
2636
2513
2493
2731
2619
2660
2636
2688
2673
2550
2649
2651
2619
2617
2677
2599
2560
2748
2613
2632
2587
2501
2530
2474
2586
2551
2436
2548
2591
2765
2569
2590
2672
2464
2434
2294
2444
2544
2508
2506
2548
2308
2451
2167
2453
2250
2443
2434
2381
2294
2410
2530
2435
2358
2227
2513
2422
2328
2418
2190
2284
2259
2282
2221
2263
2320
2264
2261
2414
2121
2293
2143
2045
2409
2133
2275
2197
2139
2264
2317
2201
2283
2280
2189
2315
2432
2105
2275
2522
2325
2024
2201
2204
2153
2244
2191
2270
2323
2320
2374
2181
2150
2234
2430
2245
2479
2443
2404
2368
2289
2296
2468
2408
2169
2324
2382
2547
2314
2554
2512
2480
2638
2452
2518
2546
2349
2471
2633
2619
2682
2605
