3.21797
3.11471
3.20851
3.1183
3.10822
3.10822
3.10189
3.12028
3.11014
3.2091
3.12079
3.1045
3.11267
3.10627
3.10542
3.10258
3.09847
3.10415
3.10532
3.1077
3.10687
3.10944
3.08875
3.10473
3.10225
3.11337
3.09469
3.10542
3.10401
3.10793
3.1
3.11014
3.10757
3.10364
3.10729
3.10473
3.10284
3.09539
3.10378
3.10982
3.09742
3.1
3.20414
3.10481
3.10332
3.1
3.09585
3.20605
3.10473
3.20637
3.1
3.10566
3.09823
3.10177
3.10161
3.10236
3.10307
3.20775
3.11069
3.10884
3.10568
3.21118
3.10822
3.11987
3.10818
3.12725
3.0987
3.12173
3.10897
3.108
3.12173
3.12173
3.12134
3.11808
3.12361
3.12054
3.12018
3.12562
3.11421
3.1222
3.12615
3.1161
3.10768
3.11915
3.11726
3.10913
3.12555
3.1234
3.11142
3.1234
3.20428
3.11048
3.10543
3.20813
3.11756
3.30091
3.12029
3.12535
3.10756
3.11994
3.20718
3.20899
3.12091
3.10574
3.20361
3.23043
3.12381
3.12428
3.12178
3.12408
3.11935
3.10002
3.20061
3.09947
3.11649
3.10089
3.22476
3.09984
3.10818
3.12571
3.12946
3.12862
3.12237
3.12639
3.21443
3.13018
3.12191
3.30123
3.22708
3.21117
3.12604
3.12956
3.11411
3.22984
3.12349
3.11907
3.12489
3.11965
3.11027
3.32378
3.2139
3.12197
3.11064
3.2068
3.12398
3.12381
3.2289
3.20663
3.20968
3.12193
3.12773
3.32042
3.12914
3.30922
3.12666
3.12251
3.12349
3.22841
3.12177
3.22345
3.21451
3.12678
3.12219
3.22781
3.31765
3.12656
3.12569
3.21966
3.12381
3.19602
3.12095
3.11652
3.22741
3.12597
3.12628
3.1263
3.12628
3.126
3.22413
3.12569
3.1061
3.29767
3.11776
3.12372
3.22732
3.1148
3.21302
3.11175
3.12852
3.11991
3.12604
3.21626
3.12569
3.11781
3.12086
3.21288
3.11275
3.12277
3.12656
3.1242
3.12627
3.10977
3.12463
3.12655
3.12865
3.1203
3.12607
3.12656
3.21283
3.12287
3.11689
3.13016
3.11884
3.21005
3.12903
3.11814
3.11722
3.12408
3.12601
3.1133
3.12136
3.12291
3.12442
3.12173
3.12764
3.20959
3.11588
3.11501
3.20761
3.12627
3.13102
3.11464
3.11979
3.12043
3.20399
3.11894
3.13065
3.02579
3.11724
3.13022
3.12458
3.12032
3.12865
3.12587
3.02169
3.10141
3.03413
3.11309
3.10861
3.12308
3.09914
3.10679
3.11428
3.11083
3.11499
3.10841
3.03827
3.10416
3.11405
3.12045
3.13396
3.11252
3.12259
3.01918
3.11814
3.11501
3.04221
3.10639
3.11347
3.11859
3.11872
3.01134
3.11808
3.03414
3.11252
3.1184
3.11123
3.11605
3.11192
3.12073
3.11401
3.1155
3.12146
3.11782
3.11396
3.1241
3.10333
3.11057
3.09467
3.11718
3.12281
3.11943
3.1309
3.11662
3.11863
3.1243
3.11599
3.11709
