94.5044
94.2597
94.3399
94.5698
94.5698
94.5698
95.2914
95.0695
95.0691
95.059
95.0583
95.0583
95.0583
95.0583
95.0583
95.0583
95.0236
95.0236
95.0236
95.0236
95.0236
95.0424
95.0424
95.0424
95.0424
95.0424
95.0424
95.0422
95.0419
95.0419
95.0419
95.0419
95.0419
95.0419
95.0419
95.0419
95.0419
95.0419
95.0419
95.0419
95.0419
95.0419
95.0419
95.0419
95.0419
95.0419
95.0419
95.0419
95.0419
95.0419
95.0419
95.0419
95.0419
95.0419
95.0419
95.0419
95.0419
95.0419
95.041
95.041
95.041
95.041
95.041
95.041
95.041
95.041
95.041
95.041
95.041
95.041
95.041
95.041
95.041
95.041
95.041
95.041
95.041
95.6651
95.6651
95.6651
95.6651
95.6651
95.6651
95.6651
95.6651
95.6651
95.6651
95.6651
95.6651
95.6651
95.6651
95.6651
95.6651
95.6651
95.6651
95.6651
95.6651
95.6651
95.6651
95.6651
95.6651
95.6651
95.6651
95.6651
95.6651
95.6646
95.6646
95.6646
95.6646
95.6646
95.6636
95.6636
95.6636
95.6636
95.6636
95.6636
95.6636
95.6636
95.6636
95.6636
95.6636
95.6636
95.6636
95.6636
95.6636
95.6636
95.6636
95.6636
95.6636
95.6274
95.6274
95.6274
95.6274
95.6274
95.6274
95.6274
95.6274
95.6274
95.6274
95.6274
95.6274
95.6274
95.6274
95.6274
95.6274
95.6274
95.6274
95.6274
95.6274
95.6274
95.6274
95.6274
95.6274
95.6274
95.6274
95.6274
95.6274
95.6274
95.6274
95.6274
95.6274
95.6274
95.6274
95.6274
95.6274
95.6274
95.6274
95.6274
95.6274
95.6274
95.6274
95.6274
95.6274
95.6274
95.6274
95.6274
95.6274
95.6274
95.6274
95.6274
95.6274
95.6274
95.6274
95.6274
95.6274
95.6274
95.6274
95.6274
95.6274
95.6274
95.6274
95.6274
95.6274
95.6274
95.6274
95.6274
95.6274
95.6274
95.6274
95.6274
95.6274
95.6274
95.6274
95.6274
95.6274
95.6274
95.6274
95.6274
95.6274
95.6274
95.6274
95.6274
95.6274
95.6274
95.6274
95.6274
95.6274
95.6274
95.6274
95.6274
95.6274
95.6274
95.6274
95.6274
95.6274
95.6274
95.6274
95.6274
95.6274
95.6274
95.6274
95.6274
95.6274
95.6274
95.6274
95.6274
95.6274
95.6274
95.6274
95.6274
95.6274
95.6274
95.6274
95.6274
95.6274
95.6274
95.6274
95.6274
95.6274
95.6274
95.6274
95.6274
95.6274
95.6274
95.6274
95.6274
95.6274
95.6274
95.6274
95.6274
95.6274
95.6274
95.6274
95.6274
95.6274
95.6274
95.6274
95.6274
95.6274
95.6274
95.6274
95.6274
95.6274
95.6274
95.6274
95.6274
95.6274
95.6274
95.6274
95.6274
95.6274
95.6274
95.6274
95.6274
95.6274
95.6274
95.6274
95.6274
95.6274
95.6274
95.6274
95.6274
95.6274
95.6274
95.6274
95.6274
95.6274
95.6274
