9.74219
9.74219
9.74219
9.76719
9.76719
9.84375
9.84375
9.85938
9.91719
9.91719
9.91719
9.91719
9.91719
9.91719
9.91719
9.91719
9.91719
9.91719
9.91719
9.94062
10.0094
10.0094
10.0094
10.0094
10.0094
10.0094
10.0094
10.0094
10.0094
10.0094
10.0094
10.0094
10.0094
10.0094
10.0094
10.0094
10.0172
10.0406
10.0406
10.0406
10.0406
10.0406
10.1016
10.1016
10.1016
10.1344
10.1344
10.1344
10.2125
10.2125
10.2125
10.2125
10.2125
10.2125
10.2125
10.2125
10.2359
10.2359
10.2984
10.2984
10.2984
10.3109
10.3109
10.3109
10.3109
10.3109
10.3344
10.3344
10.3344
10.3344
10.3344
10.3344
10.3344
10.3344
10.3344
10.3344
10.3344
10.3344
10.3344
10.3344
10.3859
10.3859
10.3859
10.3859
10.3859
10.3859
10.3859
10.3859
10.3859
10.3859
10.3859
10.3859
10.3859
10.3859
10.3859
10.3859
10.3859
10.3859
10.3859
10.3859
10.3859
10.3859
10.3859
10.3859
10.3859
10.3859
10.3859
10.3859
10.3859
10.3859
10.3859
10.3859
10.3859
10.3859
10.3859
10.3859
10.3859
10.3859
10.3859
10.3859
10.3859
10.3859
10.3859
10.3859
10.3859
10.3859
10.3859
10.3859
10.3859
10.3859
10.3859
10.3859
10.3859
10.3859
10.3859
10.3859
10.3859
10.3859
10.3859
10.3859
10.3859
10.3859
10.3859
10.3859
10.3859
10.3859
10.3859
10.3859
10.3859
10.3859
10.3859
10.3859
10.3859
10.3859
10.3859
10.3859
10.3859
10.3859
10.3859
10.3859
10.3859
10.3859
10.3859
10.3859
10.3859
10.3859
10.3859
10.3859
10.3859
10.3859
10.3859
10.3859
10.3859
10.3859
10.3859
10.3859
10.8641
10.8641
10.8641
10.8641
10.8641
10.8641
10.8641
10.8641
10.8641
10.8641
10.8641
10.8641
10.8641
10.8641
10.8641
10.8641
10.8641
10.8641
10.8641
10.8641
10.8641
10.8641
10.8641
10.8641
10.8641
10.8641
10.8641
10.8641
10.8641
10.8641
10.8641
10.8641
10.8641
10.8641
10.8641
10.8641
10.8641
10.8641
10.8641
10.8641
10.8641
10.8641
10.8641
10.8641
10.8641
10.8641
10.8641
10.8641
10.8641
10.8641
10.8641
10.8641
10.8641
10.8641
10.8641
10.8641
10.8641
10.8641
10.8641
10.8641
10.8641
10.8641
10.8641
10.8641
10.8641
10.8641
10.8641
10.8641
10.8641
10.8641
10.8641
10.8641
10.8641
10.8641
10.8641
10.8641
10.8641
10.8641
10.8641
10.8641
10.8641
10.8641
10.8641
10.8641
10.8641
10.8641
10.8641
10.8641
10.8641
10.8641
10.8641
10.8641
10.8641
10.8641
10.8641
10.8641
10.8641
10.8641
10.8641
10.8641
10.8641
10.8641
10.8641
10.8641
10.8641
10.8641
10.8641
10.8641
10.8641
10.8641
10.8641
10.8641
10.8641
10.8641
10.8641
10.8641
10.8641
10.8641
10.8641
10.8641
10.8641
10.8641
