10.0028
10.7676
10.7676
10.8927
10.8927
10.8927
10.8927
10.8927
10.8936
10.8936
10.8952
10.8952
10.8952
10.8952
10.8952
10.8952
10.9707
10.9707
10.9707
10.9707
10.9707
10.9707
10.9707
10.9707
10.9707
10.9707
10.9707
10.9711
10.9718
10.9718
10.9718
10.9718
10.9718
10.9718
10.9718
10.9718
10.9718
10.9718
10.9718
10.9718
10.9718
10.9718
10.9718
10.9718
10.9718
10.9718
10.9718
10.9718
10.9718
10.9718
10.9718
10.9718
10.9718
10.9718
10.9718
10.9718
10.9718
10.9718
10.9737
10.9737
10.9737
10.9737
10.9737
10.9737
10.9737
10.9737
10.9737
10.9737
10.9737
10.9737
10.9737
10.9737
10.9737
10.9737
10.9737
10.9737
10.9737
10.9737
10.9737
10.9737
10.9737
10.9737
10.9737
10.9737
10.9737
10.9737
10.9737
10.9737
10.9737
10.9737
10.9737
10.9737
10.9737
10.9737
10.9737
10.9737
10.9737
10.9737
10.9737
10.9737
10.9737
10.9737
10.9737
10.9737
10.9737
10.9746
10.9746
10.9746
10.9746
10.9746
10.9767
10.9767
10.9767
10.9767
10.9767
10.9767
10.9767
10.9767
10.9767
10.9767
10.9767
10.9767
10.9767
10.9767
10.9767
10.9767
10.9767
10.9767
10.9767
10.9767
10.9767
10.9767
10.9767
10.9767
10.9767
10.9767
10.9767
10.9767
10.9767
10.9767
10.9767
10.9767
10.9767
10.9767
10.9767
10.9767
10.9767
10.9767
10.9767
10.9767
10.9767
10.9767
10.9767
10.9767
10.9767
10.9767
10.9767
10.9767
10.9767
10.9767
10.9767
10.9767
10.9767
10.9767
10.9767
10.9767
10.9767
10.9767
10.9767
10.9767
10.9767
10.9767
10.9767
10.9767
10.9767
10.9767
10.9767
10.9767
10.9767
10.9767
10.9767
10.9767
10.9767
10.9767
10.9767
10.9767
10.9767
10.9767
10.9767
10.9767
10.9767
10.9767
10.9767
10.9767
10.9767
10.9767
10.9767
10.9767
10.9767
10.9767
10.9767
10.9767
10.9767
10.9767
10.9767
10.9767
10.9767
10.9767
10.9767
10.9767
10.9767
10.9767
10.9767
10.9767
10.9767
10.9767
10.9767
10.9767
10.9767
10.9767
10.9767
10.9767
10.9767
10.9767
10.9767
10.9767
10.9767
10.9767
10.9767
10.9767
10.9767
10.9767
10.9767
10.9767
10.9767
10.9767
10.9767
10.9767
10.9767
10.9767
10.9767
10.9767
10.9767
10.9767
10.9767
10.9767
10.9767
10.9767
10.9767
10.9767
10.9767
10.9767
10.9767
10.9767
10.9767
10.9767
10.9767
10.9767
10.9767
10.9767
10.9767
10.9767
10.9767
10.9767
10.9767
10.9767
10.9767
10.9767
10.9767
10.9767
10.9767
10.9767
10.9767
10.9767
10.9767
10.9767
10.9767
10.9767
10.9767
10.9767
10.9767
10.9767
10.9767
10.9767
10.9767
10.9768
10.9768
10.9768
10.9768
10.9768
10.9768
10.9768
10.9768
10.9768
10.9768
10.9768
10.9768
10.9768
