4437
4677
4370
4635
4567
4554
4617
4531
4593
4765
4548
4617
4790
4609
4667
4691
4506
4562
4587
4436
4430
4563
4584
4621
4546
4481
4442
4557
4448
4548
4658
4555
4482
4581
4565
4513
4522
4515
4742
4734
4625
4569
4579
4595
4547
4601
4715
4586
4609
4503
4620
4536
4513
4575
4526
4525
4532
4531
4568
4561
4430
4578
4498
4587
4434
4420
4476
4461
4488
4470
4469
4763
4521
4490
4460
4611
4484
4385
4399
4388
4563
4288
4179
4305
4230
4212
4220
4330
4234
4209
4268
4314
4375
4329
4350
4290
4441
4379
4334
4429
4321
4518
4269
4303
4371
4392
4421
4342
4384
4387
4358
4472
4352
4394
4297
4369
4430
4487
4410
4417
4424
4461
4445
4353
4425
4484
4470
4520
4469
4639
4428
4542
4574
4497
4578
4652
4519
4509
4578
4732
4542
4534
4801
4632
4608
4488
4636
4589
4606
4751
4593
4471
4615
4626
4649
4565
4527
4403
4463
4398
4562
4506
4450
4648
4575
4527
4518
4475
4589
4507
4507
4326
4573
4329
4421
4628
4527
4659
4471
4444
4439
4613
4408
4565
4765
4614
4421
4685
4404
4603
4565
4404
4612
4633
4662
4586
4591
4537
4390
4858
4568
4651
4843
4709
4798
4539
4711
4785
4639
4761
4637
4670
4610
4813
4802
4438
4769
4839
4688
4626
4804
4640
4770
4719
4629
4581
4748
4477
4768
4492
4652
4625
4486
4784
4508
4554
4536
4726
4583
4766
4645
4565
4562
4520
4576
4566
4601
4878
4483
4574
4601
4508
4473
4599
4811
4494
4669
4685
4659
4552
4647
4575
4558
4596
4517
4653
4587
4677
4592
4677
4567
4536
4699
4639
4626
4665
4638
4620
4829
4814
4546
4608
4527
4877
4578
4730
4563
4567
4593
4743
4678
4728
4641
4577
4792
4577
4544
4683
