7.82678
7.85476
7.88509
7.99202
7.99202
7.99202
8.26842
8.26842
8.26842
8.26842
8.26842
8.26842
8.26842
8.26842
8.26842
8.26842
8.26842
8.26842
8.26842
8.26842
8.26842
8.27565
8.27565
8.27565
8.27565
8.27565
8.27565
8.27565
8.27565
8.27565
8.27565
8.27565
8.27565
8.27565
8.27565
8.27565
8.27565
8.27565
8.27565
8.27565
8.27565
8.27565
8.27565
8.27565
8.27565
8.27565
8.27565
8.27565
8.27565
8.27565
8.27565
8.27565
8.27565
8.27565
8.27565
8.27565
8.27565
8.27565
8.27565
8.27565
8.27565
8.27565
8.27565
8.27565
8.27565
8.27565
8.27565
8.27565
8.27565
8.27565
8.27565
8.27565
8.27565
8.27565
8.27565
8.27565
8.27565
8.51682
8.51682
8.51682
8.51682
8.51682
8.51682
8.51682
8.51682
8.51682
8.51682
8.51682
8.51682
8.51682
8.51682
8.51682
8.51682
8.51682
8.51682
8.51682
8.51682
8.51682
8.51682
8.51682
8.51682
8.51682
8.51682
8.51682
8.51682
8.51682
8.51682
8.51682
8.51682
8.51682
8.51682
8.51682
8.51682
8.51682
8.51682
8.51682
8.51682
8.51682
8.51682
8.51682
8.51682
8.51682
8.51682
8.51682
8.51682
8.51682
8.51682
8.51682
8.51682
8.51682
8.51682
8.51682
8.51682
8.51682
8.51682
8.51682
8.51682
8.51682
8.51682
8.51682
8.51682
8.51682
8.51682
8.51682
8.51682
8.51682
8.51682
8.51682
8.51682
8.51682
8.51682
8.51682
8.51682
8.51682
8.51682
8.51682
8.51682
8.51682
8.51682
8.51682
8.51682
8.51682
8.51682
8.51682
8.51682
8.51682
8.51682
8.51682
8.51682
8.51682
8.51682
8.51682
8.51682
8.51682
8.51682
8.51682
8.51682
8.51682
8.51682
8.51682
8.51682
8.51682
8.51682
8.51682
8.51682
8.51682
8.51682
8.51682
8.51682
8.51682
8.51682
8.51682
8.51682
8.51682
8.51682
8.51682
8.51682
8.51682
8.51682
8.51682
8.51682
8.51682
8.51682
8.51682
8.51682
8.51682
8.51682
8.51682
8.51682
8.51682
8.51682
8.51682
8.51682
8.51682
8.51682
8.51682
8.51682
8.51682
8.51682
8.51682
8.51682
8.51682
8.51682
8.51682
8.51682
8.51682
8.51682
8.51682
8.51682
8.51682
8.51682
8.51682
8.51682
8.51682
8.51682
8.51682
8.51682
8.51682
8.51682
8.51682
8.51682
8.51682
8.51682
8.51682
8.51682
8.51682
8.51682
8.51682
8.51682
8.51682
8.51682
8.51682
8.51682
8.51682
8.51682
8.51682
8.51682
8.51682
8.51682
8.51682
8.51682
8.51682
8.51682
8.51682
8.51682
8.51682
8.51682
8.51682
8.51682
8.51682
8.51682
8.51682
8.51682
8.51682
8.51682
8.51682
8.51682
8.51682
8.51682
8.51682
8.51682
8.51682
8.51682
8.51682
8.51682
8.51682
8.51682
8.51682
8.51682
8.51682
8.51682
8.51682
8.51682
8.51682
8.51682
8.51682
8.51682
8.51682
