97.6961
97.0072
97.0626
95.1615
97.6555
97.7472
96.762
95.7635
96.1573
97.1984
98.2585
96.0552
96.6067
98.267
95.9468
98.4384
96.7773
97.9037
97.3841
98.1782
97.7115
97.6788
98.8301
97.8495
97.9338
99.4096
99.5201
97.515
97.002
97.7218
97.4968
96.6634
96.1901
98.2012
99.3091
97.9202
99.1241
95.9006
99.5001
96.929
96.2883
95.9479
94.9765
96.1104
96.6409
98.3315
97.767
96.958
97.109
97.6641
97.2762
96.0264
95.4473
98.5635
97.934
95.0453
100.149
97.9015
98.3707
97.4728
96.2466
97.8348
98.0057
94.2815
96.6623
97.1848
96.6151
99.7737
97.8255
94.6938
98.1621
95.9171
99.6194
96.1021
94.9209
96.5061
98.0484
96.7642
99.1721
97.2553
97.7834
97.5318
98.7329
98.2007
96.0675
97.2426
98.4351
97.523
97.3471
96.9441
99.0677
98.047
96.7397
97.7385
98.2271
96.8858
95.2503
96.794
94.6955
98.6309
97.039
98.0697
98.9419
97.8376
97.7707
96.1387
96.7983
96.5467
97.2654
97.3362
97.3508
98.4272
94.671
98.0361
97.7505
94.3336
96.3367
97.6538
97.773
99.8087
96.9185
97.6409
96.9063
96.5124
95.8883
97.0216
97.5214
96.765
97.895
97.15
96.0144
97.3118
97.1807
97.4508
97.006
97.0863
96.4415
96.7165
95.1821
95.4759
95.4988
97.4946
95.4919
97.1167
97.198
98.8677
96.9209
98.4925
99.0557
97.6756
97.1814
96.1022
97.3798
95.016
95.8506
98.6102
98.1546
97.4438
97.8308
98.3177
95.8103
96.4732
98.3059
97.892
96.1896
95.8965
96.5185
95.6675
97.0279
97.3251
96.5478
98.7649
98.2971
98.1255
96.5569
97.6254
98.2295
97.0963
96.7924
93.7424
95.7691
96.5972
94.4747
97.4315
96.387
95.7091
96.7821
98.8035
98.4235
95.7245
96.6736
90
98.1216
97.6329
95.208
98.9813
97.933
98.6067
98.0945
98.9008
98.5562
96.0981
97.2503
98.4938
97.4265
94.259
98.5628
95.517
97.194
95.0615
97.4615
97.3289
98.7307
96.8226
96.7837
98.9586
98.3405
97.2505
97.9914
98.4191
96.8258
97.1035
97.3468
98.2842
95.4402
94.8033
94.6845
90
95.3101
95.0421
97.6609
98.6566
97.7379
96.5082
97.4127
96.7466
96.2422
97.7759
97.0638
97.5327
95.9092
95.5651
96.9658
97.3211
95.2415
96.5803
97.5981
97.5008
96.8316
96.557
95.9158
97.9562
97.8453
98.8978
97.7201
98.7812
95.843
97.4115
96.894
95.5654
96.8694
95.6287
90
97.4631
97.91
96.8764
96.788
95.8345
95.2991
96.5464
94.9367
97.0163
97.0617
98.1568
98.4949
96.215
97.1102
96.0518
97.8885
97.5157
95.4268
95.9084
96.7865
95.1736
95.6778
96.9803
40.2621
96.9954
96.4661
97.1019
97.9861
97.1429
97.9121
96.1035
96.0079
96.9239
99.4935
96.9081
97.2018
96.4324
