6.95859
6.77199
7.00477
7.56739
6.95664
7.02288
7.18362
7.09587
7.36695
7.08573
6.95216
7.25378
7.03258
7.02438
7.0869
6.58056
7.08016
6.56534
7.03615
7.09767
6.64077
6.76936
6.60366
6.74283
6.95165
6.41538
6.56565
7.09239
7.17622
6.57845
7.01463
7.36325
7.2464
7.14168
6.47114
6.90734
6.95449
6.6391
6.55601
7.09518
7.36034
7.20515
7.28813
7.31892
6.88148
6.77736
6.78914
7.34307
6.90269
6.95493
7.18118
7.23347
7.29864
6.78784
6.14386
7.55907
6.42038
6.57215
6.81603
6.84935
7.31114
6.94766
6.97399
7.38026
7.37004
7.01753
6.69098
6.5293
6.78163
7.43802
7.02336
7.14932
6.41084
7.24798
7.14011
6.8276
6.89568
7.06575
6.5612
7.0544
6.75718
6.85131
6.82565
6.4194
7.01034
6.89285
6.57098
7.22545
7.0041
7.09913
6.82096
7.15296
6.56914
7.04824
6.58076
7.16879
7.52387
7.00934
7.36557
6.87383
7.13754
6.57887
6.69831
6.82276
7.41695
6.96458
6.77647
6.88174
7.36324
7.41887
7.21764
6.57821
7.21616
6.42053
7.2135
7.78253
7.22244
6.94942
7.36792
6.42771
6.57511
6.8352
7.29046
7.36174
7.51673
7.04677
6.58182
7.10227
7.01256
6.70206
7.30139
7.22454
6.93998
6.8734
7.23016
7.00011
7.01246
7.23702
7.5177
6.90691
7.28805
6.73235
7.42555
7.01555
7.22651
6.68159
7.22714
6.79186
6.983
7.00522
6.70605
7.2793
7.02687
7.38251
7.11644
6.60976
6.42179
6.89594
6.76017
6.56408
7.52877
6.99629
7.12915
7.10445
7.1597
7.37345
7.01956
7.75835
6.94351
7.06319
7.03476
6.55993
7.22643
6.82603
7.17099
6.95014
6.79104
7.19527
6.76662
7.56845
7.05001
7.19396
7.23146
7.16999
7.21089
7.13669
7.15138
6.78361
6.42875
7.22184
7.08001
7.91436
6.5963
6.83335
7.64839
6.94218
7.00462
6.42616
6.75771
7.09221
6.95698
7.21452
6.86719
6.8327
6.63795
7.89917
6.8623
7.405
7.09444
7.56312
6.85064
7.00143
6.95449
7.16687
7.03946
6.95702
6.976
6.8675
7.04225
7.13212
7.10404
6.83892
7.36452
6.86872
7.49501
7.3517
7.40281
7.53144
6.78558
7.41531
6.77619
6.57456
6.70622
7.14332
7.09588
7.48109
7.21263
7.01537
6.94633
6.96082
6.82614
7.23757
7.24591
6.8414
7.91047
7.2776
6.99971
7.02585
7.01879
7.15654
7.49062
6.99862
6.83176
7.10584
6.85716
6.71334
7.23832
6.98397
7.17154
7.62906
7.13615
7.6458
7.91036
6.83887
6.96388
7.00932
7.77149
7.05443
7.49952
6.8414
7.56088
7.14143
7.28834
6.98162
6.56132
7.28489
7.221
6.88236
7.03515
6.554
7.42064
7.16166
7.12698
7.37081
7.5458
7.11278
33.9347
7.41162
7.02331
7.15723
6.69958
6.99803
7.13399
7.25137
7.04285
6.99806
6.54897
7.51028
7.1444
7.15019
