9.11489
9.74337
9.13301
9.65432
9.30445
9.32338
9.16391
9.22318
9.62929
9.4217
9.10755
9.67821
9.20179
9.36979
9.22174
9.41129
10.8166
9.46805
9.46824
9.43778
9.26301
9.17994
9.25778
9.13088
9.32339
9.31177
9.21995
9.08403
9.44716
9.16975
9.34872
9.27778
9.37675
9.35397
9.45925
9.23657
9.43028
9.31528
9.27621
9.22841
9.30626
9.4232
9.35785
9.58014
9.1082
9.34872
9.39214
9.63141
9.34507
9.23796
9.415
9.52656
9.50879
9.17003
9.31018
9.16882
9.37027
9.23063
9.04495
9.05065
9.1694
9.39264
9.06546
9.57263
9.16242
9.45212
9.14632
9.30684
9.40731
9.34969
9.22011
9.36204
9.24277
9.43028
9.60696
9.32055
9.35086
9.22043
9.52284
9.45518
9.07202
9.16556
9.36655
9.17266
9.36177
9.51951
9.26643
9.15543
9.17556
9.24651
9.43258
9.10684
9.4691
9.27349
9.16339
9.47354
9.38905
9.23287
9.12763
9.1239
9.13405
9.37136
9.16072
9.10501
9.34194
9.19511
9.13485
9.15738
9.37018
9.14291
9.41997
9.5965
9.3004
9.69874
9.21196
9.19365
9.32832
9.31842
9.3434
9.21221
9.16519
9.45975
9.09899
9.52532
9.60383
9.59288
9.21611
9.4184
9.31183
9.32656
9.52528
9.41184
9.25361
9.31104
9.41046
9.19241
9.23558
9.45601
9.11166
9.18366
9.24658
9.27246
9.23838
9.42302
9.60396
9.05769
9.15834
9.33124
9.35412
9.41491
9.21081
9.21935
9.43002
9.27758
9.21221
9.05756
9.23135
9.62468
8.98318
9.15581
9.50661
9.26971
9.26236
9.36547
9.06613
9.27448
9.14214
9.18889
9.17747
9.50533
9.12086
9.17447
9.23197
9.22722
9.44813
9.4189
9.44592
9.21091
9.32928
9.15319
9.20715
9.58792
9.37868
9.24786
9.07283
9.23179
9.0478
9.21891
9.48734
9.2205
9.2272
9.23278
9.2258
9.32942
9.3524
9.13375
9.37964
9.22117
9.09912
9.3074
9.07485
9.29345
9.02909
9.30294
9.32131
9.44053
9.26279
9.02146
9.16957
9.1609
9.32589
9.14218
9.13194
9.237
9.16157
9.04688
9.35954
9.53208
9.12321
9.39676
9.23254
9.07297
9.23544
9.60934
9.23471
9.19299
9.38112
9.13939
9.05406
9.20509
9.25196
9.65725
9.21382
9.11149
9.37386
9.27371
9.23499
9.10922
9.04176
9.09908
9.30331
9.13713
9.30645
9.31558
9.35329
9.15783
9.47433
9.18075
9.41675
9.03276
9.02971
9.19796
9.05045
9.12478
9.03651
9.2817
9.40049
9.30034
9.08008
9.12126
9.48614
9.22006
9.46794
9.24537
9.06177
9.16734
9.44749
9.13049
9.06714
9.29261
9.14142
9.00146
9.06085
9.22207
9.312
9.10694
9.34319
9.18904
9.27555
9.19424
9.18533
9.15166
8.98787
9.26806
9.18635
9.05427
34.169
9.28992
9.1871
9.19489
9.1232
9.03705
9.026
9.07194
8.97455
9.20198
9.22562
9.11025
9.01573
9.12712
