7.53512
7.99027
8.08715
7.90855
7.53192
8.20316
7.64427
8.08916
7.55342
8.08092
7.00579
8.18818
7.94627
7.7576
7.84817
8.15524
8.00905
8.24092
8.04036
7.56354
8.1911
8.26569
8.1658
8.16096
7.76396
8.17703
8.09113
7.22929
7.42039
8.43148
7.50661
8.14829
8.00539
7.42043
8.05326
8.03653
7.64026
7.80563
8.08825
7.82462
7.4256
8.22654
8.23667
7.44976
7.92818
8.06828
8.09921
7.89841
8.35772
7.57087
7.6419
8.32222
7.46328
8.18397
7.90218
8.14891
8.00792
8.23771
7.87271
8.21665
7.66796
7.42894
7.72565
7.47733
6.9705
7.82596
7.80159
7.1227
8.06072
7.89499
7.33575
7.85366
7.19349
8.10972
8.51506
7.92719
8.34235
8.13091
8.15467
8.15479
8.15216
8.07628
7.93046
8.01353
8.07778
8.21235
8.16658
8.22888
7.74111
7.74357
7.64959
7.48334
8.04869
8.10261
8.37158
8.01809
8.11666
7.23955
7.43746
7.60832
7.51872
8.0374
8.19697
7.90981
7.29161
7.60418
7.85461
8.03226
7.41838
7.16472
7.95553
8.14532
7.88797
8.21246
8.11806
7.26435
8.00425
7.60889
6.91747
8.15793
7.9794
8.10931
8.17701
8.30667
7.18205
7.90395
8.12443
7.97857
8.11476
8.04592
7.07054
7.98812
8.17279
8.01069
7.22547
8.02251
8.15056
7.46546
8.11193
7.62608
8.1621
7.83611
8.13249
8.0134
7.08944
7.43033
7.29126
7.83209
7.57313
8.32752
8.02684
8.00134
7.56499
7.71867
7.8549
7.91132
8.0482
8.10891
8.09806
8.34754
7.25719
7.6272
7.07646
7.87044
7.36689
7.49623
7.5606
7.08874
7.214
8.07125
8.06078
8.36479
7.40598
7.65212
8.09165
7.64991
8.10855
8.28254
8.2337
7.96479
8.26037
7.87363
7.19084
7.59076
7.95178
7.99697
7.78185
7.99685
8.17913
6.99248
8.14942
7.2316
8.35793
8.13563
6.97429
7.38782
8.11191
7.75491
7.83705
7.41672
7.38052
6.72896
8.02267
7.69657
8.05046
7.40433
8.02882
7.50971
7.75869
8.05482
7.91415
8.28049
7.30495
7.65146
7.92439
7.33416
8.21712
8.02792
7.88417
7.7347
7.58916
7.81103
7.91472
8.18423
6.73957
7.35437
8.11594
6.81356
7.81249
7.51697
8.26538
7.98695
8.38743
8.13111
7.40348
7.14919
7.04567
7.90589
7.18496
7.73761
8.0844
7.76808
8.24935
8.08581
6.94386
7.46137
7.94829
7.51196
8.23245
8.01753
7.21492
8.09809
7.36578
7.34109
7.39471
8.3288
7.59008
7.73028
7.53895
7.09641
7.72451
6.41942
7.44604
8.31486
7.29159
7.93546
6.79966
8.21583
7.42174
7.85213
8.23833
7.55091
7.73517
8.00349
8.17242
7.84876
7.64108
8.18075
8.02651
7.94504
8.2372
8.12979
7.47104
7.49122
7.97477
8.16842
10.4961
8.13066
7.71817
7.91284
8.18322
7.96936
8.06106
8.22136
7.69839
7.92588
8.09447
7.26654
7.00206
8.20721
