2961
2897
2891
2932
2935
3002
2933
2950
2935
2957
2881
2989
2846
2951
2880
2957
2974
2904
2953
2887
2885
2865
2948
2989
2866
2915
2867
2853
2976
2912
2933
3020
2978
2941
2927
2945
2982
2935
2912
2974
2920
3023
2987
2870
2917
2891
2993
2935
2936
2923
2618
3029
2899
3012
2884
3016
2877
2954
2915
2982
2946
2902
2873
2922
2914
2929
2906
2903
2970
2899
2859
3005
2926
2974
3001
2881
2909
2965
2887
3056
2888
2919
2985
2893
2964
2912
2946
2949
2981
2964
2840
2882
2892
2942
2977
2940
3029
2808
2860
2927
2856
2972
3003
2939
2909
2942
2922
2959
2977
2963
3001
2987
2960
2960
2979
2942
2967
2870
2931
2927
2917
3025
2988
3064
2899
2951
2947
2991
3042
2932
2873
2943
3077
2981
2943
2982
3022
2937
3110
2947
2941
2892
3056
3036
3040
2920
3009
2973
2923
2947
2912
2988
2869
2957
2911
2931
2937
2890
3020
2969
2854
2935
2920
3020
2932
2930
2878
2901
2976
3025
3049
3012
2893
3007
3020
2940
2992
5094
2943
2917
3044
2971
2935
2865
2981
2998
3005
2982
3022
2875
3106
2902
2991
2993
2975
2988
3028
2893
3010
2949
2886
2851
2991
2923
2956
2882
2923
2947
2977
2968
2977
3071
2946
2959
2979
2958
2992
3027
2980
2980
2919
2946
2989
2997
2844
2920
2973
2783
2916
2868
2998
2980
2949
2928
2963
2930
2883
2982
2959
2927
2922
2960
2953
2950
2885
2961
2975
2908
3014
2983
2835
2958
2854
2922
2916
2926
2897
2950
2943
2917
2976
2854
2962
3008
2910
2984
2832
2947
2938
2948
3003
2970
3050
3033
2945
2909
2918
3022
3037
2957
2997
2980
2921
2932
2966
3010
4779
3080
2821
2994
2935
2975
3025
3077
2970
3073
2981
2954
2820
2982
