8.99513
8.73621
9.00866
8.99616
8.98145
9.25486
8.99638
8.7288
8.99669
9.12698
8.98585
8.99096
8.8733
9.27869
8.72192
9.00026
8.98376
8.85348
9.12013
9.27164
8.85907
8.99827
9.14072
8.99301
9.11567
9.12558
9.27946
8.99974
8.99897
8.86493
8.9903
9.26711
8.98292
9.28059
9.11132
9.14345
9.40862
8.25252
9.26306
8.99698
8.99687
8.91931
8.72255
8.91395
8.7276
9.1405
8.99855
9.27091
8.98739
8.99253
9.13264
8.99062
8.72204
9.2526
8.34645
8.99792
9.28728
8.85876
9.13287
9.0049
8.98977
8.99213
9.14711
8.49985
8.99843
8.99062
8.5005
8.98316
8.99729
8.73447
9.12764
8.77726
8.84923
8.98193
8.60637
8.6357
9.25494
8.99456
9.1946
9.13076
8.98578
8.98694
9.26205
8.72913
8.7276
8.98017
8.99307
9.39887
9.00035
8.98538
9.26264
9.2689
8.47145
9.25035
9.00155
9.10534
9.01558
8.73432
8.58732
9.18351
8.9943
8.85798
9.27783
9.00036
9.40701
8.60026
8.6492
8.72534
9.25476
9.26373
9.27025
8.99172
8.50514
8.73945
9.42329
8.88353
9.00017
8.99446
9.25644
9.24849
8.51157
9.01101
9.27134
9.25822
8.99815
8.99377
8.72719
8.99516
9.26314
8.72065
8.79128
9.27448
8.99932
8.96865
9.00605
8.99473
8.85288
8.99536
8.98907
8.36905
8.85953
8.79413
8.98936
9.01653
9.01722
9.00011
8.99722
9.13078
9.39702
9.24985
8.7288
8.9901
8.98648
8.73744
8.72619
9.00559
8.7283
9.01486
8.98762
9.00491
9.00572
8.72707
9.19533
9.28643
8.75759
8.92184
8.74734
9.16533
8.72218
9.13827
8.88521
9.13932
9.38651
9.0111
9.03112
8.99848
9.13649
9.25747
8.72803
8.6104
8.71912
9.0152
8.35694
9.15021
8.9911
8.73567
9.0023
9.26058
8.85119
8.62375
8.98707
8.86362
8.98174
9.01392
8.91977
9.27746
9.2654
8.77366
8.98695
9.41527
9.17784
8.65231
8.90851
9.13151
8.73667
9.00198
9.28013
8.8557
9.05309
8.98997
8.92364
9.13144
9.19814
8.99776
8.92473
9.2694
9.38535
8.91021
9.25593
9.42169
8.92089
8.78572
9.40547
9.25201
8.7787
8.58768
8.73289
8.38083
8.23785
8.74174
8.99976
9.00652
8.98559
8.99854
9.0223
9.17254
8.75395
9.17454
8.72697
9.00717
8.49963
8.75135
9.2617
8.9191
9.18449
8.99901
9.12022
9.00401
8.99132
8.99967
8.98582
9.26221
8.8616
9.40442
8.86206
9.28649
8.79177
8.9951
8.99455
9.01204
8.99731
8.91114
8.85979
9.01732
8.99005
8.92328
9.39021
8.73351
8.87627
8.64356
8.98405
9.00008
9.20477
9.27593
9.00258
8.99435
9.12725
8.61697
9.25942
8.65039
8.98571
8.84435
8.90514
8.72734
9.13154
9.11298
9.14841
9.40694
8.77281
9.12895
8.99568
8.99541
9.37458
9.0096
8.66326
8.92304
9.25619
9.27108
8.91397
9.00076
