107.344
103.73
102.52
102.708
102.799
102.817
102.551
102.632
102.92
102.73
101.911
102.366
102.19
103.338
102.988
102.186
101.75
102.562
102.566
102.882
102.349
102.527
102.399
102.99
103.147
102.052
102.583
102.64
102.318
102.66
102.052
102.34
102.142
102.791
102.664
102.121
103.302
102.903
102.368
102.38
102.484
102.633
102.309
102.74
102.55
102.936
102.584
101.849
101.714
102.314
102.26
101.727
102.171
102.124
102.638
101.848
102.348
101.937
102.848
102.149
102.315
101.926
102.314
102.559
102.29
102.182
102.299
101.971
103.132
102.169
102.246
102.332
102.354
102.636
102.195
102.267
102.366
102.648
102.285
101.95
102.763
101.679
102.562
103.165
102.881
103.243
102.386
101.667
102.26
102.646
102.649
102.78
102.554
102.588
93.7432
102.796
102.927
102.82
102.63
102.822
102.63
102.654
102.644
102.295
102.302
101.539
102.247
102.572
102.606
102.512
102.265
103.016
102.641
103.187
101.636
101.93
103.269
102.422
103.041
102.35
102.33
102.659
102.58
102.729
101.928
102.698
103.171
102.661
102.941
102.002
102.703
102.706
102.311
102.757
102.176
93.7558
101.634
93.8113
102.662
103.072
102.252
102.05
102.338
93.6957
101.953
102.535
101.719
101.596
93.8375
102.071
102.315
93.5761
93.7573
103
102.328
101.967
101.584
102.066
102.647
102.334
102.94
101.55
102.281
101.33
102.391
101.402
93.7691
101.846
102.603
93.8452
102.355
102.341
102.618
93.6825
93.6421
101.264
102.351
93.8943
93.7458
102.124
102.683
100.771
93.6817
93.7404
102.518
94.027
103.032
94.0696
100.691
101.969
94.4218
93.8166
93.8166
93.8929
101.44
100.774
102.204
101.366
101.418
102.086
94.6008
102.238
102.398
101.402
93.8807
93.8383
103.541
101.764
93.6067
101.707
100.726
93.6897
93.6044
100.735
93.4334
93.8218
93.728
103.569
101.378
101.834
93.7943
93.8439
93.6361
93.8837
100.742
103.369
101.316
101.354
101.044
100.353
101.375
101.363
93.8723
102.268
93.9724
94.3002
94.1163
101.361
93.7513
101.704
94.0509
103.041
93.8581
93.6094
102.645
93.7173
101.355
93.6532
100.66
93.9022
93.5802
101.905
93.6537
101.337
101.665
93.6498
93.765
101.724
100.762
93.9731
102.644
93.5465
93.6019
102.468
102.58
103.647
93.9799
93.6928
101.36
101.261
102.271
102.378
93.7119
102.972
101.689
102.051
101.388
93.829
101.702
102.097
93.4995
100.713
102.263
101.253
93.9928
93.9704
101.633
93.5958
93.7343
101.863
93.6988
93.7378
93.9743
101.617
93.8326
103.066
94.0636
102.53
101.735
101.723
