2.96263
4.36013
4.61908
4.62816
4.56565
4.49435
4.583
4.56071
4.45526
4.4267
4.6905
4.56406
4.62256
4.41019
4.36717
4.62618
4.7423
4.46991
4.56561
4.5621
4.56263
4.57145
4.53848
4.45841
4.56946
4.45553
4.5767
4.45809
4.58106
4.58106
4.72628
4.56514
4.61671
4.4209
4.56082
4.63916
4.25771
4.63459
4.63191
4.64131
4.56231
4.56823
4.59892
4.50856
4.57795
4.60214
4.66818
4.75136
4.73387
4.56263
4.66694
4.77155
4.63186
4.63609
4.66596
4.72516
4.63348
4.77039
4.63931
4.63056
4.56014
4.75417
4.58516
4.56205
4.57838
4.70725
4.57875
4.75358
4.56028
4.63191
4.58108
4.55992
4.5605
4.56259
4.63154
4.56855
4.57848
4.56797
4.68543
4.6871
4.57597
4.86345
4.58148
4.5816
4.58126
4.35399
4.57198
4.88667
4.64191
4.56263
4.56263
4.56855
4.56416
4.57051
2.74416
4.5605
4.55988
4.57853
4.56674
4.66487
4.56848
4.55973
4.56077
4.6843
4.57906
4.84277
4.57841
4.56855
4.56263
4.56208
4.6911
4.462
4.56205
4.4482
4.87897
4.79963
4.36038
4.66632
4.45031
4.66621
4.66673
4.56027
4.57075
4.68106
4.79431
4.55398
4.34828
4.56384
4.66912
4.77963
4.56295
4.55886
4.68684
4.56204
4.87826
2.78902
4.88135
2.57273
4.5638
4.5549
4.98568
4.77246
4.67464
2.86869
4.76942
4.7773
4.88302
4.88315
2.59086
4.7709
4.67184
2.96924
2.74254
4.45343
4.66461
4.77197
4.8838
4.67491
4.56089
4.669
4.66601
4.98933
4.68444
4.99402
4.66554
4.98458
2.68215
4.82127
4.56804
2.93428
4.66017
4.66774
4.57098
2.85183
2.94784
5.19903
4.6679
2.60236
2.67164
4.77333
4.5618
5.20344
2.74473
2.71384
4.66554
2.4199
4.55612
2.23385
5.199
4.77835
1.67097
2.68741
2.65212
2.51168
4.98859
5.20365
4.73027
4.9803
4.9847
4.77992
1.54989
4.98961
4.65863
4.98889
2.49045
2.5552
4.57335
4.87615
2.96562
4.88394
5.19927
2.84187
2.95833
5.20337
3.27368
2.58856
2.76249
4.56225
4.88312
4.88305
2.72566
2.60087
2.87124
2.47834
5.19937
4.66488
4.98407
4.98801
5.20341
5.30686
4.98451
4.98927
2.5075
4.6722
2.4567
1.86559
2.40501
4.98905
2.69398
4.99119
2.35464
4.7746
2.52026
3.00537
4.57113
2.92457
4.98794
2.94083
5.31939
2.54537
2.96663
5.0998
2.91124
4.98433
4.88329
2.94245
2.77469
4.87802
5.18356
2.36522
4.66457
2.98801
3.09231
4.67492
4.69056
4.55318
2.6756
2.79724
4.99576
4.99699
4.87892
4.7897
2.82288
4.77311
4.87874
4.78056
4.99519
2.87828
4.88236
4.88262
3.20402
5.31103
4.99691
5.01913
2.4363
2.5816
5.20327
3.1713
2.80818
5.01187
2.72312
2.92239
2.70728
4.99442
2.75849
4.74617
2.49122
5.09591
4.98407
4.98535
