7.74769
7.69172
7.593
7.7777
7.80692
7.73558
7.77436
7.76121
7.67283
7.56497
7.59517
7.75176
7.85947
7.71398
7.68195
7.61859
7.76239
7.82755
7.70022
7.7815
7.83968
7.75447
7.70682
7.83503
7.64941
7.80889
7.8391
7.75338
7.70305
7.76811
7.78081
7.75384
7.8745
7.51843
7.78983
7.74532
7.74077
7.79372
7.84803
7.8391
7.76423
7.68034
7.81483
7.74813
7.7359
7.79391
7.80484
7.708
7.69914
7.76423
7.8094
7.77324
7.75619
7.71478
7.85055
7.78394
7.89111
7.84062
7.81612
7.84917
7.70305
7.68077
7.79743
7.74077
7.87908
7.73196
7.79372
7.83955
7.84062
7.79372
7.66276
7.87593
7.86772
7.73196
7.71805
7.71548
7.71805
7.80789
7.83427
7.78072
7.77204
7.81755
7.85904
7.75163
7.80091
7.77328
7.79292
7.73691
7.69163
7.83724
7.81319
7.84694
7.81427
7.83066
7.83629
7.78266
7.80533
7.87109
7.89563
7.86772
7.91374
7.83955
7.83955
7.74564
7.80697
7.78297
7.82487
7.83744
7.89372
7.87003
7.83266
7.83955
7.80409
7.84235
7.8142
7.89387
7.87109
7.89387
7.87109
7.94607
7.82686
7.82162
7.83321
7.92645
7.79292
7.8142
7.77648
7.80303
7.88194
7.82887
7.95462
7.78983
7.83955
7.89387
7.90741
7.8435
7.90177
7.88301
7.85446
8.00771
7.88205
7.85659
7.92053
7.80697
7.87567
7.81794
7.88993
7.83955
7.7847
7.88708
7.92645
7.9556
7.92645
7.78877
7.78877
7.76873
7.87567
7.83955
7.83955
7.95286
7.82235
7.87214
7.92645
7.8735
7.77328
8.03407
7.94092
7.89563
7.88993
8.00144
7.92434
7.91291
7.83222
7.92434
8.03192
8.00391
7.89826
7.82019
7.88708
7.80697
7.92645
8.03407
7.92645
8.00771
7.88708
7.92645
7.8553
7.87567
7.95693
8.00369
7.95693
8.06455
8.00179
8.00137
7.87003
7.96878
8.09718
7.91348
7.90016
7.83955
7.99685
7.84308
7.95312
7.96199
7.88165
7.95286
7.97105
7.99755
7.92434
7.83955
7.95312
7.95693
8.11534
7.99756
7.94471
7.9629
7.92645
7.88165
7.91447
8.00771
8.00137
7.94905
8.00771
7.95693
7.95693
7.95286
7.9955
7.92645
7.95286
7.93239
7.86324
8.01109
8.00771
8.05232
7.91447
7.95693
7.87139
7.88404
8.00137
7.84308
8.02184
7.89387
7.95693
7.91348
7.92011
7.9709
7.92238
7.99756
7.88301
8.12123
7.8735
7.8735
8.03438
7.96878
7.88708
8.03438
8.00364
7.99629
7.91559
8.00771
7.92645
7.95693
8.00364
7.95693
7.95693
8.03056
8.00137
8.03411
7.95693
7.92238
7.99349
7.95693
7.92645
7.94905
7.89387
8.00364
7.95693
7.95693
8.075
7.87567
7.93093
7.92434
8.00771
7.95693
8.03818
7.95286
7.92645
7.90262
7.84308
7.94607
7.89387
7.95693
7.94677
7.92645
7.95286
7.99685
7.99246
7.87567
7.95693
7.92645
