8.98766
8.97902
8.95359
8.98766
8.98516
8.97166
8.96206
8.98766
8.96068
8.97847
8.98766
8.97847
8.9537
8.97489
8.97847
8.94337
8.97744
8.99951
8.97489
8.96211
8.9918
9.0081
8.95875
8.92549
8.9505
8.98766
8.99533
8.98766
8.94082
8.94933
8.99589
8.98766
8.98085
8.9537
8.93697
8.98457
8.98674
8.98674
8.98674
8.96297
8.89286
8.97744
8.95012
8.98766
8.98674
8.99282
8.94593
8.8903
8.98766
8.99282
8.9689
8.94593
8.96722
8.99282
8.91271
8.97993
8.97847
8.98674
8.98674
8.98777
8.97847
8.98674
8.96889
8.98777
8.99951
8.98766
8.9814
8.98766
8.97847
8.98934
8.99734
8.98248
8.94185
8.97238
8.94052
8.98674
8.97847
8.97847
8.96722
8.94604
8.98766
8.98777
8.98777
8.92396
8.9256
8.97166
8.89638
8.92396
8.86902
8.95359
8.98766
8.97489
8.98766
8.99758
44.4474
9.03536
8.9444
8.97396
8.94604
8.96545
8.97396
8.94185
8.98085
8.95875
8.9814
8.94689
8.95267
8.97489
8.96827
8.86548
8.93327
8.90164
8.95445
8.97847
8.94439
8.93303
8.92786
8.91889
8.89586
8.95375
8.91021
8.9562
8.98356
8.96185
8.94082
8.91953
8.9834
8.9537
8.93076
8.93327
8.9053
8.92309
8.90516
8.87522
8.94733
44.0036
8.9597
44.9659
8.9399
8.98766
8.91119
8.93163
8.92049
44.1267
8.9537
8.89909
8.90618
8.95803
44.5628
8.91612
8.94185
44.6689
44.3783
8.90077
8.92049
8.93586
8.95267
8.91971
8.95566
8.90516
8.89153
8.78295
8.92554
8.90226
8.93759
8.89816
44.7601
8.96199
8.93331
44.1351
8.90901
8.94657
8.92309
44.4689
44.18
8.92931
8.85668
43.839
45.0235
8.89483
8.94052
8.92645
44.5783
44.692
8.79614
44.9299
8.90748
44.6451
8.92901
8.91715
44.7177
44.1448
44.4095
44.5376
8.89282
8.8899
8.88486
8.92645
8.89153
8.87949
44.7067
8.94873
8.93327
8.88902
44.7573
44.833
8.93484
8.86693
44.4323
8.86945
8.93327
44.3426
44.5056
8.88135
44.18
44.7741
44.5961
8.92008
8.9303
8.78486
44.1378
44.4205
44.77
44.9432
8.90571
8.88078
8.96911
8.92309
8.88783
8.89975
8.92645
8.87852
44.8608
8.93331
44.6818
44.6014
44.892
8.90571
44.8101
8.88135
44.5422
8.84524
44.8298
44.1294
8.91715
44.1996
8.90425
44.117
8.89849
44.8205
44.6972
8.93399
44.3625
8.92905
8.93144
44.2813
44.0208
8.86945
8.92905
44.6462
8.91119
44.3763
44.3199
8.80772
8.92081
8.83905
44.3638
44.7321
8.901
8.95803
8.72331
8.82497
44.2169
8.88589
8.90753
8.85223
8.89241
44.7488
8.90125
8.83321
43.9071
8.85904
8.92905
8.92141
44.6324
43.8228
8.87693
43.7702
44.1374
8.90867
44.4559
44.4972
44.3695
8.91715
44.1275
8.90674
43.86
8.87517
8.85375
8.85904
