4147
4371
4282
4661
4550
4515
4511
4518
4572
4331
4486
4545
4477
4418
4485
4569
4468
4467
4437
4538
4468
4568
4482
4480
4583
4467
4618
4483
4603
4520
4507
4552
4599
4219
4452
4488
4615
4526
4495
4681
4282
4606
4452
4582
4681
4602
4461
4530
4498
4691
4565
4667
4614
4765
4667
4570
4689
4736
4615
4644
4845
4709
4713
4656
4740
4532
4711
4652
4609
4709
4747
4723
4703
4807
4740
4789
4588
4695
4879
4804
4778
4852
4770
4845
4871
4915
4929
4840
4929
4805
5007
4847
4852
4848
5276
4979
4851
4932
4919
5020
4934
4886
4919
4877
4906
4969
4876
4956
4920
4980
4925
4952
4979
4912
5113
5105
5067
4946
5039
4971
5014
5073
5074
10157
5147
4981
5128
5058
5140
5143
5047
4969
5103
5046
5182
5349
5115
5395
5245
5232
5288
5217
5249
5495
5304
5326
5192
5305
5595
5323
5240
5659
5672
5325
5348
5298
5466
5341
5321
5316
5407
5363
5452
5303
5390
5326
5790
5400
5314
5911
5413
5488
5625
5839
5790
5530
5381
5835
5716
5399
5471
5511
5795
5828
5364
5912
5553
5696
5535
5599
5970
5805
5855
5839
5544
5508
5529
5504
5568
5491
5871
5456
5548
5602
5815
5856
5485
5487
5757
5474
5497
5929
5812
5494
5827
5863
5868
5454
5445
5512
5862
5846
5842
5830
5459
5453
5514
5483
11035
5557
5474
5410
5827
5548
5863
5842
5884
5550
5834
5503
5789
5545
5803
5877
5540
5917
5582
5854
5494
5819
5886
5518
5877
5515
5490
5833
5861
5487
5458
5802
5452
5842
5966
5510
5513
5424
5843
5753
5558
5469
5470
5513
5742
5557
5528
5524
5441
5794
5526
5516
5840
5463
10858
11059
5722
5724
5539
5780
5790
5521
5736
5668
5637
5518
5790
5443
5768
5509
5612
5543
