8.57652
8.74768
8.59541
8.68163
8.64792
8.57643
8.57344
8.58908
8.56629
8.48326
8.48217
8.50109
8.49113
8.66582
8.50889
8.48871
8.4768
8.48051
8.56676
8.66143
8.49965
8.57433
8.47757
8.57643
8.75072
8.29323
8.59243
8.48935
8.48562
8.6015
8.56754
8.49757
8.4812
8.48626
8.57718
8.49818
8.50705
8.75209
8.57297
8.57593
8.5
8.59265
8.50482
8.57266
8.57912
8.73331
8.66217
8.48164
8.46096
8.4887
8.56473
8.48559
8.49996
8.49974
8.66267
8.49292
8.56445
8.56998
8.73878
8.50043
8.48035
8.55024
8.50094
8.56667
8.49939
8.58765
8.49493
8.56493
8.74948
8.50889
8.48665
8.48758
8.47745
8.58561
8.49607
8.47662
8.51531
8.59751
8.59078
8.47387
8.64773
8.5792
8.58691
8.75618
8.66358
8.57676
8.47957
8.57195
8.49636
8.58033
8.59684
8.64013
8.56696
8.58906
8.56003
8.6648
8.66575
8.66267
8.57594
8.74596
8.59022
8.575
8.59022
8.58935
8.49611
8.49594
8.4649
8.57153
8.57393
8.49688
8.57512
8.5773
8.57868
8.65576
8.56274
8.57434
8.57101
8.59547
8.57135
8.58706
8.56206
8.58345
8.58033
8.72984
8.57154
8.57341
8.55289
8.58658
8.77348
8.57808
8.57768
8.58257
8.5736
8.58085
8.73948
8.56626
8.57088
8.56389
8.58085
8.72871
8.85604
8.58583
8.57703
8.5692
8.56034
8.73432
8.57783
8.55953
8.56913
8.58429
8.57593
8.55242
8.57135
8.56339
8.56371
8.55982
8.55392
8.48842
8.58001
8.56346
8.75207
8.5792
8.57032
8.56153
8.59273
8.57356
8.57952
8.58067
8.56271
8.86708
8.56318
8.58239
8.56599
8.57593
8.57219
8.75592
8.54663
8.57085
8.56697
8.59495
8.58583
8.59957
8.48165
8.55741
8.57155
8.74601
8.67939
8.58668
8.57041
8.55901
8.58684
8.57728
8.57739
8.57319
8.58762
8.58695
8.57337
8.56921
8.57618
8.58257
8.74512
8.87154
8.58622
8.57411
8.56257
8.57107
8.87697
8.5692
8.56692
8.55982
8.58345
8.56093
8.56533
8.57085
8.57489
8.57055
8.57411
8.86786
8.47735
8.56441
8.58005
8.57001
8.56122
8.58051
8.57833
8.88619
8.57359
8.5716
8.67298
8.5585
8.57603
8.55781
8.58057
8.55731
8.66234
8.57307
8.86649
8.5678
8.57001
8.67091
8.6635
8.87226
8.56679
8.57275
8.57228
8.66782
8.56422
8.57425
8.66929
8.65997
8.55982
8.86683
8.57686
8.56473
8.57126
8.59155
8.56832
8.55938
8.5778
8.56697
8.66286
8.48868
8.67207
8.57001
8.67204
8.84546
8.84881
8.57136
8.57225
8.56439
8.67354
8.66333
8.56015
8.86689
8.56439
8.56014
8.57735
8.8682
8.56973
8.66891
8.57422
8.66309
8.87862
8.56913
8.66696
8.66494
8.85832
8.6724
8.56971
8.7546
8.47096
8.73639
8.87251
8.66068
8.67076
8.8802
8.72312
9.04081
8.66253
8.66204
