99.5818
99.6694
99.6694
99.951
99.3516
99.3492
99.3618
99.3618
99.3618
99.3449
99.3449
99.3449
99.3309
99.3309
99.3309
99.3309
99.3309
99.3309
99.3248
99.3122
99.3122
99.3122
99.3206
99.3206
99.3206
99.3206
99.3206
99.3206
99.3206
99.2324
99.2324
99.2324
99.2324
99.2319
99.29
99.29
99.2893
99.2893
99.2893
99.2893
99.2893
99.2893
99.2893
99.2893
99.2893
99.2893
99.2893
99.2893
99.2893
99.2893
99.2893
99.2893
99.2893
99.2893
99.2893
99.2893
99.2893
99.2893
99.2893
99.2893
99.2893
99.2893
99.2893
99.5226
99.5226
99.5226
99.5226
99.5226
99.5226
99.5226
99.5226
99.5226
99.5226
99.5226
99.5226
99.5226
99.5226
99.5226
99.5226
99.5226
99.5226
99.5226
99.5226
99.5226
99.5226
99.5226
99.5226
99.5226
99.5222
99.5222
99.5222
99.5222
99.5222
99.5216
99.5216
99.5216
99.5216
99.5216
99.5216
99.5216
99.5216
99.5216
99.5216
99.5216
99.5216
99.5216
99.5216
99.5216
99.5216
99.5216
99.5216
99.5216
99.5082
99.5082
99.5082
99.5082
99.5082
99.5082
99.5082
99.5082
99.5077
99.5077
99.5077
99.5077
99.5077
99.5077
99.5081
99.5081
99.5081
99.5081
99.5081
99.5081
99.5081
99.5081
99.5081
99.5081
99.5081
99.5081
99.5081
99.5081
99.5081
99.5081
99.5081
99.5081
99.5081
99.5081
99.5081
99.5081
99.5081
99.5081
99.5081
99.5081
99.4549
99.4549
99.4549
99.4549
99.4545
99.4545
99.4545
99.4521
99.4521
99.4521
99.4521
99.4521
99.4521
99.4521
99.4521
99.4521
99.4521
99.4521
99.4521
99.4521
99.4521
99.4521
99.4521
99.4497
99.4497
99.4497
99.4497
99.4497
99.4497
99.4497
99.4497
99.4497
99.4497
99.4497
99.4497
99.4497
99.4497
99.4497
99.4491
99.4491
99.4491
99.4491
99.4491
99.4491
99.4491
99.4491
99.4491
99.4491
99.4491
99.4491
99.4491
99.4491
99.4491
99.4491
99.4491
99.4491
99.4491
99.4491
99.4491
99.4491
99.1564
99.1564
99.1564
99.1564
99.1564
99.1564
99.1564
99.1564
99.1564
99.1564
99.1564
99.1564
99.1564
99.1564
99.1564
99.1564
99.1564
99.1564
99.1564
99.1564
99.1564
99.1564
99.1564
99.1564
99.1564
99.1564
99.1564
99.1564
99.1563
99.1563
99.1563
99.1563
99.1563
99.1563
99.1563
99.1563
99.1563
99.1563
99.1563
99.1563
99.1563
99.1563
99.1563
99.1563
99.1563
99.1563
99.1563
99.1563
99.1563
99.1563
99.1563
99.1563
99.1563
99.1563
99.1563
99.1563
99.1563
99.1563
99.1563
99.1563
99.1563
99.1563
99.1563
99.1563
99.1563
99.1563
99.1563
99.1563
99.1563
99.1563
99.1563
99.1563
99.1563
99.1563
99.1563
99.1563
99.1563
99.1563
99.1563
99.1563
99.1563
99.1563
99.1563
99.1563
99.1563
99.1563
99.1563
99.1563
