5.00596
5.11034
5.11034
5.11034
5.34122
5.34122
5.34122
5.34122
5.34122
5.34771
5.34771
5.34771
5.35307
5.35307
5.35307
5.35307
5.35307
5.35307
5.35551
5.36033
5.36033
5.36033
5.36033
5.36033
5.36033
5.36033
5.36033
5.36033
5.36033
5.36033
5.36033
5.36033
5.36033
5.36033
5.36033
5.36033
5.36033
5.36033
5.36033
5.36033
5.36033
5.36033
5.36033
5.36033
5.36033
5.36033
5.36033
5.36033
5.36033
5.36033
5.36033
5.36033
5.36033
5.36033
5.36033
5.36033
5.36033
5.36033
5.36033
5.36033
5.36033
5.36033
5.36033
5.36033
5.36033
5.36033
5.36033
5.36033
5.36033
5.36033
5.36033
5.36033
5.36033
5.36033
5.36033
5.36033
5.36033
5.36033
5.36033
5.36033
5.36033
5.36033
5.36033
5.36033
5.36033
5.36033
5.36033
5.36033
5.36052
5.36052
5.36052
5.36052
5.36052
5.36052
5.36052
5.36052
5.36052
5.36052
5.36052
5.36052
5.36052
5.36052
5.36052
5.36052
5.36052
5.36052
5.36052
5.36052
5.36052
5.36052
5.36052
5.36052
5.36571
5.36571
5.36571
5.36571
5.36571
5.36571
5.36571
5.36571
5.36571
5.36571
5.36571
5.36571
5.36571
5.36571
5.36571
5.36571
5.36571
5.36571
5.36571
5.36571
5.36571
5.36571
5.36571
5.36571
5.36571
5.36571
5.36571
5.36571
5.36571
5.36571
5.36571
5.36571
5.36571
5.36571
5.36571
5.36571
5.36571
5.36571
5.36571
5.36571
5.36571
5.36571
5.36571
5.36571
5.36571
5.36571
5.36571
5.36571
5.36571
5.36571
5.36571
5.36571
5.36571
5.36571
5.36571
5.36571
5.36571
5.36571
5.36571
5.36571
5.36571
5.36571
5.36571
5.36652
5.36652
5.36652
5.36652
5.36652
5.36652
5.36652
5.36652
5.36652
5.36652
5.36652
5.36652
5.36652
5.36652
5.36652
5.36652
5.36652
5.36652
5.36652
5.36652
5.36652
5.36652
5.36652
5.36652
5.36652
5.36652
5.36652
5.36652
5.36652
5.36652
5.36652
5.36652
5.36652
5.36652
5.36652
5.36652
5.36652
5.4809
5.4809
5.4809
5.4809
5.4809
5.4809
5.4809
5.4809
5.4809
5.4809
5.4809
5.4809
5.4809
5.4809
5.4809
5.4809
5.4809
5.4809
5.4809
5.4809
5.4809
5.4809
5.4809
5.4809
5.4809
5.4809
5.4809
5.4809
5.48094
5.48094
5.48094
5.48094
5.48094
5.48094
5.48094
5.48094
5.48094
5.48094
5.48094
5.48094
5.48094
5.48094
5.48094
5.48094
5.48094
5.48094
5.48094
5.48094
5.48094
5.48094
5.48094
5.48094
5.48094
5.48094
5.48094
5.48094
5.48094
5.48094
5.48094
5.48094
5.48094
5.48094
5.48094
5.48094
5.48094
5.48094
5.48094
5.48094
5.48094
5.48094
5.48094
5.48094
5.48094
5.48094
5.48094
5.48094
5.48094
5.48094
5.48094
5.48094
5.48094
5.48094
5.48094
5.48094
5.48094
5.48094
5.48094
5.48094
