7.01406
7.01406
7.075
7.07656
7.16407
7.16407
7.16407
7.16407
7.16407
7.16407
7.28906
7.28906
7.28906
7.28906
7.28906
7.28906
7.35
7.35
7.35
7.35
7.35
7.35
7.35
7.35
7.35
7.35
7.35
7.35
7.35
7.35
7.35
7.35
7.35
7.35
7.35
7.35
7.35
7.35
7.35
7.35
7.35
7.35
7.35
7.35
7.35
7.35
7.35
7.35
7.35
7.35
7.35157
7.35157
7.35157
7.35157
7.35157
7.35157
7.35157
7.35157
7.35157
7.35157
7.35157
7.35157
7.35157
7.35157
7.35157
7.35157
7.35157
7.35157
7.35157
7.35157
7.35157
7.35157
7.35157
7.35157
7.35157
7.35157
7.36406
7.36406
7.36406
7.36406
7.36406
7.36406
7.36406
7.36406
7.36406
7.36406
7.36406
7.36406
7.36406
7.36406
7.36406
7.36406
7.36406
7.36406
7.36406
7.36406
7.36406
7.36406
7.36406
7.36406
7.36406
7.36406
7.36406
7.36406
7.36406
7.36406
7.36406
7.36406
7.36406
7.36406
7.36406
7.36406
7.36406
7.36406
7.36406
7.36406
7.36406
7.36406
7.36406
7.36406
7.36406
7.36406
7.36406
7.36406
7.36406
7.36406
7.36406
7.36406
7.36406
7.36406
7.36406
7.36406
7.36406
7.36406
7.36406
7.36406
7.36406
7.36406
7.375
7.375
7.375
7.375
7.375
7.375
7.375
7.375
7.375
7.375
7.375
7.375
7.375
7.375
7.375
7.3875
7.3875
7.3875
7.3875
7.3875
7.40469
7.40469
7.40469
7.4875
7.4875
7.4875
7.4875
7.4875
7.4875
7.4875
7.4875
7.4875
7.4875
7.4875
7.4875
7.4875
7.4875
7.4875
7.4875
7.4875
7.4875
7.4875
7.4875
7.4875
7.4875
7.4875
7.4875
7.4875
7.4875
7.4875
7.4875
7.4875
7.4875
7.4875
7.4875
7.4875
7.4875
7.4875
7.4875
7.4875
7.4875
7.4875
7.4875
7.4875
7.4875
7.4875
7.4875
7.4875
7.4875
7.4875
7.4875
7.4875
7.4875
7.4875
7.4875
7.4875
7.4875
7.4875
7.4875
7.4875
7.4875
7.4875
7.4875
7.4875
7.4875
7.4875
7.4875
7.4875
7.4875
7.4875
7.4875
7.4875
7.4875
7.4875
7.4875
7.4875
7.4875
7.4875
7.4875
7.4875
7.4875
7.4875
7.4875
7.4875
7.4875
7.4875
7.4875
7.4875
7.4875
7.4875
7.4875
7.4875
7.4875
7.4875
7.4875
7.4875
7.4875
7.4875
7.4875
7.4875
7.4875
7.4875
7.4875
7.4875
7.4875
7.4875
7.4875
7.4875
7.4875
7.4875
7.4875
7.4875
7.4875
7.4875
7.4875
7.4875
7.4875
7.4875
7.4875
7.4875
7.4875
7.4875
7.4875
7.4875
7.4875
7.4875
7.4875
7.4875
7.4875
7.4875
7.4875
7.4875
7.4875
7.4875
7.4875
7.4875
7.4875
7.4875
7.4875
7.4875
7.4875
7.4875
