10.5071
10.7238
10.7238
10.7246
10.7246
10.7275
10.7275
10.7275
10.7275
10.7275
10.7275
10.7275
10.7275
10.7275
10.7275
10.7275
10.7275
10.7275
10.7275
10.7275
10.7275
10.7275
10.7275
10.7275
10.7275
10.7275
10.7275
10.7275
10.7275
10.8317
10.8317
10.8317
10.8317
10.8324
10.8324
10.8324
10.8332
10.8332
10.8332
10.8332
10.8332
10.8332
10.8332
10.8332
10.8332
10.8332
10.8332
10.8332
10.8332
10.8332
10.8332
10.8332
10.8332
10.8332
10.8332
10.8332
10.8332
10.8332
10.8332
10.8332
10.8332
10.8332
10.8332
10.8332
10.8332
10.8332
10.8332
10.8332
10.8332
10.8332
10.8332
10.8332
10.8332
10.8332
10.8332
10.8332
10.8332
10.8332
10.8332
10.8332
10.8332
10.8332
10.8332
10.8332
10.8332
10.8332
10.8332
10.8332
10.8332
10.8332
10.8332
10.8332
10.8332
10.8339
10.8339
10.8339
10.8339
10.8339
10.8339
10.8339
10.8339
10.8339
10.8339
10.8339
10.8339
10.8339
10.8339
10.8339
10.8339
10.8339
10.8339
10.8339
10.8339
10.8339
10.8339
10.8339
10.8339
10.8339
10.8339
10.8339
10.8345
10.8345
10.8345
10.8345
10.8345
10.8345
10.8345
10.8345
10.8345
10.8345
10.8345
10.8345
10.8345
10.8345
10.8345
10.8345
10.8345
10.8345
10.8345
10.8345
10.8345
10.8345
10.8345
10.8345
10.8345
10.8345
10.8345
10.8345
10.8345
10.8345
10.8345
10.8345
10.8965
10.8965
10.8965
10.8965
10.897
10.897
10.897
10.8998
10.8998
10.8998
10.8998
10.8998
10.8998
10.8998
10.8999
10.8999
10.8999
10.8999
10.8999
10.8999
10.8999
10.8999
10.8999
10.9002
10.9002
10.9002
10.9002
10.9002
10.9002
10.9002
10.9002
10.9002
10.9002
10.9002
10.9002
10.9002
10.9002
10.9002
10.9009
10.9009
10.9009
10.9009
10.9009
10.9009
10.9009
10.9009
10.9009
10.9009
10.9009
10.9009
10.9009
10.9009
10.9009
10.9009
10.9009
10.9009
10.9009
10.9009
10.9009
10.9009
10.9009
10.9009
10.9009
10.9009
10.9009
10.9009
10.9009
10.9009
10.9009
10.9009
10.9009
10.9009
10.9009
10.9009
10.9009
10.9009
10.9009
10.9009
10.9009
10.9009
10.9009
10.9009
10.9009
10.9009
10.9009
10.9009
10.9009
10.9009
10.9009
10.9009
10.9009
10.9009
10.9009
10.9009
10.9009
10.9009
10.9009
10.9009
10.9009
10.9009
10.9009
10.9009
10.9009
10.9009
10.9009
10.9009
10.9009
10.9009
10.9009
10.9009
10.9009
10.9009
10.9009
10.9009
10.9009
10.9009
10.9009
10.9009
10.9009
10.9009
10.9009
10.9009
10.9009
10.9009
10.9009
10.9009
10.9009
10.9009
10.9009
10.9009
10.9009
10.9009
10.9009
10.9009
10.9009
10.9009
10.9009
10.9009
10.9009
10.9009
10.9009
10.9009
10.9009
10.9009
10.9009
10.9009
10.9009
10.9009
