4186
3970
3807
3960
3750
3644
3705
3924
3947
3712
3791
3264
3790
3675
3575
3515
4179
4229
4085
4305
4506
4330
4332
4061
4107
4023
3622
3737
3587
3430
3457
3542
3399
3453
3295
3485
3258
3307
3292
3343
3533
3352
3596
3603
3869
3630
3607
3652
3725
3669
3542
3581
3710
3653
3471
3735
3890
3861
3781
3870
3890
3798
3646
3993
3816
3698
3718
3878
3673
3900
3866
4158
3938
4146
4080
4164
4103
4068
4003
4023
4107
4152
4014
4016
3881
3904
4012
3699
3996
3871
3885
3631
3648
3975
3860
3993
3726
3767
4220
3804
3769
3918
3921
3443
3877
3934
3952
3944
4039
4008
4094
4094
4081
4185
4212
4184
4309
4226
4370
4148
4167
4263
4245
4284
4174
4247
4448
4459
4226
4320
4400
4398
4181
4287
4258
4127
4227
4095
4234
4308
4304
4189
4187
4021
4204
4084
4282
4265
4297
4389
4113
4021
4218
3962
4015
3916
3827
3848
3811
3821
3774
3845
3668
3784
4016
3843
3898
3993
3982
4101
4184
4133
4172
4168
4377
4330
4279
4265
4405
4398
4465
4317
4377
4381
4257
4275
4485
4471
4497
4416
4483
4486
4483
4569
4553
4536
4524
4524
4441
4633
4652
4611
4610
4680
4616
4699
4740
4788
4761
4764
4730
4863
4854
4793
4900
4854
4851
4865
4802
4848
4793
4828
4976
4934
4857
4950
4864
4865
4821
4754
4995
4941
4999
4736
4732
4810
4770
4922
4689
4793
4713
4672
4711
4635
4651
4653
4491
4543
4510
4642
4461
4483
4584
4428
4519
4425
4335
4336
4288
4456
4300
4471
4350
4334
4411
4359
4307
4304
4556
4416
4370
4461
4307
4387
4367
4190
4320
4389
4295
4338
4430
4477
4453
4181
4389
4422
4330
4168
4236
4178
4341
4454
4285
4383
4570
4378
4415
4315
4541
4441
