8.55338
8.76465
8.76465
8.87351
8.87351
8.87351
8.87835
8.87835
8.87835
8.87835
8.87835
8.87835
8.87835
8.87835
8.87835
8.87835
8.87835
8.87835
8.87841
8.87841
8.87841
8.87841
8.88163
8.88163
8.88163
8.88163
8.88163
8.88163
8.88163
8.88163
8.88163
8.88163
8.88163
8.88163
8.90418
8.90418
8.90418
8.90418
8.90418
8.90418
8.90418
8.90418
8.90418
8.90418
8.90418
8.90418
8.90418
8.90418
8.90418
8.90418
8.90418
8.90418
8.90418
8.90418
8.90418
8.90418
8.90418
8.90418
8.90418
8.90418
8.90418
8.90418
8.90418
8.99486
8.99486
8.99486
8.99486
8.99486
8.99486
8.99486
8.99486
8.99486
8.99486
8.99486
8.99486
8.99486
8.99486
8.99486
8.99486
8.99486
8.99486
8.99486
8.99486
8.99486
8.99486
8.99486
8.99486
8.99486
8.99486
8.99486
8.99486
8.99486
8.99486
8.99486
8.99486
8.99486
8.99486
8.99486
8.99486
8.99486
8.99486
8.99486
8.99486
8.99486
8.99486
8.99486
8.99486
8.99486
8.99486
8.99486
8.99486
8.99486
8.99486
8.99486
8.99486
8.99486
8.99486
8.99486
8.99486
8.99486
8.99486
8.99486
8.99486
8.99486
8.99486
8.99486
8.99499
8.99499
8.99499
8.99499
8.99499
8.99499
8.99499
8.99499
8.99499
8.99499
8.99499
8.99499
8.99499
8.99499
8.99499
8.99499
8.99499
8.99499
8.99499
8.99499
8.99499
8.99499
8.99499
8.99499
8.99499
8.99499
8.99499
8.99499
8.99499
8.99499
8.99499
8.99499
8.99499
8.99499
8.99499
8.99499
8.99499
8.99499
8.99499
8.99499
8.99499
8.99499
8.99499
8.99499
8.99499
8.99499
8.99499
8.99499
8.99499
8.99499
8.99499
8.99499
8.99499
8.99499
8.99499
8.99499
8.99499
8.99499
8.99499
8.99499
8.99499
8.99499
8.99499
8.99499
8.99499
8.99499
8.99499
8.99499
8.99499
8.99499
8.99499
8.99499
8.99499
8.99499
8.99499
8.99499
8.99499
8.99499
8.99499
8.99499
8.99499
8.99499
8.99499
8.99499
8.99499
8.99499
8.99499
8.99499
8.99499
8.99499
8.99499
8.99499
8.99499
8.99499
8.99499
8.99499
8.99499
8.99499
8.99499
8.99499
8.99499
8.99499
8.99499
8.99499
8.99499
8.99499
8.99499
8.99499
8.99499
8.99499
8.99499
8.99499
8.99499
8.99499
8.99499
8.99499
8.99499
8.99499
8.99499
8.99499
8.99499
8.99499
8.99499
8.99499
8.99499
8.99499
8.99499
8.99499
8.99499
8.99499
8.99499
8.99499
8.99499
8.99499
8.99499
8.99499
8.99499
8.99499
8.99499
8.99499
8.99499
8.99499
8.99499
8.99499
8.99499
8.99499
8.99499
8.99499
8.99499
8.99499
8.99499
8.99499
8.99499
8.99499
8.99499
8.99499
8.99499
8.99499
8.99499
8.99499
8.99499
8.99499
8.99499
8.99499
8.99499
8.99499
8.99499
8.99499
8.99499
8.99499
8.99499
8.99499
8.99499
8.99499
