100.325
100.118
99.6375
102.572
99.3841
101.146
97.453
100.025
99.2088
99.6212
100.246
100.165
98.1694
100.16
100.788
99.946
100.088
97.9704
101.159
105.462
100.098
98.7336
100.686
102.406
97.0474
101.643
99.7713
98.9579
97.9705
102.253
102.038
99.2434
97.4164
100.065
105.475
101.03
101.18
99.7506
99.8587
105.241
99.063
98.9124
96.9995
99.4104
106.188
99.4869
96.8711
100.914
100.453
99.5934
100.632
100.921
99.4331
99.356
108.355
98.5547
100.443
96.9269
99.4988
99.8987
107.864
98.033
99.6719
107.899
100.294
98.6005
100.406
99.3097
99.4754
100.14
100.259
99.6077
96.8931
99.6823
99.4128
99.6236
100.676
101.091
98.3222
97.1727
99.9535
100.107
99.7049
101.121
109.973
100.093
99.6397
108.758
100.826
101.037
100.767
97.9194
98.0073
100.708
101.093
97.5926
99.6011
100.791
99.3406
101.647
101.181
99.6194
101.829
100.094
101.939
99.184
110.754
101.588
99.3626
100.089
100.1
100.966
96.9754
100.413
109.52
98.4654
97.928
98.941
110.249
100.262
97.4717
111.745
100.464
101.213
99.5565
97.7762
101.092
98.4369
101.153
99.4173
100.218
99.3919
107.161
108.545
101.262
98.5734
98.2529
100.885
99.861
107.131
101.955
98.8996
101.309
101.451
99.1673
100.069
99.3169
98.8582
99.8081
100.812
96.787
101.88
101.35
98.8546
101.564
99.9852
98.6598
97.9896
101.046
100.968
101.063
98.9296
101.197
100.386
99.3629
102.684
97.6739
100.335
100.988
99.8718
100.231
100.488
101.448
99.562
103.935
99.9512
100.197
99.9323
99.3944
97.8915
104.566
101.167
99.4369
101.021
96.4028
99.2727
99.5404
99.177
97.9563
99.141
102.088
99.2093
96.7548
97.8865
101.055
99.6535
98.6004
98.2232
99.5772
99.4344
99.6161
102.076
97.8009
101.046
101.072
101.033
100.82
98.8124
98.9333
100.207
99.0154
99.8752
100.79
99.3141
98.7211
99.3353
97.0893
99.3707
97.5389
99.464
98.5254
97.3627
100.096
96.6524
99.0493
100.584
98.0604
98.5733
106.131
99.9182
99.7662
101.569
98.2558
100.017
99.7237
101.633
100.631
96.5725
98.1375
99.4958
100.135
98.197
98.8254
105.31
98.3062
99.5412
99.0988
101.389
103.266
98.1978
105.895
101.494
97.596
101.222
107.06
104.951
99.216
100.148
99.4955
99.8233
105.502
98.9252
96.8156
101.396
97.6838
98.4693
101.641
98.5398
97.1249
100.152
107.148
103.12
98.4023
106.641
100.292
99.9113
102.194
97.2319
100.211
100.581
97.5603
97.841
97.5875
106.178
98.1631
98.282
100.069
100.325
100.324
98.5761
99.4181
102.619
99.8458
103.48
102.164
100.572
102.96
97.0375
