5.15418
5.29286
5.41884
4.83926
5.44995
5.29185
5.90254
5.59129
5.29638
5.72549
5.28502
5.5811
5.31726
5.43342
5.30051
5.44702
5.58911
6.02208
5.44576
3.4218
5.58475
5.5896
5.4369
4.87588
5.43418
4.98075
5.43325
5.5549
5.56718
4.84765
4.98663
5.57383
5.43182
5.27908
3.41194
4.86948
4.98486
5.41197
5.43351
3.69245
5.42917
5.5808
5.58066
5.41534
3.27396
5.41777
5.43688
5.01405
5.00741
5.43915
4.41479
5.29965
5.58469
5.43592
2.14144
5.5819
5.15949
5.58918
5.72343
5.28739
2.05982
5.27837
5.42609
2.06302
5.29493
5.43368
5.15138
5.44238
5.43165
5.14113
5.28543
5.42869
5.59303
5.42896
5.28768
5.43916
5.15652
5.27552
5.29478
6.02879
4.8746
5.29862
5.4302
5.29539
2.05868
5.58686
5.42969
2.41917
5.43045
5.15384
5.43059
5.29156
5.86791
5.43765
5.29537
5.16909
5.43832
5.30103
5.57205
4.93611
5.34073
5.28168
5.02051
5.1412
5.0133
5.44798
1.92391
5.01724
5.5886
5.43376
5.29625
5.28696
5.43157
5.43462
2.19881
5.7234
5.40739
5.44513
2.33335
5.58946
5.30076
1.6469
5.0128
5.01753
5.43636
5.44961
4.88854
5.16905
4.84514
5.57279
5.14915
5.59231
2.14074
2.60612
5.14791
5.58977
5.86601
5.01696
5.43341
3.00623
4.99382
5.2976
5.29888
5.14937
5.43982
5.02884
5.58234
5.86567
5.42798
5.43094
5.58885
4.69134
4.83356
5.15383
5.16304
5.31452
5.14696
5.43351
4.83348
5.01702
5.15053
5.57947
5.02624
4.99017
5.43873
4.87362
5.43653
5.43466
4.86965
5.28865
5.28717
5.29345
5.2948
5.58735
4.25337
5.42494
5.29127
5.29817
5.43646
5.29163
3.56241
5.28884
5.5892
5.43597
5.72355
5.5867
5.14698
5.44764
5.86774
5.45159
4.65954
5.43114
5.58177
5.57449
4.99711
5.72915
5.83956
5.73377
5.57608
5.42631
5.43425
4.6838
5.58605
5.29147
5.13288
5.12743
4.97032
5.58032
5.42724
4.52396
5.4244
5.43077
4.9822
5.57674
5.57892
4.87132
5.57736
5.42679
5.43694
5.5785
5.43957
5.58203
5.42695
5.72733
4.88093
5.16282
5.57067
5.29667
3.43181
5.58842
5.43415
5.01899
5.28698
5.41143
5.44428
4.12522
5.43128
5.7243
5.44432
5.1567
5.29604
5.58586
5.43425
3.70502
5.58398
5.28804
5.3041
4.85891
4.26474
5.72377
3.5654
4.54008
5.42861
4.81888
3.14981
3.98298
5.43601
5.43668
5.29629
5.43928
3.56297
5.72666
5.86741
4.84976
5.43062
5.28601
5.16417
5.1277
5.58687
4.80204
3.29139
4.12698
5.29963
3.42851
5.15439
4.80718
4.98468
5.58729
5.43185
5.2904
5.43991
5.71654
5.58733
3.15344
5.43168
5.72982
5.15201
5.13526
5.28741
5.58982
5.4341
4.54794
5.43113
4.39595
4.55075
5.44694
4.26527
5.58409
