8.82793
8.90153
8.97775
8.72882
8.75659
8.71724
8.93707
8.89306
8.77512
8.87039
8.76206
8.79803
8.74524
8.82089
8.73164
8.93911
8.73962
8.84612
8.73617
8.76923
8.87492
8.69867
8.70053
8.7629
8.79556
8.74929
8.89644
8.88
8.77559
9.02713
8.78846
8.77854
8.8263
8.93467
8.86712
8.88724
8.79173
8.96163
8.93011
8.82894
9.07298
8.86198
8.87698
8.82725
8.76935
9.04978
9.01419
9.03431
8.92177
8.90929
8.933
8.95471
8.76686
8.74707
8.72834
9.00903
8.96382
8.88194
8.89967
8.88194
8.66005
8.77504
8.99739
8.78804
8.88846
9.05268
8.98365
8.79793
8.78892
8.86538
8.71961
8.91998
8.87514
8.97144
8.79173
8.7359
8.77731
8.83422
8.86883
9.40989
8.76015
8.84379
8.86142
8.74333
8.78869
8.93789
8.88329
8.9022
8.64363
8.6533
8.75043
8.96764
8.78603
8.78431
8.87764
8.89458
8.64555
8.76192
8.73372
7.90382
7.55409
8.91555
8.76015
8.85783
8.8416
8.89272
8.79002
8.73353
8.78513
8.89634
8.8922
8.85482
9.01876
8.73469
8.82395
8.89506
8.689
8.6711
8.64632
8.70632
8.8627
8.87449
8.96444
8.72535
8.8839
8.8821
8.79788
8.82971
8.8844
8.6466
9.16867
8.76338
8.8786
8.68853
8.75627
8.85493
8.86781
8.69184
8.78504
8.69335
8.89549
8.79401
8.70053
8.81487
8.90849
8.93593
8.76815
8.86756
8.55144
8.61928
8.781
8.6462
8.67739
8.49235
8.74873
8.75916
8.70028
8.86253
8.58117
8.82432
8.8259
8.80234
8.67761
8.8722
8.72169
8.54994
8.65573
8.93899
8.95519
8.76494
8.76263
8.77298
8.76752
8.74941
8.82548
8.66945
8.7817
8.69617
8.79861
8.88012
8.8133
8.71556
8.70878
8.81321
8.78157
8.81373
8.78165
8.88413
8.71302
8.79343
8.82395
8.76695
8.80742
8.87706
8.77994
8.91906
8.69617
8.86376
8.74716
8.71881
8.95283
8.7789
8.98452
8.85273
8.5722
8.91768
8.72535
8.85257
8.742
8.64799
8.90348
8.69059
8.89262
8.89717
8.89054
8.84922
8.7458
8.74752
8.85017
8.73634
8.81435
8.9573
8.68547
8.64805
8.90015
8.84829
8.91861
8.72919
8.76312
8.7325
8.89064
8.87835
8.87831
8.66451
8.95649
8.87353
8.76313
8.88449
8.84122
8.81032
8.85157
8.76404
8.87435
8.74461
8.85401
9.0016
8.97891
8.93168
8.88918
8.84668
8.66408
8.93794
8.80589
8.82246
8.7051
8.70736
8.91892
8.60033
9.02608
8.84506
8.82031
8.6648
8.76883
8.77421
8.90488
8.8556
8.86765
8.77164
8.90566
8.81
8.73631
8.86715
8.80956
8.73449
8.90165
8.82639
8.80459
8.73524
8.8624
8.88893
8.8746
8.84333
8.84827
8.89465
8.70588
8.87426
8.91387
8.84745
8.70248
8.73435
8.69082
8.81981
8.79694
8.83616
8.82628
8.76501
8.87282
8.76175
