3236
3273
3201
3179
3262
3222
3215
3235
3178
3330
3200
3246
3144
3244
3296
3171
3265
3245
3301
3081
3172
3216
3081
3182
3147
3220
3228
3154
3138
3189
3148
3163
3096
3118
3065
3170
3138
3252
3156
3138
3187
3152
3097
3191
3122
3224
3074
3100
3141
3176
3108
3221
3185
3138
2906
3101
3187
3118
3224
3197
3037
3050
3090
2919
3243
3107
3068
3189
3031
3064
3132
3215
3098
3084
3226
3095
3034
3112
3066
3321
3059
3057
3068
3108
2927
3106
3075
3085
3081
3169
3116
3109
3180
3107
3116
3075
3090
3158
3003
2891
2919
3178
3075
3130
3128
3132
2979
3067
3115
3088
3124
2993
3115
3092
3015
3134
3092
3052
3003
3112
3059
2984
3194
3113
3267
3079
3127
3120
3144
3247
3194
3096
2972
3051
3139
3226
3117
3086
3191
3096
3181
3068
3206
3089
3170
3148
3163
3164
3192
3246
3071
3023
3082
3170
3148
3087
3200
3269
3110
3133
3213
3138
3195
3174
3201
3090
3041
3250
3214
3174
3091
3168
3212
3140
3099
3183
3193
3175
3166
3161
3072
3175
3203
3267
3213
3146
3230
3251
3259
3164
3208
3232
3131
3155
3231
3224
3178
3165
3133
3216
3199
3080
3155
3196
3310
3154
3274
3193
3138
3124
3176
3186
3141
3280
3209
3121
3143
3208
2994
3230
3139
3165
3144
3132
3091
3211
3260
3129
3103
3211
3192
3137
3196
3188
3141
3125
3172
3130
3153
3185
3183
3216
3161
3155
3222
3222
3079
3148
3231
3230
3098
3161
3136
3184
3127
3088
3187
3201
3202
3206
3103
3107
3127
3254
3209
3128
3120
3098
3140
3143
3235
3098
3145
3126
3028
3131
3184
3157
3219
3206
3233
3175
3206
3122
3197
3238
3189
3201
3231
3254
3237
3246
3152
3157
3179
3190
3170
3177
