8.37081
8.46969
8.46787
8.73251
8.34425
8.72678
8.2408
8.73545
8.14166
8.73286
8.45258
8.73603
7.82814
8.59496
8.62798
8.58205
8.69888
8.49923
8.89237
8.27304
8.74595
8.26221
8.72057
8.731
7.60887
8.5863
8.49745
8.35444
8.02461
8.76851
8.73481
8.43109
7.72963
8.45099
8.32191
8.3341
8.46009
8.49195
8.53736
8.5035
8.32366
8.36023
7.76041
8.34131
8.36537
8.44234
7.60935
8.49817
8.29932
8.45082
7.76853
8.75541
8.49777
8.31826
7.9332
8.29229
8.46382
7.74731
8.70164
8.38725
7.64189
7.75518
8.49289
7.73958
8.52359
8.17203
8.45097
8.32686
8.36542
8.31233
8.44171
8.44857
7.73888
8.4903
8.20262
8.40169
8.46576
8.73901
7.88945
8.39718
7.94924
8.45161
8.46117
8.73277
8.4469
8.76868
8.44734
8.46583
8.73642
8.52962
8.75858
7.78649
8.33977
8.75974
8.77663
7.54033
8.36323
8.64117
8.44516
8.19434
8.32706
8.3038
8.68985
8.29506
8.75216
8.32349
8.58573
8.59893
8.48557
8.59944
8.46399
8.71861
7.63843
8.64503
8.45512
8.37116
7.82744
8.17356
8.71268
8.74186
7.62544
8.72631
8.32392
8.47712
8.42768
7.87548
8.33816
7.78839
8.34839
8.44104
8.45455
8.49129
7.62439
8.43564
8.6352
8.25971
8.43847
8.35987
8.48755
8.36548
8.76071
8.05168
8.77873
8.7206
8.31512
8.20246
8.45932
8.62967
8.38467
8.72303
7.67894
8.32901
8.31706
7.79979
8.74324
8.39879
7.79713
7.92131
8.18366
8.43721
8.60181
8.34561
8.46173
8.24226
8.31486
8.72221
7.7691
8.69486
8.34709
8.33922
8.45022
8.54166
8.84587
8.53512
8.63292
8.46704
8.45042
8.34372
8.34791
7.75337
8.14257
8.72986
8.48418
8.86898
7.69443
8.46468
8.09881
8.31815
8.30325
8.28145
8.43917
8.27392
7.66812
8.03381
8.42786
8.76338
8.47004
8.29568
8.52785
8.32384
8.46794
8.44028
8.04777
8.74796
8.48766
8.60479
8.30544
8.32513
8.17558
7.6382
8.24966
8.45652
8.37168
8.49516
8.30651
7.78074
7.75274
8.31388
7.77946
8.49113
8.08218
7.89687
8.51996
7.7446
7.71593
8.46951
8.0967
7.92869
8.50082
8.64225
8.4947
8.65404
7.8634
8.47239
8.51384
7.77879
8.72097
7.77159
7.97272
8.10406
8.46062
8.11078
8.18996
8.49267
8.16926
8.31404
8.18009
8.45718
8.45611
8.27272
8.49996
8.1749
7.77728
8.31955
8.49269
8.63342
8.33022
8.51555
8.31572
8.50231
8.45574
8.4482
7.96351
8.38686
7.83347
7.92326
8.81804
7.76203
7.81326
7.95725
8.68261
8.26038
7.90211
8.64984
8.38735
7.89168
8.78995
7.80421
8.62465
8.61147
7.79565
8.15221
7.94463
8.31421
7.9293
8.31335
8.31765
8.35878
8.45801
8.22425
8.31726
8.49701
8.48459
8.63229
8.35564
8.71862
8.34927
7.74734
