103.073
101.143
103.82
106.639
103.281
103.166
106.961
103.379
106.006
106.776
109.751
103.667
104.991
103.095
103.481
102.897
102.746
104.677
105.732
103.17
105.352
103.518
102.709
102.497
102.926
102.646
103.055
103.484
102.436
102.389
102.485
103.316
102.742
103.191
104.593
103.158
102.546
104.955
102.678
102.819
103.483
103.309
104.23
103.386
103.19
103.114
103.313
102.835
103.052
102.996
103.369
102.858
102.258
103.525
103.665
102.726
102.768
104.389
103.142
103.35
102.864
103.357
102.693
103.386
103.128
103.253
103.179
103.907
103.774
104.807
102.794
102.308
102.743
102.46
102.918
102.527
102.775
107.108
102.85
102.847
103.214
103.12
103.053
102.772
107.545
103.063
103.487
103.064
103.08
107.3
103.905
103.03
103.613
103.456
102.566
103.148
102.675
103.296
103.044
103.173
104.59
107.223
102.862
102.691
102.485
103.202
102.933
103.868
104.896
101.296
104.223
102.441
103.304
103.687
104.033
101.143
103.127
102.565
104.589
108.31
106.437
104.239
103.587
106.258
100.131
103.966
103.237
104.185
103.508
100.474
105.88
104.474
99.7983
103.468
102.845
103.619
103.147
104.607
105.577
104.491
102.488
102.828
102.826
103.644
106.219
107.797
103.572
102.898
107.107
103.435
103.848
108.321
106.475
108.855
107.325
104.134
109.721
102.822
106.272
108.919
103.18
103.677
103.328
108.261
106.494
102.239
107.516
103.232
103.69
102.731
110.605
105.958
107.784
105.103
106.592
103.166
109.12
107.757
108.635
107.72
107.601
108.992
98.9249
107.509
108.465
102.558
109.907
107.803
108.966
103.382
108.966
110.419
107.667
109.283
108.472
107.708
102.631
102.78
107.328
109.799
108.798
108.005
109.94
105.14
102.697
110.965
108.325
103.205
107.715
107.043
102.865
103.771
109.096
107.182
107.64
108.108
103.4
103.209
105.866
107.359
106.27
105.908
105.557
109.692
108.096
100.381
109.439
97.9782
108.671
108.427
104.588
107.988
103.091
107.977
107.498
105.943
103.172
107.238
105.405
103.826
108.4
102.83
108.59
104.938
107.402
103.181
109.35
110.353
103.029
103.642
108.946
108.664
103.325
102.757
102.845
103.509
102.816
102.977
102.949
103.724
102.851
104.159
102.914
105.483
103.551
102.82
102.879
103.221
103.427
103.515
103.375
103.98
102.946
103.286
102.989
104.961
103.527
102.791
102.872
105.178
102.735
106.201
103.08
102.77
103.032
103
102.986
103.129
102.586
102.719
103.159
104.55
104.024
102.888
103.962
104.905
103.372
103.685
