4.65772
3.38935
4.54471
3.40353
4.52976
4.53024
4.1109
4.54071
3.61735
3.37363
3.43313
4.43641
4.01777
4.53962
4.51881
4.69768
4.7357
4.68076
3.80481
4.52695
3.88196
4.52412
4.7442
4.77185
4.66069
4.76813
4.54169
4.55484
4.75087
4.83508
4.80214
4.53379
4.6999
4.62755
4.73358
4.61646
4.77694
4.67434
4.76227
4.72367
4.44208
4.54449
4.66816
4.54517
4.6498
4.6522
4.54183
4.74227
4.56322
4.69136
4.55505
4.65623
4.86042
4.43852
4.85427
4.75052
4.7519
4.757
4.64783
4.55218
4.6487
4.5493
4.66782
4.54918
4.66479
4.53645
4.46353
4.85983
4.85397
4.56517
4.64248
4.86686
4.65267
4.75429
4.65164
4.75146
4.54997
3.23553
4.65274
4.65093
4.65372
4.65803
4.64025
4.76582
3.14805
4.53727
4.43108
4.52308
4.54943
4.14972
4.36756
4.6556
4.37352
4.36881
4.76547
4.66065
4.64846
4.56019
4.6407
4.47039
4.00086
3.14838
4.63641
4.75179
4.76376
4.64143
4.64011
4.42537
4.10007
4.38901
4.31773
4.75999
4.46488
4.36001
4.15352
4.41192
4.66105
4.75138
4.00154
2.93375
4.3628
4.28799
4.30939
3.46114
4.64297
4.2848
4.42061
4.31108
4.5363
4.53097
3.6819
4.21966
4.6617
4.53555
4.64931
4.42415
4.65149
3.99893
3.85138
3.99814
4.76037
4.65252
4.7622
4.31412
3.52577
3.14828
4.43117
4.53206
4.23489
4.53817
4.21273
3.52653
3.4392
3.43411
3.74153
4.31226
3.21723
4.76273
4.28193
3.23826
4.5359
4.5348
4.5383
3.52441
3.48522
4.76881
3.62929
4.53405
4.33922
4.76753
3.20668
4.29384
3.93647
4.46185
4.10116
4.64438
3.21059
3.72627
3.64089
3.63191
3.84709
3.52123
3.63052
3.72336
3.42455
4.76186
3.2224
3.52067
3.63909
4.44514
3.40745
3.21539
3.72753
3.52366
3.43912
3.72792
4.75778
4.64438
3.63547
3.41667
3.30749
3.52139
3.51777
4.00697
4.75622
3.2852
3.64939
4.65256
3.6346
3.36012
4.63766
4.42611
3.62457
3.53232
3.72642
3.63917
4.53941
4.43675
3.67882
3.72945
3.52975
3.63246
4.36965
3.52036
3.41152
3.67697
3.63089
4.64786
3.64399
3.5139
4.09247
3.62328
4.65703
3.62969
3.93987
3.62774
4.53941
3.72629
3.88955
4.34208
3.61887
4.76822
3.61403
3.98849
3.64336
4.6532
3.52725
3.30275
4.65014
4.53796
3.62305
3.63169
4.65597
4.76991
4.65266
4.53954
4.63819
4.66135
4.65502
4.4375
4.7484
4.32354
4.64787
4.56471
4.44738
4.76435
4.7512
4.65313
4.54608
4.54442
4.53871
4.3298
4.74958
4.54236
4.65041
4.02385
4.53949
4.74947
4.65392
4.63923
4.74993
4.44552
4.65302
4.74281
4.66672
4.64993
4.65162
4.64393
4.75473
4.76697
4.63757
4.22612
4.33028
4.64859
4.4415
4.56097
4.54427
4.44399
