8.50332
8.43859
8.46462
8.47541
8.47032
8.48579
8.47541
8.27492
8.2951
8.26369
8.53151
8.23874
8.25621
8.26494
8.44546
8.46462
8.46597
8.44591
8.49728
8.39182
8.19507
8.27492
8.19507
8.32895
8.4549
8.44546
8.16557
8.37183
8.38612
8.37533
8.48593
8.39421
8.21525
8.43197
8.35483
8.40998
8.39065
8.40998
8.3798
8.44422
8.37533
8.45314
8.30299
8.3079
8.39151
8.39739
8.39065
8.30925
8.33311
8.29087
8.12342
8.35734
8.31513
8.37398
8.39785
8.32232
8.40594
8.39919
8.38841
8.40864
8.32232
8.37087
8.38841
8.30209
8.32232
8.37533
8.39919
8.40594
8.39919
8.38975
8.32232
8.47471
8.37762
8.39919
8.36242
8.38841
8.40864
8.31102
8.38193
8.31719
8.39919
8.31014
8.38975
8.4855
8.31824
8.38975
8.39291
8.40864
8.39919
8.40864
8.37846
8.40864
8.38975
8.45497
8.40864
8.40054
8.38975
8.40864
8.39453
8.39919
8.40532
8.51787
8.52064
8.38924
8.31014
8.40242
8.39588
8.40667
8.38975
8.36252
8.40667
8.38841
8.29154
8.4024
8.39723
8.39919
8.39919
8.39588
8.39723
8.40009
8.39795
8.49528
8.45091
8.3798
8.38841
8.44936
8.47471
8.45314
8.40864
8.41746
8.40998
8.31153
8.39868
8.3798
8.53059
8.38353
8.40667
8.32232
8.29587
8.39868
8.3798
8.38924
8.38975
8.38841
8.3714
8.41611
8.3798
8.47252
8.30501
8.32232
8.3088
8.32367
8.38054
8.39919
8.40376
8.37109
8.42867
8.40003
8.23327
8.39297
8.31372
8.3798
8.36767
8.38975
8.36767
8.25153
8.37393
8.38353
8.31958
8.31372
8.2793
8.31372
8.34539
8.40148
8.40253
8.38924
8.31372
8.31372
8.27307
8.33472
8.45386
8.3798
8.35938
8.30293
8.31372
8.24406
8.34539
8.37846
8.46257
8.33784
8.36157
8.38924
8.40144
8.39868
8.39598
8.35483
8.31167
8.31423
8.30172
8.37614
8.29768
8.43421
8.32367
8.32367
8.28772
8.26228
8.36377
8.30416
8.36838
8.2793
8.40739
8.39795
8.30434
8.29644
8.34539
8.35163
8.30443
8.45189
8.27796
8.37533
8.38353
8.40144
8.38851
8.30293
8.29768
8.31164
8.29768
8.25718
8.36907
8.32367
8.38193
8.31513
8.38716
8.42103
8.36278
8.38121
8.2793
8.36092
8.33756
8.40574
8.38975
8.30925
8.32367
8.39899
8.3637
8.36092
8.38639
8.39919
8.3798
8.46462
8.35254
8.35199
8.45464
8.42844
8.31288
8.3966
8.43467
8.46166
8.45087
8.34044
8.43006
8.48648
8.46462
8.45543
8.4459
8.47245
8.43512
8.50077
8.38614
8.46015
8.32367
8.40594
8.4684
8.40667
8.44972
8.37742
8.45382
8.45222
8.41098
8.38462
8.45968
8.31288
8.39541
8.40998
8.40594
8.44305
8.4086
8.40809
8.4727
8.43343
8.40594
8.31423
8.44379
8.32367
8.41183
8.37762
8.37762
8.42155
