8.71734
8.63168
8.68886
8.86262
8.7823
8.80011
7.60502
8.75919
8.7823
8.76184
7.34679
8.76921
8.76184
8.8429
8.76728
8.7631
8.79935
7.65953
8.71519
8.89718
8.80154
8.70428
8.74065
8.8288
8.7433
8.78816
8.92991
8.66722
8.90836
8.79759
8.76977
8.76287
8.86952
8.7066
7.62278
8.66295
8.76838
7.54802
8.7019
8.7071
8.89853
8.81923
7.90586
8.73802
8.66795
8.72271
8.8173
8.69857
8.94875
8.69857
8.72189
8.89942
8.7926
8.83933
7.87558
8.6882
8.73645
7.69264
8.68203
8.74573
8.66795
8.76184
8.91078
8.72189
8.67428
8.65391
8.85704
7.777
7.64001
7.63797
8.94955
8.78847
8.71611
8.94545
8.85278
8.90855
8.90237
8.743
8.66818
8.90311
8.64197
8.66178
8.76846
8.67316
8.80364
8.98026
8.90929
9.00203
8.95575
7.31336
8.76344
8.7433
8.94929
8.84222
8.83582
8.68256
8.80802
8.81375
8.76997
8.83266
8.83482
8.95989
8.73194
8.7807
8.89133
8.6752
8.84222
8.68096
8.6794
8.62954
8.66214
8.70343
8.96852
8.70005
8.89166
8.69108
8.66657
8.85278
8.96588
8.89872
7.19096
8.71776
8.89053
8.99337
8.69299
8.88299
8.87997
8.70124
8.67824
8.93243
8.83266
8.68979
8.94199
8.65545
8.89005
8.82648
8.69162
8.81692
8.72303
8.8821
8.64906
8.85985
8.64457
8.83972
8.72009
8.6535
8.62477
8.88615
7.25012
8.74832
8.88299
7.77655
8.90286
7.70939
7.89862
8.71062
7.66113
8.6713
7.57516
7.98467
8.67403
8.56756
8.79277
7.86143
8.81941
8.83685
7.87632
8.88615
8.94817
8.72268
7.31609
7.70765
7.26778
7.83493
7.76678
8.68608
7.7647
7.77466
7.53462
7.9501
7.65182
7.68607
7.22893
7.90868
7.91488
8.89142
7.64466
7.89578
7.31336
8.72136
7.66122
7.22764
7.81965
7.33087
7.72322
7.75847
8.79003
8.70111
8.05268
7.22259
7.77908
7.99139
7.15112
8.68106
8.7297
7.05989
7.47649
8.62848
7.93676
8.7129
8.88299
8.70626
7.33007
8.08968
7.83001
7.82743
8.68116
8.90954
8.84815
7.80817
8.76317
8.8929
7.81125
7.28714
8.10446
8.92941
7.21294
8.89247
7.46956
7.63662
8.94086
7.78444
8.68551
7.90867
7.5589
8.91017
8.89767
8.01803
8.72593
8.88615
7.66401
8.64753
7.57273
8.83685
8.07907
8.64749
7.3661
7.28315
8.78383
8.64322
7.41766
7.49647
8.69286
8.62953
8.88652
8.66044
8.93952
8.79402
8.79929
8.76405
8.69412
8.69291
8.79382
7.42861
8.85451
8.67588
8.66149
8.63969
8.71209
8.69174
8.7875
8.7901
8.75508
8.81267
8.80529
8.75579
8.67536
8.72128
8.86667
7.49618
8.74258
7.33132
8.7273
8.71993
8.76518
8.782
8.79929
8.69137
8.87383
8.75736
8.70309
8.64858
8.76184
8.87892
8.70742
7.7844
8.7675
8.75085
