3409
3205
3591
3783
3475
3532
3767
4022
3760
3656
3385
4100
3629
3766
3721
3776
3917
3560
3857
3847
3909
3926
3901
3979
3946
3911
4134
4124
4136
3842
3879
3983
4265
4119
3726
4279
4152
3921
4236
4197
4303
4353
3856
4357
4147
4266
4043
4291
4242
3949
4066
4285
4237
4217
3824
4201
4187
4051
4033
4059
3929
4058
3833
3951
3912
3956
3884
3525
3534
3566
3890
3827
3815
3660
3649
4410
3507
3279
3450
3362
3447
3393
3358
3330
3249
3325
3401
3254
3768
2992
3250
4361
3212
3162
3235
3589
3190
3071
3245
3062
3183
3112
3214
3186
3327
3169
3252
3256
3045
2853
3039
3123
3216
3306
3217
2699
3173
3276
3088
3105
2916
3108
3134
3133
2903
3133
3107
3416
3137
2927
3072
3154
2920
2980
3135
3118
3099
3122
3082
3057
3126
3090
3112
3258
3009
3062
3083
3251
3008
3039
3108
2733
3157
3014
2922
2916
2852
3032
3197
2733
3118
2877
3178
2985
3050
3500
2819
3776
3114
3072
2881
3039
2737
3084
2930
3058
2933
3030
2715
3001
2691
2763
2405
3370
2980
3219
2993
2962
2964
3046
3051
2698
2936
2842
2860
3072
3231
2966
2936
2948
2983
3445
2836
3561
3688
2819
3011
2932
2946
3404
3206
3710
3055
2959
3002
3764
3228
3092
3715
3075
3119
3842
3069
3425
3121
2761
3151
3570
3039
3021
3735
3115
3362
3271
3168
3261
3350
3291
3396
3418
3689
3955
3295
3687
3370
3649
3455
3296
3589
3764
3825
3555
4725
4543
4117
4250
4183
4299
3873
4006
4268
4257
4305
3808
4130
4363
4322
4356
4654
4380
4256
4271
4409
4432
4389
4277
4641
4264
4129
4149
4395
3943
4279
4227
4415
4155
4485
4344
4497
4235
4422
4248
4319
4295
4492
4134
4243
4041
