8.70621
6.78978
8.81951
8.70087
8.67584
8.64717
8.74971
8.7073
8.65586
8.65623
8.70881
8.70108
8.71042
8.65373
8.7224
8.71074
8.71672
8.69298
8.71471
8.69059
8.71486
8.70928
8.68663
8.68549
8.67405
8.7116
8.683
8.7113
8.67987
8.70003
8.68567
8.68199
8.71109
8.70881
8.70265
8.66669
8.6795
8.70664
8.6774
8.68608
8.70915
8.71691
8.67794
8.704
8.71274
8.71635
8.71471
8.70583
8.71224
8.70664
8.70062
8.71882
8.68102
8.69106
8.68367
8.67476
8.7113
8.70417
8.70209
8.70324
8.60762
8.71029
8.68194
8.70039
8.71095
8.61289
8.6114
8.71095
8.5997
8.60335
8.7072
8.7019
8.59499
8.70761
8.71256
8.71017
8.58704
8.6177
8.60729
8.71169
8.71219
8.69573
8.70606
8.69783
8.71471
8.70454
8.7048
8.70073
8.71095
8.70554
8.70664
8.70239
8.70808
8.60008
8.70454
8.71702
8.61024
8.72598
8.70417
8.60482
8.60008
8.70344
8.624
8.70664
8.70104
8.71159
8.70118
8.71169
8.71752
7.83631
8.70896
8.60031
8.70644
8.59739
8.59819
7.83571
8.70315
8.69766
8.66871
8.82331
8.60562
8.71249
8.60676
8.70664
7.74974
8.7033
8.59842
8.70958
8.70564
7.83371
8.7073
8.70578
7.75026
8.68144
8.70354
8.70121
8.71186
8.59443
8.71471
8.58939
8.59149
8.6875
8.6984
8.60562
8.59892
8.70406
8.59529
8.60172
8.6976
8.71765
8.59226
8.67643
8.70504
8.69973
8.66938
8.69913
8.70958
8.70998
8.70415
8.71169
8.59831
8.70455
8.70455
8.71238
8.70797
8.60272
8.60082
8.71286
8.69864
8.70881
8.7081
8.7018
8.59892
8.69071
8.7296
8.70821
8.59429
8.70564
8.7224
8.71249
8.70205
8.81197
5.901
8.71325
8.71046
8.72309
8.75913
8.59179
8.66576
8.59494
8.67325
8.59682
8.70869
8.65314
8.59892
8.68224
8.69737
8.59161
8.66047
8.61692
8.60322
8.71613
8.70646
8.70455
8.68983
8.69537
8.60172
8.70175
8.7052
8.70205
8.69532
8.69383
8.70003
8.53497
8.70608
8.75835
8.67584
8.61908
8.70831
8.61102
8.6448
8.70149
8.71878
8.73643
8.7081
6.94859
8.72221
7.14046
8.69232
8.60272
8.74641
8.67834
8.6964
8.76212
8.70605
8.71853
8.70412
8.7019
8.6981
8.71588
8.71778
8.70712
8.70821
8.70355
8.70765
8.70354
8.7009
8.70621
8.71538
8.7334
8.71551
8.696
8.77387
8.67731
8.70525
8.7009
8.7054
8.71436
8.7016
8.71815
8.71534
8.70958
8.68043
8.68033
8.71551
8.71286
8.71196
8.71269
8.70564
8.72278
8.71764
8.70652
8.77477
8.70439
8.71256
8.70315
8.7137
8.70955
8.70616
8.70642
8.70165
8.70555
8.70854
8.69542
8.7242
8.70498
8.71005
8.6982
8.71715
8.72003
8.70714
8.71551
8.70727
8.71169
8.77127
8.70498
8.71249
8.70564
