98.8765
99.4764
98.3051
98.2803
98.6921
98.3102
98.6912
98.6809
97.8615
97.7423
98.8555
98.4695
98.5768
97.7707
98.138
99.3326
98.2151
97.2202
98.1823
98.6688
97.5757
98.4315
98.3801
98.6579
98.7801
97.9385
98.3705
97.2832
98.447
97.8013
97.5666
98.7207
98.52
97.9464
99.6462
98.0909
98.5436
98.8083
99.8302
99.6439
98.8694
98.5143
97.9757
98.6842
99.5161
98.5786
99.0339
98.2752
99.2763
98.4096
98.5758
97.3576
98.848
98.7278
97.0799
97.761
96.7183
98.7251
97.2378
97.7172
97.2709
98.1419
97.6312
98.1507
98.6534
98.2393
99.3093
98.5021
99.3286
97.296
98.5783
97.8485
98.358
98.2314
97.9487
98.2402
97.9555
97.7717
98.4983
98.3763
97.9285
97.678
99.8703
98.8207
98.0645
98.8242
97.0516
98.266
98.5509
97.1924
97.0489
97.4025
98.0965
99.194
97.0871
98.5218
97.2884
98.284
98.2503
99.1659
98.57
97.7347
98.2343
98.0592
98.8926
98.4246
98.5377
98.4292
98.3783
98.6657
97.3743
98.5869
98.7436
99.9919
98.1472
98.5251
97.6336
98.4915
98.7232
98.6267
99.5685
99.2109
97.5872
98.4853
98.3314
98.0131
97.9777
98.6257
98.4989
98.464
99.0909
97.4065
97.9332
98.2785
98.8293
98.1889
99.3761
99.0517
98.4336
98.0658
98.1168
99.733
98.2216
98.3824
98.1415
98.8177
97.6156
98.2419
98.5828
99.1128
99.3641
99.2285
99.1242
98.5069
98.9449
99.5115
100.377
97.403
99.3595
100.961
97.9371
99.3865
100.083
98.2921
97.7412
98.0747
98.7362
98.5139
98.213
100.922
98.439
97.5955
98.4611
98.4714
97.6254
98.9915
97.6192
98.0592
98.207
99.0092
99.4787
102.283
98.3556
99.2914
101.936
98.5267
98.0774
99.259
101.423
100.954
101.312
100.516
97.7532
99.7638
99.3655
98.3876
98.2787
97.8689
98.7524
96.2739
99.6453
98.9064
98.4018
97.2286
98.5863
98.1825
97.5814
98.8037
98.4501
99.1594
98.4278
97.7438
97.5971
98.407
97.733
98.3954
98.7326
98.5434
99.4407
96.9401
97.9301
98.2783
97.6899
98.5812
98.4428
98.5428
99.5653
98.9108
98.0502
98.9983
98.1224
99.1771
97.6125
98.3162
98.979
98.0683
98.3486
98.2775
98.6504
99.6547
98.1439
101.308
98.3548
100.026
97.7826
99.5536
97.144
100.662
100.313
99.465
99.4434
98.7912
98.576
98.5542
99.6321
98.9594
99.1585
98.685
97.7238
99.6486
98.8573
98.2658
98.3814
98.3944
98.5919
98.6354
99.1404
98.8004
97.382
98.0453
98.2491
102.091
98.1226
98.8141
99.119
98.3716
98.6083
99.4766
101.925
98.22
99.626
100.218
98.6969
97.393
101.13
99.999
98.9793
100.166
99.566
98.5175
99.0819
99.162
98.6361
98.8576
98.81
98.8694
98.5844
98.1408
99.5312
99.0901
99.7329
