5.35607
5.12508
5.47637
5.56059
5.32147
5.54001
5.38837
5.40619
5.62018
5.75183
5.24214
5.38833
5.36209
5.48173
5.59719
5.16422
5.5979
5.65359
5.13286
5.26401
5.88376
5.35784
5.60394
5.25349
5.23733
5.36514
5.45195
5.48088
5.00654
5.60114
5.74468
5.26052
5.34563
5.34632
5.12403
5.68544
5.35208
5.62457
5.01593
5.11655
5.39475
5.28714
5.56689
5.02547
5.1162
5.13291
5.01095
5.34394
5.05776
5.61977
5.42499
5.88207
5.23683
5.26874
5.60191
5.77863
5.88305
5.35056
5.66416
5.64163
5.62482
5.72631
5.68475
5.48134
5.44265
5.62126
5.13172
5.35479
5.15013
5.78875
5.48032
5.78529
5.57842
5.39468
5.53068
5.64716
5.74315
5.56505
5.25584
5.5415
5.53126
5.78219
5.25074
5.25586
5.5844
5.13921
5.98848
5.5414
5.26284
5.64513
5.90681
5.83897
5.63743
5.25849
6.00491
5.48045
5.7722
5.6547
5.52972
5.29326
5.29379
5.77025
5.64456
5.62075
5.64812
5.53428
5.51281
5.63479
5.64055
5.39543
5.76726
5.51491
5.42318
5.0097
5.72802
5.51633
5.64492
5.38818
5.53064
5.40957
5.2942
5.55696
5.5177
5.62444
5.59478
5.72169
5.74087
5.2645
5.60318
5.60286
5.37023
5.56155
5.60286
5.51595
5.25953
5.56919
5.25574
5.10745
5.3728
5.40193
5.72935
5.2703
5.49556
5.37666
5.5429
5.39225
5.53068
5.35224
5.35652
5.38338
5.28647
5.28479
5.36179
5.37343
5.25149
5.16472
4.66395
5.76698
5.41992
4.44343
5.62622
5.41928
5.35572
5.64971
5.62578
5.68566
5.36237
5.41399
5.41572
4.45243
5.60744
5.73695
5.62132
5.34862
5.67693
5.14947
5.67623
5.51064
5.48704
5.40745
5.21926
4.06376
5.44543
5.01552
4.0997
5.59217
5.55003
5.40883
4.22098
4.67884
4.41495
4.63999
5.63641
4.8639
5.40109
5.37838
5.0247
5.62056
5.36058
5.79597
5.16425
5.42914
5.39448
5.70541
5.50342
5.35307
5.72937
5.39514
5.58523
5.12648
5.60986
6.08797
5.63443
5.6618
5.69985
5.62043
5.39868
5.36435
5.1273
5.56314
5.5697
5.31154
5.67106
4.9794
5.38765
5.34718
4.98353
5.40486
5.71614
5.19393
5.70147
5.25983
5.73381
5.48967
5.17086
5.69878
5.39969
5.3516
5.33817
4.93973
5.39341
4.5279
5.39721
5.01923
5.60999
4.86195
5.72452
4.46415
4.92703
5.22857
5.02587
5.25398
5.55747
5.33686
5.15788
5.06671
5.19187
5.30072
5.50065
4.90168
5.32058
5.39135
5.34595
5.39812
5.32255
5.3074
5.37939
5.30355
5.79047
5.8393
5.43638
4.04764
5.53019
5.47826
5.18214
5.61394
5.60878
5.53493
4.30615
5.50976
5.38046
4.68596
5.30549
5.80485
4.42404
4.86004
5.15455
4.73996
5.19309
5.375
5.14818
5.33731
5.41393
5.2627
5.25391
5.27059
5.37921
5.71181
4.95927
5.1349
5.12048
