9.42833
9.54769
9.73096
9.58591
9.61761
9.53382
9.47524
9.38734
9.49441
9.57105
9.5297
9.34716
9.61347
9.60975
9.52905
9.36641
9.5052
9.60799
9.5671
9.49801
9.43154
9.49321
9.58078
9.50697
9.61839
9.62025
9.54422
9.47524
9.43515
9.62318
9.50226
9.61352
9.55829
9.46361
9.51458
9.5401
9.5152
9.52917
9.55694
9.53218
9.55143
9.44825
9.4595
9.52165
9.32608
9.46837
9.5401
9.31338
9.50612
9.50497
9.4964
9.4964
9.3392
9.37635
9.44824
9.42225
9.36809
9.47754
9.43109
9.51597
9.54422
9.32714
9.47466
9.27688
9.28742
9.37632
9.32057
9.51015
9.41335
9.30482
9.4167
9.43745
9.54432
9.55657
9.30068
9.42529
9.48288
9.4308
9.56096
9.43378
9.50328
9.38848
9.22264
9.35481
9.23713
9.47658
9.38336
9.34293
9.38529
9.18571
9.29943
9.23795
9.18062
9.37162
9.43515
9.38413
9.0816
9.34716
9.24119
9.48629
9.46283
9.48583
9.20754
9.13686
9.20507
9.19243
9.47558
9.17204
9.27472
9.27813
9.24013
9.18471
9.28661
9.23119
9.48934
9.17557
9.24895
9.26352
9.53009
9.21
9.1502
9.20932
9.27538
9.30653
9.13655
9.32502
9.11268
9.32329
9.11825
9.15356
9.25841
9.30976
9.20331
9.1997
9.17483
9.41299
9.27612
9.33608
9.29754
9.17436
9.21359
9.2558
9.33622
9.31455
9.36674
9.25385
9.20978
9.14786
9.1123
9.07899
9.15278
9.12281
9.17726
9.15127
9.31615
9.25117
9.22509
9.18381
9.12141
9.22102
9.23167
9.25032
9.13358
9.1787
9.16939
9.12342
9.09464
9.08231
9.1989
9.14168
9.17861
9.15531
9.11053
9.21255
9.09228
9.22125
9.07283
9.12454
9.1587
9.20027
9.05143
9.10513
9.16874
9.15881
9.21442
9.16766
9.13306
9.32758
9.06914
9.15366
9.10211
9.14168
9.12527
9.21748
9.1984
9.22586
9.17476
9.13423
9.08762
9.24317
9.23014
9.23156
9.16802
9.26622
9.1123
9.11624
9.18693
9.04866
9.2359
9.12345
9.14987
9.15688
9.23593
9.08698
9.25528
9.16189
9.23055
9.20435
9.17724
9.10098
9.13188
9.28706
9.04498
9.21896
9.25541
9.26042
9.03158
9.27132
9.11427
9.35676
9.1372
9.05433
9.13188
9.19642
9.40173
9.22526
9.1772
9.16068
9.20196
9.28883
9.06919
9.21549
9.12247
9.19884
9.0525
9.13188
9.04362
9.06135
9.08507
9.18564
9.12384
9.07802
9.04974
9.11708
9.19695
9.16756
9.16766
9.10513
9.10581
9.18483
9.25133
9.28143
9.2121
9.22996
9.00994
9.20436
9.07623
9.38707
9.17489
9.32045
9.15521
9.20073
9.13171
9.0509
9.01846
9.20553
9.04527
9.1413
9.11984
9.07623
9.04481
9.11222
9.16766
9.206
9.19001
9.10108
9.2095
9.1042
9.12856
9.19286
9.12935
9.20554
9.25153
9.18408
9.14326
9.08322
9.07961
9.09914
9.07639
9.09762
9.08865
