10.7605
10.7544
10.7422
10.8316
10.7718
10.7729
10.782
10.8358
10.7754
10.8617
10.7256
10.7982
10.7467
10.7758
10.7342
10.7896
10.7765
10.8603
10.7754
10.8264
10.8152
10.7358
10.7641
10.8718
10.895
10.8775
10.684
10.7414
10.8933
10.9576
10.7562
10.7781
10.7913
10.9028
10.677
10.7958
10.7638
10.7908
10.7989
10.851
10.7843
10.8441
10.7867
10.7549
10.7329
10.7834
10.6793
10.8167
10.7994
10.8208
10.8081
10.8739
10.768
10.8958
10.7938
11.0142
10.7904
10.7926
10.8277
10.9465
10.8368
10.7078
10.9487
10.9194
10.7712
10.8843
10.8822
10.8508
10.8318
10.879
10.712
10.8732
10.8548
10.8006
10.9607
10.7794
10.7988
10.9064
10.7897
10.742
10.9318
10.8819
10.6929
10.8118
10.8155
10.7519
10.8895
10.872
10.8396
10.9785
10.8602
10.7886
10.865
10.832
10.918
10.7801
10.83
10.782
10.8537
10.7916
10.9116
10.8153
10.8971
10.9827
10.7543
10.7986
10.8164
10.7711
10.8317
10.8224
10.8709
10.7894
10.9259
10.8446
10.8482
10.6998
10.7976
10.8062
10.784
10.7227
10.9675
10.9336
10.8126
10.7856
10.8664
10.9483
10.823
10.7512
10.8241
10.7896
10.7656
10.9614
10.7614
10.743
10.8779
10.7871
10.8532
10.8831
10.8692
10.9325
10.7745
10.7662
10.8833
10.8928
10.8403
10.9054
10.7746
10.6354
10.6751
10.6543
10.6659
10.8042
10.7825
10.768
10.7751
10.7785
10.7266
10.887
10.8464
10.7229
10.8088
10.8533
10.6317
10.874
10.8571
10.9189
10.6724
10.642
10.9975
10.7369
10.7207
10.7187
10.7197
10.887
10.8176
10.6728
10.8594
11.0254
10.7812
10.7759
10.7661
10.8362
10.7131
10.9601
10.7414
10.7219
10.7116
10.8059
10.788
10.6907
10.736
10.6763
10.8188
10.799
10.8356
10.8504
10.8907
10.678
10.6618
10.8409
10.7427
10.0731
10.8114
10.6459
10.8601
10.6152
10.7466
10.8652
10.7134
10.7303
10.6933
10.0244
11.0622
10.6665
10.6462
10.7818
10.9766
10.7286
10.4242
10.8192
10.787
10.8394
10.7323
10.6943
10.7517
10.8301
10.6376
10.7435
10.7396
10.6842
10.7215
11.0039
10.6664
10.5883
10.8057
10.8502
10.8346
10.697
10.6839
10.7232
10.7451
10.7479
10.8221
10.6514
10.8623
10.7588
10.7266
10.7166
10.7118
10.6283
10.7061
10.7523
10.7536
10.7667
10.7376
10.7667
10.6986
10.7825
10.7308
10.8228
10.6524
10.8043
10.7808
10.7956
10.799
10.8096
10.7284
10.7816
10.7898
10.6319
10.6646
10.7135
10.6868
10.7511
10.7885
10.7551
10.7423
10.736
10.7474
10.7217
10.6548
10.8115
10.7719
10.7728
10.6283
10.7287
10.8771
10.7609
10.7644
10.7156
10.7156
10.6796
10.6266
10.7023
10.8046
10.6577
10.8256
10.8015
10.7719
10.7601
10.7651
