5524
5456
5524
5569
5518
5618
5763
5429
5496
5611
5578
5555
5595
5442
5670
5490
5607
5460
5523
5597
5725
5577
5576
5766
5571
5406
5543
5761
5479
5555
5423
5452
5533
5490
5307
5742
5607
5643
5594
5643
5664
5660
5604
5693
5638
5357
5582
5628
5646
5675
5637
5760
5646
5685
5540
5643
5678
5703
5679
5626
5720
5716
5852
5650
5593
5721
5684
5663
5696
5559
5595
5719
5751
5539
5680
5672
5655
5823
5659
5713
5657
5855
5478
5623
5643
5522
5619
5572
5680
5790
5897
5667
5788
5833
5911
5725
5759
5700
5807
5583
5731
5764
5723
5761
5808
5677
5768
5636
5809
5734
5584
5614
5688
5489
5696
5731
5629
5538
5767
5843
5650
5755
5518
5779
5759
5686
5800
5453
5708
5562
5597
5681
5552
5636
5571
5662
5589
5568
5726
5559
5692
5638
5460
5597
5580
5666
5689
5496
5397
5620
5400
5524
5495
5532
5558
5508
5329
5474
5457
5446
5329
5501
5179
5288
5427
5365
5229
5386
5381
5393
5443
5217
5394
5222
5244
5229
5259
5290
5217
5113
5163
5162
5307
4987
5090
5151
5175
5246
5088
5115
5201
4969
5211
5101
5316
5146
5113
5240
4997
5012
5080
4772
4910
5137
5104
4974
5208
5049
5078
5011
5063
4921
5027
4985
4926
5095
5037
5007
4983
4999
4971
4863
4856
5010
4903
5029
4955
5060
5142
4990
5049
5007
5073
4936
5061
4958
4922
4887
4782
4969
5079
4903
4952
4962
5005
4794
4871
4851
5049
5039
4963
4991
4880
4782
5013
4922
4467
5044
5143
5089
4896
4878
4729
4817
5065
4667
4778
4981
4931
4983
4943
4749
4876
4817
5043
4831
4875
4833
4847
4934
4958
4847
4901
4773
4772
4901
4802
5001
4908
4854
4870
4856
4933
4919
5065
4956
4795
4869
4828
4798
4794
