8.71711
8.71533
8.61255
8.71328
8.61508
8.68712
8.68477
8.71503
8.59585
8.70528
8.58424
8.60418
8.60376
8.42272
8.66715
8.71058
8.70954
8.40534
8.23159
8.56526
8.76053
8.54053
8.77533
8.56435
8.60286
8.3988
8.59608
8.22648
8.24194
8.60366
8.6023
8.56706
8.57887
8.39009
8.75352
8.75487
8.58614
8.96879
8.75826
8.8043
8.76053
8.53401
8.58949
8.31088
8.71453
8.38635
8.40676
8.49033
8.58554
8.81922
8.68481
8.69026
8.58924
8.61415
8.28309
8.78089
8.42522
8.66324
8.4144
8.60839
8.3901
8.79016
8.61863
8.6092
8.72117
8.77339
8.6994
8.59892
8.70879
8.57448
8.7121
8.78294
8.76793
8.51956
8.59152
8.76927
8.76139
8.54203
8.48024
8.70489
8.57617
8.71625
8.97175
8.61137
8.64927
8.47747
8.6825
8.70031
8.5225
8.41599
8.59259
8.64231
8.7287
8.76497
8.71973
8.71102
8.54247
8.79438
8.67725
8.77582
8.58255
8.70816
8.79846
8.73093
9.01346
8.73296
8.76042
8.82709
8.83114
8.6943
8.58111
8.77335
8.78401
8.83095
8.83413
8.72411
8.53923
8.61488
8.83996
8.6631
8.99182
9.10293
8.39821
8.84261
8.77741
8.80418
8.77443
8.52628
8.8381
8.81401
8.81546
8.41134
8.6021
8.6422
8.63891
8.67382
8.83995
8.575
8.59587
8.50045
8.80268
8.96366
8.64054
8.58686
8.64452
8.77563
8.41193
8.43329
8.57887
8.80135
8.80418
8.79564
8.8253
8.59465
8.64348
8.77656
8.59261
8.59609
8.99539
8.59691
8.64017
9.00753
9.13698
8.81936
8.57757
8.7838
8.64239
8.60017
8.59035
8.59606
8.78852
8.59559
8.81059
8.59168
8.57346
8.52705
8.58155
8.63292
8.59691
8.82447
8.81425
8.78227
8.59242
8.60172
8.64076
8.80718
8.59037
8.93202
8.5805
8.81704
8.71024
8.60376
8.58237
8.58047
8.97533
8.57807
8.19399
8.57212
8.64352
8.17967
8.81571
8.58626
8.58814
8.40601
8.78297
8.40579
8.59004
8.7606
8.76842
8.58673
8.77858
8.81429
8.58533
8.81467
8.59117
8.8029
8.77078
8.58779
8.59393
8.19705
8.57492
8.46576
8.56933
8.20695
8.57942
8.60087
8.56872
8.77378
8.75406
8.57771
8.76183
8.81528
8.58497
8.5851
8.58564
8.77497
8.57964
8.46406
8.58899
8.58819
8.46871
8.82615
8.57589
8.78542
8.57918
8.48345
8.4134
8.49917
8.82528
8.77232
8.58728
8.57968
8.80091
8.57589
8.80253
8.46166
8.64154
8.59485
8.41146
8.58165
8.64054
8.53053
8.52272
8.5843
8.58583
8.59068
8.83176
8.64185
8.58627
8.84489
8.52863
8.63757
8.58071
8.81239
8.64557
8.77938
8.86118
9.11909
8.84545
8.60745
8.99464
8.58339
8.60098
8.60048
8.60612
8.64319
8.59203
8.59907
8.82125
8.58461
8.57396
8.7822
8.64186
8.59832
8.60306
8.59685
8.64761
8.80209
8.57652
8.57805
8.81346
