93.7157
90
95.7728
105.213
97.5806
103.61
84.0319
99.7337
102.546
104.283
95.8446
101.968
90
101.569
105.588
103.525
102.855
90
96.9316
95.2153
100.814
102.746
96.9887
100.94
103.402
103.529
99.272
105.974
103.381
102.94
96.6957
104.796
99.213
99.7824
101.89
93.8614
99.5357
95.4447
101.578
105.509
97.1184
95.5208
99.2283
104.706
103.315
94.961
105.479
102.182
94.4721
103.321
100.251
90
100.323
94.9316
90
99.3504
98.9472
104.155
101.257
102.894
101.818
103.891
99.0361
98.1768
102.249
90
105.143
90
97.8391
94.2768
95.3245
90
104.32
100.547
103.839
90
93.9584
90
105.461
97.325
100.132
102.989
90
101.339
106.875
105.981
90
90
95.4153
106.46
100.576
100.313
93.9987
105.01
93.9023
96.6989
90
90
90
106.376
94.4376
95.5306
103.871
94.3811
94.3993
103.235
95.3721
101.389
100.648
95.4431
95.9156
103.032
90
102.826
103.366
100.223
101.862
90
93.9422
90
102.552
90
94.2957
102.337
90
106.425
102.125
104.872
102.568
90
94.0517
103.342
103.093
100.895
90
103.39
98.1967
100.787
93.9683
94.029
103.786
102.805
101.35
102.087
101.51
94.6869
96.201
96.6144
97.5181
103.795
90
95.0179
100.212
102.112
101.891
100.761
104.695
97.483
95.7538
96.6948
103.468
95.5486
97.2624
100.313
102.666
99.9718
95.5581
90
96.2244
94.4584
101.683
100.374
97.6828
90
99.3807
99.8177
98.8011
105.02
99.6397
104.804
101.466
103.093
100.844
104.936
101.035
106.207
105.134
104.763
100.385
102.546
94.8001
96.6429
90
103.942
104.139
97.8748
99.3739
95.9647
102.145
90
104.725
102.889
90
105.738
104.585
105.643
101.579
101.628
101.311
98.0957
105.382
105.19
103.243
103.066
101.104
90
97.1054
105.942
95.833
104.418
102.346
94.9194
102.504
102.032
103.351
101.249
102.625
103.492
106.451
103.986
98.5919
103.501
103.407
103.396
102.052
100.338
95.7681
104.465
104.677
102.603
99.1935
104.2
101.364
104.124
95.5716
100.47
101.564
101.934
94.105
102.567
104.968
101.685
102.671
95.4962
103.877
103.072
103.811
96.258
99.3613
96.1924
97.6883
99.2316
104.186
102.684
97.2482
102.52
99.9153
104.139
98.4634
103.061
100.683
103.4
96.2236
103.541
90
101.961
100.796
100.97
101.157
94.3125
102.824
105.295
103.264
94.1642
104.239
104.354
94.5285
90
102.71
105.17
90
98.3601
105.112
102.103
103.965
106.562
103.33
102.497
