6.96938
8.34555
7.26958
4.54186
5.87952
4.52602
9.42768
4.82041
4.82093
4.81808
7.28512
5.104
7.57195
5.59003
4.82105
4.52145
4.70464
7.2692
7.0973
7.28137
5.72735
5.13653
6.84916
4.94346
5.08208
5.05743
5.86303
4.50896
4.81716
4.77265
7.33869
4.55145
5.43402
5.19186
5.56819
7.81929
5.8764
6.98497
4.76316
4.81077
7.26436
6.97823
4.82604
5.08175
4.93789
7.53045
4.81329
4.81622
7.25033
4.93736
4.68287
7.26164
5.08201
7.26514
7.81737
6.98953
5.35246
4.81779
4.81183
5.60065
4.6844
4.81328
6.29224
7.25074
4.80243
7.26936
5.06768
7.83401
6.99523
7.83117
7.27263
7.54721
5.19216
5.87733
5.08558
7.52907
7.26595
7.55813
4.81998
6.00176
4.68104
4.70613
7.81678
4.81462
4.79476
4.67228
7.81906
7.82052
7.26988
5.08758
5.49673
5.48095
7.2603
5.09578
7.43679
7.2685
8.11856
7.8398
8.27261
4.5532
7.27196
6.98018
4.68413
7.54962
7.81696
4.6847
7.52565
5.08098
5.36126
7.27003
7.26482
4.81016
8.11294
4.96377
4.96563
5.24823
5.87126
7.67755
7.27634
7.27436
4.81129
8.03742
7.54976
4.83806
7.83877
4.80549
4.8163
4.67814
4.81373
7.67696
7.27822
5.08309
5.11155
5.71815
7.57843
4.68133
7.26171
4.56495
7.39971
7.26628
5.08267
5.09477
5.71723
4.96741
6.03092
7.12606
7.81925
7.19781
7.37409
4.81287
9.17929
7.24436
5.91785
4.81563
5.07387
6.00312
4.6909
6.84165
7.67193
7.41752
4.82426
7.25547
6.98666
5.73491
5.59289
5.09266
7.83373
7.54247
7.28528
7.55327
5.36523
5.36091
7.26278
8.12124
6.97205
4.6629
5.08853
4.9668
5.0645
4.83049
5.51315
5.60163
5.74248
4.91678
5.29219
4.67802
4.93642
4.84759
5.10069
5.08859
7.40754
7.53133
7.00115
5.09954
5.0911
7.41742
5.73116
5.7989
5.09245
7.836
4.84499
5.10296
8.12021
4.79373
5.3993
4.83724
5.07741
5.35031
5.59817
6.99722
5.10089
4.69541
5.07306
5.19375
5.36961
7.82987
7.27961
4.82339
7.24853
4.82566
5.02878
6.9908
4.807
5.59442
5.09827
5.5772
4.82374
4.8246
4.83258
5.09609
5.09073
5.09472
5.36752
5.10715
5.85623
5.5906
7.54772
4.89601
4.81362
5.22061
5.08144
5.06537
5.59952
4.6883
7.84745
5.08997
5.58999
5.20935
7.97606
5.2361
5.1006
5.07971
4.82262
6.98647
5.08099
5.08844
5.09122
7.27018
5.38699
7.28779
5.39182
5.80493
4.8153
5.41366
7.27539
5.60043
5.59752
5.19701
7.27439
5.59698
5.59508
5.2372
7.27055
5.08624
8.26171
5.59855
5.87834
5.74031
5.29881
7.84302
5.60716
5.07883
5.58242
7.2692
5.21282
4.82307
7.26685
7.84553
5.29002
4.68922
7.48193
5.59283
5.2903
5.50424
5.08917
4.83579
4.8377
5.08953
