9.40442
9.4615
9.36902
9.36153
9.29168
9.7645
9.46237
9.42901
9.44498
9.49849
9.4749
9.28516
9.4956
9.66924
9.37837
9.52197
9.51216
9.55166
9.32868
9.57876
9.63342
9.55382
9.17435
9.60463
9.40713
9.61912
9.8457
9.35183
9.38551
9.61237
9.39029
9.48684
9.49969
9.57441
9.50791
9.66219
9.40009
9.75047
9.41953
9.80512
10.084
9.38699
9.56153
9.75811
9.58019
9.2326
9.31193
9.26862
9.42811
9.31899
9.33312
9.35268
9.41433
9.25919
9.25676
9.48442
9.65168
9.26562
9.50612
9.54053
9.90524
9.3093
9.22334
9.65248
9.31727
9.64052
9.52274
9.88492
9.47479
9.63485
9.48195
9.58874
9.21708
9.248
9.30324
9.34877
9.26251
9.57754
9.61041
9.3456
9.43421
9.57873
9.40267
9.76958
9.56116
9.31491
9.27629
9.62386
9.7921
9.44217
9.56324
9.67836
9.20331
9.69598
9.74133
9.51844
9.3906
9.91864
9.58142
9.33638
9.31042
9.27188
9.45473
9.57826
9.33918
9.22894
9.17455
9.23793
9.53637
9.42124
9.26595
9.42525
9.37987
10.0937
9.50392
9.3558
9.5259
9.66189
9.42901
9.40896
9.47225
9.4788
9.70514
9.66755
9.4227
9.19837
9.6637
9.77064
9.49472
9.47802
9.68413
9.4479
9.58192
9.52644
9.58528
9.25535
9.73346
9.51551
9.41918
9.56461
9.44744
9.22186
9.57892
9.37271
9.56404
9.44872
9.27629
9.4005
9.56485
9.38622
9.59328
9.82511
9.52334
9.5936
9.19372
9.51061
9.45836
9.20182
9.80201
9.59569
9.63424
9.68518
9.65984
9.56728
9.78438
9.89336
9.73625
9.48824
9.38813
9.58608
9.7683
9.81459
9.77182
9.80601
9.49704
9.75217
9.58894
9.62033
9.3057
9.74359
9.65433
9.52304
9.66113
9.56702
9.57587
9.59088
9.43989
9.68921
9.99715
9.53326
9.31258
9.33955
9.78298
9.66951
9.64299
9.42526
9.51531
9.73389
9.61548
9.48608
9.92162
9.60463
9.56561
9.62378
9.57441
9.46679
9.73629
9.77201
10.0157
9.32692
9.66065
9.78789
9.63563
9.59327
9.76693
9.54198
9.66683
9.44329
9.6246
9.47101
9.4146
9.64292
9.81886
9.56998
9.28741
9.44872
9.51044
9.86975
9.54272
9.84424
9.43307
9.51706
9.71879
9.64217
9.54491
9.71177
9.97751
9.595
9.87545
9.63556
9.3887
9.42336
9.7972
9.42853
9.35616
9.48149
9.60796
9.41249
9.72707
9.68523
9.78875
9.65669
9.79016
9.63092
9.71848
9.44506
9.5405
9.97201
9.58591
9.35441
9.76655
9.57212
9.56675
9.51227
9.56551
9.75008
9.52627
9.62734
9.32741
9.58993
9.64671
9.63417
9.35023
9.65339
9.71943
9.70383
9.42124
9.44458
9.69463
9.43895
9.63473
9.49902
9.6473
9.54519
9.60796
9.34803
9.51964
9.25141
9.65669
9.44631
9.60738
9.61182
9.64274
9.33949
9.80683
9.48975
9.57583
9.3137
