8.02868
7.49461
8.04664
7.98739
8.04881
8.0141
6.72971
8.00352
8.01432
8.02433
8.07411
8.06521
7.4731
8.09933
7.94492
8.10701
8.09054
8.08946
8.01416
8.1113
7.97867
8.08532
7.99893
7.93424
8.0388
8.01879
7.94823
7.92146
8.00127
8.12846
6.75473
7.97645
7.95334
8.11717
7.87204
8.01617
7.9363
8.07544
8.01705
8.09238
8.08492
7.96934
7.98984
7.9798
8.04207
8.0906
8.04469
8.01684
8.01382
8.09976
7.96481
8.04079
8.04029
8.01142
7.98737
8.03688
8.09915
8.13743
8.05117
8.01804
8.00863
8.02171
7.37213
8.02516
8.03122
7.97582
8.02344
7.94718
7.97207
8.08787
8.01789
7.93744
8.03895
8.08211
8.03684
8.01031
8.02283
8.0447
8.04487
7.88467
7.95518
7.99394
8.04274
8.00778
8.04931
8.01884
8.05056
7.99152
8.0414
8.01419
8.08485
8.00331
8.0955
8.00911
7.94763
8.02559
8.046
8.07374
7.5707
8.02378
8.03827
7.92434
8.00525
7.98248
8.036
7.87255
7.96767
7.93132
8.04905
7.99435
8.0414
7.98925
8.12461
8.03321
8.02118
8.04414
7.87832
7.9032
8.05886
8.04453
8.03673
7.97308
8.11783
8.11507
8.08033
8.01215
8.0713
8.00976
8.01361
7.86439
7.91737
8.06671
7.90586
7.59336
7.46566
8.05305
8.00678
8.03542
8.05116
8.04695
8.06101
8.05981
7.95807
8.03335
7.43672
7.81481
7.95766
7.98318
8.17832
8.07662
7.35538
8.02026
7.61271
8.06163
7.92289
8.02673
8.05332
7.40977
8.00594
7.96161
8.01132
8.29242
8.03784
8.03159
7.94254
8.02844
8.00039
7.96835
8.05134
7.91089
7.93901
7.97062
7.92028
8.04031
8.15526
7.97155
7.98798
8.04554
8.02597
7.98419
8.06163
7.96327
7.92004
7.91888
7.95217
7.94531
8.01083
7.98668
8.05242
7.97506
8.13041
8.13647
8.11795
8.16108
7.87053
7.71006
8.03567
7.8178
7.96358
8.03483
7.9896
8.01747
7.96343
8.03906
7.99559
7.94657
8.06912
8.02291
7.93366
8.04406
8.05838
7.99118
8.13146
8.0585
8.02189
8.05419
8.04021
8.05654
8.13377
7.9808
7.99366
8.06735
8.05805
7.78778
8.06512
8.04123
8.0404
7.98625
7.98411
7.96413
8.05774
7.94713
8.01442
7.99308
7.99014
7.69484
8.06892
8.04709
8.06961
7.96078
8.03787
8.04582
7.96147
8.1403
8.06901
7.97639
8.10246
8.10104
8.14291
7.94738
8.11429
7.98706
8.00355
7.91395
7.99342
7.98689
8.022
8.0464
8.00712
8.03062
8.04184
7.99578
8.09299
8.22314
7.91892
8.01098
7.99378
8.12356
7.9864
7.93684
8.08444
7.99104
8.0814
7.9391
8.22077
8.13453
8.07903
8.1718
7.97639
7.91616
8.05128
7.95792
7.87062
7.96629
8.01784
7.96615
7.94775
8.00598
8.0061
8.02049
7.97363
7.9334
7.89914
7.97311
7.92979
7.94655
8.0234
8.04783
