3198
3244
3039
3060
3106
3137
3081
3160
3254
3176
3349
3005
3014
3233
3125
3094
3239
3343
3160
3205
3104
3372
3265
3241
3310
3287
3137
3151
3235
3229
3085
3246
3007
3134
3122
3329
3133
3369
3198
3234
5224
3200
3081
3255
3181
3394
3229
3238
3282
3335
3221
3231
3372
3314
3255
3457
3192
3315
3308
3190
3207
3318
3231
3403
3250
3422
3443
3374
3258
3361
3385
3218
3329
3378
3412
3206
3227
3371
3246
3224
3260
3274
3399
3274
3521
3333
3417
3378
3260
3232
3310
3269
3381
3364
3238
3377
3330
3410
3080
3257
3330
3263
3206
3400
3498
3149
3260
3090
3340
3384
3361
3318
3267
3420
3157
3176
3400
3368
3430
3327
3336
3357
3268
3341
3376
3226
3262
3387
3311
3238
3234
3354
3193
3139
3180
3211
3396
3307
3288
3497
3300
3197
3256
3293
3200
3136
3382
3384
3406
3283
3397
3367
3154
3208
3297
3370
3358
3246
3434
3354
3368
3239
3370
3455
3338
3232
3465
3356
3381
3266
3367
3311
3392
3533
3394
3287
3359
3291
3283
3363
3262
3352
3461
3262
3303
3317
3320
3381
3180
3389
3416
3342
3318
3569
3241
3294
3290
3132
3361
3463
3279
3318
3484
3291
3500
3492
3264
3206
3239
3370
3413
3411
3305
3460
3328
3544
3225
3349
3399
3369
3382
3410
3375
3358
3341
3415
3354
3437
3402
3453
3287
3509
3362
3251
3354
3267
3358
3444
3394
3276
3382
3296
3279
3403
3462
3391
3391
3377
3520
3239
3414
3328
3306
3370
3362
3409
3280
3241
3395
3363
3398
3354
3345
3437
3348
3361
3382
3380
3308
3236
3367
3369
3319
3330
3543
3403
3341
3383
3259
3444
3406
3340
3240
3325
3413
3302
3355
3388
3372
3309
3238
3275
3415
3459
3431
3435
3477
3421
