8.0122
8.90983
8.89657
8.886
8.02184
8.40656
8.0206
7.56622
8.38787
8.90389
8.93808
8.52322
8.1498
8.90597
9.25408
8.42157
8.39725
8.03271
9.0459
8.7621
8.77531
8.79437
8.81025
8.01087
8.91289
8.91632
8.4582
9.04409
8.62383
8.50803
8.92465
8.76524
8.01405
7.99089
8.88324
8.90141
8.54272
8.52439
8.04811
9.30206
9.28371
8.5188
7.42228
9.27045
8.74444
8.93502
9.26891
8.27757
8.50387
8.77309
7.56381
7.81295
8.01092
8.64768
8.02894
9.63622
7.90273
8.92235
8.01692
9.27172
8.03576
8.78092
8.63702
9.55701
8.28963
8.03136
9.41038
8.66168
9.19039
9.04083
8.76715
8.50074
9.29627
8.88704
9.04518
7.66508
8.37626
7.76436
9.27015
8.02884
7.52419
8.39407
8.76854
8.0262
9.67824
9.2653
8.75112
8.76805
8.79448
9.82338
8.51573
8.39367
8.39212
9.39099
8.52107
9.15376
8.63328
8.38068
8.01708
9.26902
8.51959
8.51477
8.63782
8.77275
9.05345
8.38785
9.02415
8.27625
8.38785
8.79355
8.93124
8.50836
8.633
8.62173
8.7773
8.14956
9.18091
8.14048
8.38707
7.66814
8.39011
8.53389
8.76929
8.3877
8.37333
9.52925
8.28448
8.93218
8.3867
8.63806
8.39984
8.90936
8.78902
8.64128
8.51117
8.51547
9.56836
7.62695
8.51675
8.39986
9.03843
8.75862
8.91218
8.40798
9.05965
8.40744
9.54848
9.04925
9.53273
8.7791
8.50814
8.65277
8.66066
8.27582
8.41057
9.05421
8.91497
8.78821
9.28531
9.28662
8.66139
8.8666
9.03529
8.65798
9.16291
7.91578
9.39081
7.53809
9.04154
8.7869
8.6486
8.27911
9.39968
8.80304
9.66659
7.42184
7.56204
9.28442
7.79091
9.05059
8.78356
9.30578
8.77685
9.14149
8.39363
9.29687
9.26946
9.05684
8.05214
8.63811
8.77303
9.42653
7.52648
9.1515
9.05632
9.55024
8.38423
7.43253
8.51994
8.77608
9.0444
8.77231
8.78014
9.32469
9.56021
9.28746
8.38382
8.65208
8.77194
9.28565
9.53486
9.03477
8.90046
8.93416
8.51836
8.38322
9.28407
9.42607
8.91039
8.92911
8.5281
8.37954
8.38094
8.91431
8.92632
8.77595
8.42571
8.65675
9.54767
9.06337
7.52565
8.91094
9.18814
8.91448
9.26818
8.39795
9.17786
9.04775
9.04061
8.78034
7.68327
9.13705
8.79973
8.78505
9.42173
8.03788
8.90576
8.63378
9.14487
8.77941
9.43924
8.38356
8.42152
8.50947
9.03044
8.79741
9.03535
9.0349
8.02702
9.03046
7.56307
8.40404
8.90688
9.11531
9.28972
9.15832
8.3922
9.28974
9.65112
9.2795
8.64524
9.04465
9.03312
8.91033
9.02994
9.04497
8.9595
8.90833
8.44504
9.03693
9.27278
9.43131
9.29301
8.4292
9.28219
8.90025
8.52581
8.02481
8.90148
9.03859
8.39866
7.92456
9.55655
8.92382
9.03303
9.5623
8.63974
8.65703
