95.1194
90
90
85.7249
97.3548
90
84.2264
90
90
90
85.042
87.1676
90
98.1013
90
97.1362
98.0156
90
90
90
90
96.648
90
90
95.5061
90
90
90
94.0162
94.8444
95.8703
90
90
85.4233
90
90
87.3545
90
86.6839
87.2156
94.1501
83.8685
95.2554
98.3609
96.7571
90
95.5609
86.9534
95.0526
95.3352
95.1066
90
86.8068
93.6277
96.9967
96.0657
86.5745
94.2707
96.7577
82.7914
95.5721
96.9672
90
95.0701
84.1699
95.1298
90
94.4871
96.3487
85.5681
97.5569
84.7732
85.316
86.4873
90
90
95.8866
90
96.2934
90
90
95.4802
96.0821
85.5297
84.9822
98.7901
82.7093
86.9353
85.2506
86.4502
84.0722
90
96.4021
94.718
90
98.1141
83.001
98.5686
90
85.6152
90
84.2001
86.7301
95.9308
90
98.274
90
85.5222
90
84.7667
85.1739
83.4903
90
82.3071
98.6523
85.4632
96.6438
84.5446
83.6502
86.9832
83.1143
83.4623
90
90
90
90
96.6668
84.5656
90
86.3736
86.8995
95.3076
94.5499
90
83.8744
90
90
94.1838
97.9144
86.0448
83.1008
90
90
84.5775
90
86.4519
86.4185
94.8974
90
85.4725
85.519
85.6713
96.5842
97.6776
86.7917
86.3018
85.9508
90
95.6629
84.8907
90
96.2368
93.3901
86.3749
100.575
94.449
90
96.0324
90
84.6617
85.8737
85.5088
96.9113
86.2978
95.9677
97.5459
86.7946
97.3045
90
90
96.5368
86.5305
93.2759
90
85.5931
90
90
84.2802
87.2522
95.0813
93.3373
93.6193
90
94.3993
92.9327
90
94.8123
95.991
86.3372
94.9132
97.2959
87.2258
90
96.2978
90
84.6746
93.3031
90
93.688
96.7508
93.9379
94.4118
84.8666
93.2525
94.3931
93.0943
93.1983
95.3957
95.588
93.4777
83.8015
94.8925
94.9815
90
93.3934
94.3556
90
93.086
95.1356
94.7259
98.911
95.6086
92.9698
90
94.9848
94.0093
94.1733
96.401
90
95.2425
93.7311
94.3717
94.5757
95.5899
93.3268
86.7396
94.6354
95.789
94.0567
95.3355
96.0177
83.053
96.956
90
96.9554
96.6212
90
90
93.4094
93.8296
90
93.7261
96.1448
96.0025
94.3217
94.3046
93.5201
97.2482
95.38
90
94.6876
90
94.4956
94.2235
93.8355
98.0353
97.8042
93.594
97.4851
94.739
93.7139
93.3845
94.837
93.0189
94.4346
93.0897
94.1174
94.0084
90
90
90
95.1813
94.2021
99.2154
90
97.58
83.6593
97.2829
