0.942638
3.51133
3.06982
5.13137
0.850943
2.01718
4.97623
2.78365
4.30068
3.39547
4.73265
5.11334
3.5278
0.312614
4.58998
1.2497
0.970081
4.4842
4.45223
4.16031
4.43402
0.834453
2.52108
4.04675
0.590458
4.17573
4.50325
4.62377
1.37436
2.21992
1.75888
2.68071
3.91709
4.9808
3.91854
4.30884
3.90767
4.1642
4.43251
4.30624
0.85273
5.11425
0.178264
0.587207
0.988988
4.01751
1.10377
4.17539
1.75516
0.714479
2.01975
5.11149
4.62616
2.65422
1.10756
0.720496
4.45805
0.698133
0.451583
5.11621
0.588597
0.315633
2.38087
0.730518
5.10061
1.25508
2.92828
0.846095
0.723922
4.43449
0.591644
5.1084
4.43692
5.11453
3.78747
4.1051
0.314068
1.51408
0.584163
4.6363
4.05735
0.707855
0.312166
4.30778
4.50229
0.568976
4.96078
4.02349
5.1105
4.31673
4.97823
3.26066
1.10546
0.964588
1.83584
0.45295
4.98413
0.577686
3.92461
4.98633
2.2758
5.1099
4.31517
0.590508
4.06822
0.71223
5.11731
4.09592
4.30513
4.68709
5.11148
5.11164
2.62105
5.37386
0.305613
5.10144
1.06764
4.83975
4.97161
4.70196
5.35754
5.10146
3.40396
4.43796
2.3438
2.74882
0.700656
4.69484
2.24699
4.96986
4.82949
0.44717
1.70975
2.23642
5.10471
2.99615
3.38852
1.8379
0.447786
4.83572
4.82549
3.41765
3.50735
4.43549
4.42932
4.83531
4.83161
1.71055
2.61432
4.97635
4.82715
4.83689
0.856454
0.716613
4.97004
5.10419
5.09874
1.96326
1.19199
4.97275
1.82359
0.655811
1.58019
4.56014
0.41142
1.5667
2.36776
0.939154
3.36347
5.11023
4.83034
4.97384
0.174551
5.10682
1.70043
0.935999
4.82973
0.420889
3.64056
2.65055
0.403673
5.10301
2.09477
4.43811
4.43889
3.38435
1.81867
4.96557
3.77087
1.75955
1.11409
1.69002
2.99398
1.09543
2.09883
3.51072
2.09741
0.522169
5.10303
1.71409
1.11399
3.76759
3.5105
1.58135
2.36134
5.1039
1.708
2.49028
2.22247
1.57561
1.7278
2.47674
5.09112
2.09369
1.57968
2.10155
1.96577
1.97064
1.42546
2.09516
4.77181
1.18898
0.93048
1.9593
1.58013
1.31282
4.54237
2.24089
1.58094
1.70604
0.791678
1.43933
1.45231
1.71163
1.57163
1.45338
0.939172
1.42439
1.84241
0.942219
1.43313
1.45267
1.3132
0.93819
1.57968
3.48972
1.31151
1.20373
1.57479
0.92394
1.70509
5.0642
1.18644
1.58009
1.58185
1.06753
1.58037
1.97225
1.70527
1.97033
1.83898
1.44956
1.05859
0.799069
0.933281
1.03309
1.03383
1.31615
1.05482
1.58167
1.17057
1.55073
0.903969
0.798698
1.70966
0.934025
1.44933
1.57757
1.31549
1.72254
1.58234
1.33274
0.93488
1.44928
1.32509
1.31838
0.936235
1.44435
1.57365
1.4502
1.84887
0.932031
0.941118
1.41919
2.10134
0.391909
4.98428
1.45019
