11.3023
10.8877
11.4397
11.2436
11.9035
11.4379
10.3872
11.4128
10.7515
11.1313
10.6912
10.7121
10.9062
11.5401
11.1705
11.6682
11.8581
11.4474
10.448
10.6808
11.3604
11.3321
11.264
11.2828
11.8607
11.4387
11.3457
11.7556
11.5384
11.5479
11.7653
11.3834
11.115
11.0761
11.0899
10.6556
11.1299
10.8796
10.2585
10.8505
11.5702
10.5149
11.4406
11.7919
11.4269
11.1778
11.53
11.2736
11.7218
11.4692
11.4518
10.9405
11.4655
11.9893
11.5322
11.7178
11.1734
11.4225
11.6751
10.707
11.7269
11.3724
11.3527
11.9303
10.3036
11.6156
11.3896
11.5243
11.5797
10.8523
11.2526
10.3375
10.7866
10.74
11.1267
11.1132
11.3798
11.591
11.8623
11.2615
11.0291
11.3468
11.4229
10.6184
11.2676
11.6889
10.455
10.7062
10.5844
10.7651
10.6312
11.0352
11.5277
11.4323
11.0821
11.5357
10.6275
11.919
11.3578
10.8834
11.4413
10.4254
10.6688
11.5951
10.8816
11.4717
10.5939
10.9831
10.7288
10.4782
10.558
10.3988
11.1957
10.5516
11.8975
10.3648
11.3262
10.4488
10.599
10.7268
10.242
10.68
11.5588
11.1876
10.1101
10.1267
11.3412
10.545
10.9822
10.2632
10.4821
11.8421
10.0335
10.3738
10.4913
10.0898
11.4017
10.2369
11.4663
10.9656
10.5824
10.9495
10.2549
10.8325
10.3682
10.1951
10.1661
10.2456
10.1311
10.3865
10.2321
10.7711
11.1885
12.3501
10.3442
10.3543
10.7965
10.1664
10.8582
10.7839
10.1241
11.1857
10.1232
10.5402
10.4055
9.99392
10.1417
10.0209
10.1796
10.7715
10.1723
10.4503
11.4991
10.3433
9.99538
10.834
10.2797
11.3271
10.7023
11.3586
9.10147
10.7334
10.1697
10.9123
10.9452
10.8163
10.3081
10.5964
10.7963
11.5277
11.8219
10.1508
10.1367
11.426
10.109
10.1271
10.1666
11.1696
10.2219
10.1717
11.9761
10.5729
9.78731
10.0693
10.0043
10.1297
9.79685
10.1097
10.1818
9.5096
11.5716
10.2103
10.4417
9.8481
9.96492
10.1901
10.088
10.4834
9.83461
10.1043
9.18612
9.83326
9.61642
9.7778
9.91957
9.40203
9.83956
10.2142
9.84738
9.79832
9.66686
10.1708
9.98345
10.1925
10.163
9.97017
10.0223
10.1068
9.78024
9.83682
10.1777
9.89307
9.61134
9.70529
9.83792
9.82671
9.47911
9.89361
9.82175
9.70708
9.98335
9.6148
9.71825
9.7554
10.0798
9.68457
10.0632
10.0605
9.55894
10.1735
9.5659
9.93089
10.1143
9.83393
9.58992
9.65359
9.95708
10.3459
9.61395
10.0503
9.55228
8.33115
10.1105
9.87101
10.157
9.74806
9.96072
10.0782
10.4443
9.68147
9.94816
9.8461
9.93675
9.88659
9.89677
10.0131
9.92321
10.1585
9.7136
9.75134
9.73887
9.92185
9.94704
8.50682
10.2066
9.76116
10.6158
10.1584
