2098
2306
2115
4470
2341
2201
2154
2352
2243
2249
2181
2525
2357
2285
2381
2458
2440
2502
2338
2202
2488
2226
2305
2483
2376
2541
2290
5028
2313
2355
4524
2278
4423
2342
2246
2176
2288
2188
2312
2293
2253
2207
2275
2467
2357
2307
2398
2236
2307
1990
2425
2461
2025
2421
2483
4477
2119
2153
2102
2143
2174
2229
2204
2161
2094
2229
2368
2222
2310
2187
2196
2368
2163
2226
2086
2160
2062
1967
2192
2252
2391
2147
2068
2075
2107
2313
2045
2000
2173
2095
2091
2173
2188
2177
2221
2269
2136
2470
2424
2098
2223
2034
2032
2174
2158
2237
2316
2014
2165
1929
2057
1945
2062
1926
2010
2046
3973
1995
1781
2027
1996
1817
2119
2041
1809
1744
1847
2020
1824
1876
1830
1900
1641
1717
1836
1575
1770
1602
1783
1718
1779
1801
1707
1714
1803
1721
1753
1606
1529
1942
1791
1673
3131
1911
1705
1741
1755
1519
1699
1758
1553
1887
1708
1761
1631
1590
1480
1541
1918
1807
1802
1725
1692
1765
1807
1778
1815
1643
1700
3501
1377
1941
1686
1931
1886
1870
1533
1731
1860
1854
1784
1555
1836
1797
1595
1834
1592
1825
1836
1771
3770
1855
1682
1720
1610
1684
1540
1735
1524
1523
1698
3249
1828
1754
1427
1515
1609
1594
1367
1635
1488
1500
1189
1336
1432
1464
1742
1644
1258
1311
2536
1615
1377
1314
1405
1289
1354
1432
1438
1353
1447
1190
1313
1331
1231
1428
1349
1331
1363
1350
2631
1425
1320
1533
1427
1475
1359
1341
1335
1534
1564
1422
2753
1434
1423
1310
1419
1535
1466
1350
1409
1259
1378
1428
1670
1363
1463
1417
1602
1416
1501
1425
1252
1310
1443
1314
1337
1542
1391
1369
1411
1262
1255
1392
1416
1388
1619
1583
