2.96774
3.46841
3.11979
3.45036
3.92384
3.00188
2.8757
2.95146
3.33013
3.45881
2.87771
4.05339
3.45526
3.59795
3.94559
4.17137
4.30978
4.05803
3.70688
3.22379
4.18591
3.47602
3.12461
4.31093
2.8771
3.68977
3.67299
4.30476
2.99461
4.17737
4.17822
2.84842
3.32183
3.20755
3.12464
3.47578
2.87915
3.71102
3.24372
3.25079
2.53178
2.8551
2.28294
4.05331
3.69676
3.81123
3.34894
2.97536
3.82792
2.85663
4.06649
4.15715
3.34685
4.17447
3.93816
3.21086
3.12042
2.40411
3.21843
2.40774
2.87674
3.09515
3.01622
2.84746
2.99647
3.3406
2.74613
2.65485
3.3007
2.75226
3.57723
3.21708
2.66934
3.796
2.84258
3.2103
2.66066
2.38862
3.20062
3.7207
3.79829
2.88507
2.74648
2.64748
2.52367
4.18392
2.2856
2.87705
3.35173
2.98108
2.77057
3.34312
3.69241
2.85161
2.7583
3.74229
2.3747
4.16946
4.18279
3.31728
2.80362
2.99199
3.0961
2.99959
4.2919
4.0487
4.29074
2.37569
3.33224
2.76762
3.32863
2.73847
2.49114
2.52326
3.92647
3.45659
3.70617
2.84395
2.61266
3.5713
2.8839
2.65356
4.02092
4.02921
3.20692
3.32854
3.35189
2.68848
3.20534
3.66896
3.69392
2.64744
3.30665
2.84594
2.85281
3.56163
2.73816
3.3356
3.63581
3.31936
2.26455
2.662
3.10972
2.37898
3.80736
3.571
3.559
3.46633
2.84754
3.33143
3.22341
3.20627
3.43931
4.04639
3.81036
3.76569
3.57019
2.36605
3.34538
3.04436
2.62593
3.10067
2.77954
3.22462
4.29686
3.12187
2.74055
3.05709
3.71605
3.09723
3.36265
3.33214
2.96224
3.76829
3.79015
3.80629
3.67832
3.32478
3.32473
3.20834
2.48947
3.8015
3.25896
3.53827
2.75185
3.68766
2.74319
2.84285
2.73452
3.80961
2.49284
2.97417
2.84474
2.85352
3.13459
3.80637
3.80924
2.86655
3.7943
3.46287
4.18061
2.74292
2.7294
3.8039
2.72626
3.21542
2.83884
3.0989
3.53503
3.82696
3.32091
4.05227
3.21504
3.21298
3.11079
3.20326
3.09319
3.95098
3.34987
3.32327
2.77643
2.87241
2.60688
2.85918
2.75651
2.74505
3.81036
3.34224
3.351
3.3261
3.82308
3.43691
2.48818
2.4847
3.34447
2.851
2.40178
3.69207
2.48529
2.74736
2.76056
2.96529
2.85161
2.83797
2.72341
2.37013
2.84863
3.20982
2.96795
2.73709
3.80991
2.72118
3.55778
2.49265
4.0412
3.31587
2.48696
2.03216
2.84423
3.33232
2.73089
2.74305
3.2364
2.8671
2.38272
2.48636
2.25886
3.94781
2.8656
2.38982
2.7371
2.41069
2.49384
2.25659
3.07155
3.68627
4.17972
2.84357
4.06002
3.32771
2.87382
2.49734
2.61662
2.49208
2.86014
2.39936
2.36491
2.86804
2.27501
2.37393
2.61251
2.73141
2.40278
4.1795
3.07786
2.98982
2.62501
4.04667
