8.33906
8.69688
8.69688
8.69688
8.73594
8.85469
8.85469
8.85469
8.85469
8.85469
8.85469
8.85469
8.85469
8.85469
8.85469
8.85469
8.85469
8.85469
8.85469
8.85469
8.94219
8.95469
8.95469
8.95469
8.95469
8.95469
8.95469
8.95469
8.95469
8.95469
8.95469
8.95469
8.95469
8.95469
8.95469
8.95469
8.95469
8.95469
8.95469
8.95469
8.95469
8.95469
8.95469
8.95469
8.95469
8.95469
8.95469
8.95469
8.95469
8.95469
8.95469
8.95469
8.95469
8.95469
8.95469
8.95469
8.95469
8.95469
8.95469
8.95469
8.95469
8.95469
8.95469
8.95469
8.95469
8.95469
8.95469
8.95469
8.95469
8.95469
8.95469
8.95469
8.95469
8.95469
8.95469
8.95469
8.95469
8.95469
8.95469
8.95469
8.95469
8.95469
8.95469
8.95469
8.95469
8.95469
8.95469
8.95469
8.95469
8.95469
8.95469
8.95469
8.95469
8.95469
8.95469
8.95469
8.99219
8.99219
8.99219
8.99219
8.99219
8.99219
8.99219
8.99219
8.99219
8.99219
8.99219
8.99219
8.99219
8.99219
8.99219
8.99219
8.99219
8.99219
8.99219
8.99219
8.99219
8.99219
8.99219
8.99219
8.99219
9
9
9
9
9
9
9
9
9
9
9
9
9
9
9
9
9
9
9
9
9
9
9
9
9
9
9
9
9
9
9
9
9
9
9
9
9
9
9
9
9
9
9
9
9
9
9
9
9
9
9
9
9
9
9
9
9
9
9
9
9
9
9
9
9
9
9
9
9
9
9
9
9
9
9
9
9
9
9
9
9
9
9
9
9
9
9
9
9
9
9
9
9
9
9
9
9
9
9
9
9
9
9
9
9
9
9
9
9
9
9
9
9
9
9
9
9
9
9
9
9
9
75.55
75.55
75.55
75.55
75.55
75.55
75.55
75.55
75.55
75.55
75.55
75.55
75.55
75.55
75.55
75.55
75.55
75.55
75.55
75.55
75.55
75.55
75.55
75.55
75.55
75.55
75.55
75.55
75.55
75.55
75.55
75.55
75.55
75.55
75.55
75.55
75.55
75.55
75.55
75.55
75.55
75.55
75.55
75.55
75.55
75.55
75.55
75.55
75.55
75.6125
75.6125
75.6125
75.6125
