4.24823
4.24823
4.24823
4.24823
4.24823
4.24823
4.24823
4.24823
4.24823
4.27312
4.30164
4.30164
4.3558
4.3558
4.37706
4.37706
4.37706
4.37706
4.37706
4.38702
4.38702
4.38702
4.38702
4.38702
4.38702
4.38702
4.38702
4.38702
4.38702
4.39298
4.39298
4.39298
4.39298
4.39298
4.39298
4.39298
4.39298
4.39298
4.39298
4.39298
4.39298
4.41689
4.41689
4.41689
4.41689
4.41689
4.41689
4.41689
4.41689
4.41689
4.41689
4.41689
4.42071
4.42071
4.42071
4.42071
4.42071
4.42071
4.42071
4.42071
4.42071
4.42071
4.42071
4.43182
4.43182
4.43182
4.47405
4.47405
4.47405
4.47405
4.47405
4.47405
4.47405
4.47405
4.47405
4.47405
4.47405
4.47405
4.47405
4.47405
4.47405
4.47405
4.47405
4.47405
4.47405
4.47405
4.47405
4.47405
4.47405
4.47405
4.47405
4.47405
4.47405
4.47405
4.47405
4.47405
4.47405
4.47405
4.47405
4.47405
4.47405
4.47405
4.47405
4.47405
4.47405
4.47405
4.47405
4.47405
4.47405
4.47405
4.47405
4.47405
4.47405
4.47405
4.47405
4.47405
4.49576
4.49576
4.49576
4.49576
4.49576
4.49576
4.49576
4.49576
4.49576
4.49576
4.49576
4.49576
4.49576
4.49576
4.49576
4.49576
4.49576
4.49576
4.49576
4.49576
4.49576
4.49576
4.49576
4.49576
4.49576
4.49576
4.50019
4.50019
4.50019
4.50019
4.50019
4.50019
4.50019
4.50019
4.50019
4.50019
4.50019
4.50019
4.50019
4.50019
4.50019
4.50019
4.50019
4.50019
4.50019
4.50019
4.50019
4.50019
4.50019
4.50019
4.50019
4.50019
4.50019
4.50019
4.50019
4.50019
4.50019
4.50019
4.50019
4.50019
4.50019
4.50019
4.50019
4.50019
4.50019
4.50019
4.50019
4.51966
4.51966
4.51966
4.51966
4.68012
4.68012
4.68012
4.68012
4.68012
4.68012
4.68012
4.68012
4.68012
4.68012
4.68012
4.68012
4.68012
4.68012
4.68012
4.68012
4.68012
4.68012
4.68012
4.68012
4.68012
4.68012
4.68012
4.68012
4.68012
4.68012
4.68012
4.68012
4.68012
4.68012
4.68012
4.68012
4.68012
4.68012
4.68012
4.68012
4.68012
4.68012
4.68012
4.68012
4.68012
4.68012
4.68012
4.68012
4.68012
4.68012
4.68012
4.68012
4.68012
4.68012
4.68012
4.68012
4.68012
4.68012
4.68012
4.68012
37.3813
37.3813
37.3813
37.3813
37.3813
37.3813
37.3813
37.3813
37.3813
37.3813
37.3813
37.3813
37.3813
37.3813
37.3813
37.3813
37.3813
37.3813
37.3813
37.3813
37.3813
37.3813
37.3813
37.3813
37.3813
37.3813
37.3813
37.3813
37.3813
37.3813
37.3813
37.3813
37.3813
37.3813
37.3813
37.3813
37.3813
37.3813
37.3813
37.3813
37.3813
37.3813
37.3813
37.3813
37.3813
37.3813
37.3813
37.3813
37.3813
37.3813
37.3813
37.3813
37.3813
