3152
3116
2969
2840
2801
3092
2888
2913
2857
2827
3003
2985
3247
3145
3069
3145
3152
3122
3157
3216
3150
3230
3056
3110
3262
3075
3259
2993
3054
2989
3078
3051
2968
2937
2843
2896
2933
2730
2898
2689
2704
2676
2589
2743
2674
2784
2692
2643
2821
2980
2847
2738
2780
2996
2775
2849
2798
2802
2827
2668
2748
2724
2718
2708
2697
2832
2767
2672
2832
2834
2688
2656
2936
2735
2620
2752
2807
2746
2815
2617
2734
2811
2871
2992
2978
2844
2829
2983
2884
2931
2991
3078
3148
2921
3034
2970
2994
3042
3058
3091
3022
3061
3133
3027
3158
3216
3184
3103
2983
3079
3086
3109
3159
3108
3150
3020
3090
3146
3207
2996
2877
3074
3181
3078
3181
3098
2982
3051
3149
2916
2992
3184
3010
3018
3062
3026
3050
3121
3082
3204
3126
3109
2917
3024
3151
3195
3064
2931
2976
3053
3079
3004
3126
2928
2960
3028
2991
2883
2882
3017
2984
3008
3161
2870
2929
3193
2998
2965
2872
3077
3072
3013
3056
3114
3110
3018
3195
3243
3002
3137
3095
3112
3151
3135
3047
3085
3141
3214
3173
3147
3206
3075
3220
2869
3101
2984
3059
3113
2923
3001
3178
3014
3222
3010
2941
3049
2963
3016
2964
3155
3002
2921
2996
3061
3009
2876
2968
2848
3039
3057
2978
2915
2804
2815
2970
2703
2775
2845
2910
2841
2771
2694
2909
3018
2887
2969
2963
2860
2833
2880
2990
2935
2943
3213
2832
3072
3003
2796
3046
2914
2995
2854
2960
2923
2983
2915
2991
2905
2963
2986
2927
2916
2891
2864
2847
2945
2985
3017
2784
2790
2722
5379
2942
2612
2940
2646
2833
2744
2566
2559
2493
2563
2379
2671
2574
2389
2386
2529
2344
2455
2352
2242
2184
1979
2316
2431
