104.406
104.58
103.229
102.852
103.78
102.967
103.167
103.594
104.007
104.098
102.149
102.948
102.825
103.231
103.935
102.873
104.987
104.027
104.679
104.422
103.895
103.629
103.677
104.55
104.237
104.271
105.074
104.054
103.912
104.58
104.266
102.906
104.357
104.253
104.463
104.998
104.704
104.061
103.548
102.417
107.663
123.022
104.913
118.427
129.606
115.753
179.996
179.997
179.997
179.997
179.997
179.997
179.997
179.997
179.99
179.997
179.997
179.996
179.996
179.996
179.989
179.997
179.997
179.997
179.997
179.996
179.996
179.989
179.989
107.814
109.184
25.79
108.745
26.5041
108.523
108.838
179.989
108.93
110.02
113.121
108.847
109.371
106.252
108.326
109.318
112.919
107.609
109.327
114.803
115.6
116.683
116.388
119.836
118.909
115.106
115.896
121.01
132.173
129.996
121.757
108.666
108.308
118.364
179.989
118.381
119.521
118.61
129.156
179.989
127.87
114.642
116.185
99.1159
108.903
90
104.494
113.115
115.733
106.978
117.348
108.594
113.587
135.703
136.911
107.346
108.044
134.111
115.514
136.93
106.686
112.13
112.317
113.735
113.577
113.244
111.359
116.875
113.274
136.092
112.38
116.653
114.606
109.683
113.734
113.423
112.065
112.502
136.703
113.748
116.807
112.945
112.862
113.562
116.468
117.249
110.398
116.447
115.994
116.703
113.634
113.43
115.304
115.11
114.079
105.697
113.56
112.81
112.396
126.114
107.537
112.915
113.333
112.577
113.87
107.712
114.02
106.599
114.215
112.818
113.027
106.844
115.88
113.402
107.153
106.695
115.9
106.162
114.327
113.942
114.899
114.382
106.184
106.844
114.192
107.022
114.57
106.607
106.199
113.348
114.288
125.986
137.611
107.189
113.522
116.763
107.493
115.044
111.153
102.927
135.956
107.492
114.729
114.365
104.692
113.758
112.978
105.232
113.608
116.28
115.189
104.568
106.78
111.823
92.3377
111.548
118.372
123.325
100.723
52.582
105.582
107.726
109.989
107.528
106.623
102.31
102.445
108.054
106.074
107.301
106.223
103.206
104.432
107.345
105.97
105.787
107.344
109.13
106.984
105.389
106.22
107.061
106.094
107.582
105.725
108.018
108.505
106.598
108.653
107.584
105.996
106.277
105.781
105.645
109.814
104.529
107.243
105.278
105.292
105.909
106.543
105.451
105.878
106.441
108.612
107.323
105.834
107.184
106.694
107.211
106.077
108.036
110.734
105.649
106.876
106.908
105.964
105.705
108.781
