2.70597
2.57107
2.96043
3.10212
2.8109
3.07741
2.97096
2.88571
2.69545
2.65837
3.3094
3.07834
3.15824
2.99192
2.72113
3.08499
2.52674
2.7225
2.50851
2.55379
2.80714
2.79105
2.83977
2.55624
2.65446
2.62143
2.42405
2.73194
2.67324
2.55649
2.54101
3.09293
2.65985
2.68451
2.58765
2.21411
2.55048
2.45157
2.58482
2.35126
2.71086
2.89554
16.3851
0.998416
2.38624
1.32933
8.70204
2.57166
4.4542
2.35647
3.30027
3.29542
2.39384
2.39161
6.74148
2.33013
2.39327
6.4288
6.73955
7.43958
3.95235
3.79016
4.20612
2.30401
2.59639
7.35935
8.69131
8.88373
8.93818
4.28409
4.09892
8.96709
3.77091
8.85351
4.02733
3.88834
8.8733
3.8886
3.61855
2.47135
3.97426
3.79539
4.36006
4.00032
3.50864
2.77888
4.01035
3.7325
1.06285
1.43931
1.45227
1.13618
1.35724
2.13319
1.61428
1.4444
1.31023
1.71511
2.54818
1.10204
3.2763
3.76314
1.04104
8.94276
1.26105
1.4233
1.80002
2.56751
8.94865
3.17708
1.43112
1.70789
4.49697
5.98241
3.69288
4.49846
2.80942
2.15529
3.79498
2.59765
3.294
2.6313
1.81085
3.0244
3.59516
3.28854
2.35838
2.93135
2.83958
4.50765
3.28533
1.88219
1.50329
1.49087
1.58375
3.97765
2.83199
1.51046
3.11083
3.03204
2.83164
1.28529
2.77772
1.58408
1.591
2.07772
1.87874
2.74108
1.4873
2.63559
2.63703
1.88909
2.63366
2.731
2.69572
3.69011
2.43928
2.63368
2.69431
2.43884
1.60164
2.74278
3.12413
1.40144
4.75766
2.63698
1.79919
2.63696
1.7818
3.68112
1.78542
2.73212
1.90088
2.34434
3.48269
2.83495
4.46052
2.74226
1.80756
2.7465
4.68737
3.02911
2.6454
3.68089
3.78226
2.23967
4.69292
1.30284
1.39449
2.34083
1.28305
4.17455
3.78627
1.39124
3.78657
2.237
4.56094
4.56136
2.63074
2.24663
1.80737
1.9367
3.68289
2.92404
2.53762
3.58812
2.14788
2.38308
5.03357
2.44504
3.68529
1.28965
2.53476
4.46845
1.50536
3.24072
4.40385
1.59259
2.89513
1.10251
4.67006
4.36846
2.2952
4.56068
2.48043
4.61752
4.21567
3.93899
34.0236
4.75431
3.55483
2.98424
3.773
3.91552
5.53062
5.62691
3.63757
4.08128
3.55251
4.0422
5.32994
4.74402
3.65763
3.75154
4.76979
3.75467
3.16394
3.71881
3.93969
3.95641
4.76049
3.90368
3.64511
4.21887
3.55486
3.20415
3.86193
3.26419
3.54901
4.8694
4.77773
4.87094
4.87593
3.16117
5.23295
3.65575
4.96477
4.87836
4.34537
4.86855
4.96159
4.95794
4.04513
4.04116
4.57047
4.1321
3.64453
3.765
3.64243
4.02675
3.50462
3.13412
4.04465
3.85647
3.84819
4.87618
4.1748
3.09648
