7.92012
7.90866
7.97645
7.90074
8.05882
7.89259
7.89607
7.93158
7.97525
8.15719
8.03647
7.89581
7.92015
7.92246
7.92015
8.19578
7.87911
7.91124
7.98584
7.888
8.22001
8.01408
7.80251
7.91194
7.91223
7.95207
8.04734
8.07759
8.18084
8.26207
7.86984
8.08112
7.91223
8.09285
7.94491
8.29136
8.13163
8.20062
7.88323
8.02321
8.25324
9.5821
10.6446
10.6335
7.19377
8.05914
5.48834
3.09318
4.08091
3.06004
3.91867
4.1933
3.194
3.09318
7.13834
3.11815
3.2452
7.14683
6.72702
6.28145
6.48621
4.19231
5.65869
3.71369
3.72327
7.29703
7.57973
8.12056
8.12797
7.63109
8.24268
8.18321
7.98968
8.20588
8.23489
7.96449
8.21836
7.87176
8.1836
8.20544
8.22168
8.20866
8.13761
8.19101
8.19271
8.12834
8.25805
8.2746
8.38042
8.20262
8.24744
8.26372
8.25618
8.24864
8.25116
8.29038
8.26246
8.20866
8.29431
8.24002
8.35722
8.22926
8.25768
8.1994
8.33242
8.30666
8.18598
8.14402
8.25831
8.19751
8.11887
8.07007
11.3911
15.4128
14.2592
8.00959
8.11422
8.47936
8.22887
8.32476
7.87756
7.77957
7.85769
7.87412
7.95738
8.0108
8.07145
7.83219
8.04334
8.01925
7.85606
7.8447
8.01177
7.93617
7.93617
8.07145
8.25296
7.95215
8.04392
7.97632
7.91723
7.8679
7.88329
7.87033
7.91723
8.06572
8.01521
7.86673
7.91486
7.84668
7.91723
7.80249
7.82084
7.88567
7.92516
7.8897
7.92
7.87538
8.02095
7.8669
7.86673
7.87605
8.01547
7.86673
7.89703
7.92574
7.83987
7.86673
7.91261
7.92067
7.85363
7.82961
7.83836
7.9201
7.8897
7.80249
7.8284
7.87968
7.93648
7.80249
7.93211
7.88567
7.85537
7.93097
7.86673
7.85938
7.9002
7.97049
7.80249
7.9367
7.94375
7.9416
7.90999
7.9416
8.03398
7.87162
7.93181
7.94014
7.97738
7.95884
7.9416
7.9416
8.01017
7.90367
7.90289
7.9416
7.95078
7.95078
7.95078
7.95078
7.96057
7.99092
8.01097
7.93357
7.91917
7.88723
8.06434
8.00699
8.01502
8.013
8.01502
7.99605
7.89641
12.1338
11.833
11.7698
13.2338
14.3597
30.8209
8.44376
8.31932
8.38649
8.47026
8.53723
8.49724
8.40707
8.4072
8.45439
8.52499
8.48602
8.51708
8.42333
8.4498
8.44427
8.42603
8.36261
8.5022
8.42762
8.41887
8.42756
8.44589
8.46983
8.37859
8.43979
8.40776
8.31488
8.42259
8.43424
8.4738
8.39497
8.45366
8.35803
8.39145
8.40545
8.29471
8.29241
8.42756
8.40481
8.40834
8.46651
8.45172
8.49321
8.27224
8.26027
8.40319
8.48602
8.36432
8.48321
8.5104
8.34298
8.47803
8.38367
8.45656
8.4018
8.31085
8.53757
8.42266
8.36804
