8.34851
8.42796
8.45063
8.45551
8.40912
8.44061
8.50103
8.45257
8.50157
8.37609
8.47502
8.38555
8.29146
8.39158
8.35492
8.42083
8.34531
8.43521
8.35471
8.4524
8.43251
8.40277
8.41584
8.43119
8.41917
8.45324
8.40902
8.39966
8.43861
8.44116
8.50195
8.42373
8.43743
8.45349
8.42738
8.41845
8.35526
8.38012
8.36084
8.31956
9.92516
8.52747
5.94364
10.6347
3.99601
7.65958
0.745511
0.516552
0.547785
0.450176
0.508052
0.546706
0.518331
0.48677
1.72937
0.457031
0.474381
0.77211
0.741023
0.71384
1.95457
0.520012
0.511131
0.489485
0.597167
0.702173
0.772023
1.92887
1.94266
7.29373
6.86809
2.07061
7.3831
2.06256
7.27152
7.17766
1.97906
7.31171
7.32915
7.48595
7.27738
7.19656
7.79664
7.40201
7.79088
7.30418
7.79895
7.39781
8.51465
7.79674
7.45129
7.90161
6.63212
6.18854
7.83741
7.68905
6.37004
3.9714
3.81829
6.34306
8.31623
7.77507
7.28594
1.96476
7.15882
6.6451
6.63369
3.92126
1.9048
3.72413
8.31096
7.35533
10.5049
12.9325
12.5822
8.39271
7.16054
6.9344
8.41439
6.11395
8.37004
7.20268
3.39355
2.75488
8.52916
8.49107
3.29224
6.17286
2.70669
7.51088
6.92612
8.45385
8.43064
8.43574
8.42955
6.12136
6.09519
8.52813
2.79372
6.94708
6.14979
8.4388
8.45082
8.4388
8.43337
8.43475
8.43574
2.85759
8.4388
6.12344
7.21419
8.44424
7.15022
6.16266
6.13056
7.16921
6.43903
6.44413
6.1117
7.4159
8.44575
6.45158
6.09519
8.41444
7.24471
7.31259
8.38088
7.62292
4.89303
8.43801
8.44455
7.17649
8.44108
7.43155
8.38598
6.84409
7.65083
6.87436
8.46311
7.18159
7.01949
6.06877
7.14035
8.48967
8.40988
6.88049
7.3124
8.42253
8.48393
7.08012
8.42842
8.33234
8.51732
8.38904
8.38094
7.31032
7.46636
7.52498
7.29088
7.39602
4.90106
3.23129
8.47968
6.89268
6.34486
8.49004
7.25765
8.45385
8.49312
3.13786
8.45385
8.39448
7.15407
8.5081
8.43614
6.80822
8.4708
8.3983
6.29384
8.4175
8.36302
7.93877
8.28728
13.1743
13.8743
12.1996
12.1079
13.3667
12.5112
7.93259
8.47941
8.51461
8.55618
8.51257
7.77571
7.31493
8.45276
8.41528
8.52929
8.41458
7.69758
7.98119
8.55012
8.54069
7.19539
8.45276
8.44173
8.55964
8.53029
8.56077
6.96046
8.52356
8.45763
8.50045
8.42292
8.56641
8.5066
8.53932
8.47648
7.23879
7.27058
7.34058
7.22299
7.59728
6.96381
8.50095
7.30245
7.41233
8.17017
6.9776
7.31533
7.19319
8.45805
7.38887
6.96381
8.46982
8.55337
8.41473
8.5066
8.45805
8.46306
7.64104
8.55337
8.5066
8.5066
7.04869
8.44112
8.3858
