3538
3557
3574
3567
3597
3707
3710
3637
3668
3609
3715
3777
3882
3692
3743
3661
3636
3762
3810
3705
3745
3740
3663
3688
3707
3649
3606
3759
3716
3814
3759
3745
3629
3679
3718
3683
3567
3390
3194
2787
5490
7845
8635
13147
2042
2623
1147
363
488
312
416
430
326
306
687
313
319
734
673
753
537
408
534
315
355
1123
1746
2095
2371
2724
3030
2637
2755
2743
3002
2811
2635
2895
3384
3230
3297
3230
3569
3401
4076
3429
3829
3688
3605
3803
3672
3604
3619
3567
3723
3737
3674
3450
3510
3686
4110
3993
3698
3349
3843
3722
3770
3546
3281
3491
3570
3910
5860
12130
8335
5153
4050
3719
3828
3663
3785
3687
3229
3353
4511
3746
3398
3590
3364
3751
3705
3797
3935
3743
3875
3807
3843
3711
3500
4042
3945
4003
4571
4070
4554
4433
4033
3511
4082
3899
4456
3992
4234
3924
3825
4451
4216
4115
3733
3786
3896
4062
3642
3791
3717
3536
3617
4029
3322
4189
4061
3609
3678
3488
3646
3317
4047
3786
3488
3796
3586
3367
3446
3639
3768
3492
4198
3581
3901
3537
4165
4477
4093
3786
3930
3875
3970
3763
3769
3802
3747
3478
4328
3968
4014
4139
4014
4176
4183
3486
4184
4205
4138
4272
4154
3985
4308
4206
4089
4356
4508
4333
4295
10358
10341
11470
16873
14415
8029
4815
4731
4758
6338
4686
4657
4597
4608
4606
4655
4636
4472
4369
4569
5733
4346
4466
4524
4279
4271
4396
3888
4261
3831
4167
4083
3852
4134
3839
4002
3794
3821
3783
3760
3624
3837
3645
5015
3775
4393
4672
3717
3775
4140
3833
3652
4925
3951
3990
4165
4042
4022
3754
3957
3895
3955
3784
3881
4073
