6.99484
6.95543
6.93347
6.96028
6.9356
6.96435
6.94831
6.97362
6.93708
6.8656
6.95826
6.9341
6.93347
6.93796
6.86711
6.93375
6.99484
6.93716
6.88565
6.90123
6.97914
6.8657
6.9356
6.93286
6.92665
6.92162
6.95383
6.93716
6.85371
6.94773
6.86447
6.95325
6.97914
6.97914
6.93496
6.72499
6.9356
6.64945
6.61402
6.01464
9.03162
13.9804
19.551
12.5115
8.99916
8.71937
20000
20000
20000
20000
20000
20000
20000
20000
20000
20000
20000
20000
20000
20000
20000
20000
20000
20000
20000
20000
20000
20000
20000
8.97164
8.87818
0.396743
8.78196
0.581282
8.89981
8.78593
20000
8.90378
8.95954
8.86382
8.94242
8.85578
8.90553
8.90378
8.97078
8.95544
8.96101
8.92181
8.93252
8.9103
8.94186
8.9767
8.96469
8.96838
8.9588
8.9103
8.96838
8.9103
8.95505
8.95456
8.89491
8.90837
8.90804
20000
8.99644
8.94898
9.03666
8.9537
20000
8.96917
9.05605
8.94166
7.86818
14.8393
3.92853
8.83745
8.92236
8.83979
8.93289
8.92198
8.9258
8.92106
8.7665
8.91455
8.92312
8.82087
8.74169
8.82362
8.6306
9.01041
8.91869
8.82255
8.91725
8.85388
8.82482
8.76532
9.00972
8.84684
8.91532
8.75307
9.00491
9.01464
8.82389
9.00491
8.8978
8.91578
8.86778
8.80643
8.91296
8.8239
8.74521
9.00994
8.86998
8.86758
9.01023
9.02184
8.84527
8.91803
8.84287
8.92918
8.92171
8.84306
8.83703
8.92201
8.82955
9.01449
8.84879
8.91964
8.92171
9.01419
8.92492
8.92336
8.92015
8.92141
8.83916
8.93518
9.02194
8.92544
8.92888
8.85141
8.93769
8.91746
8.82569
8.92171
8.82673
8.92171
8.93118
8.91821
8.92834
8.9136
8.92336
9.01099
8.9437
8.92894
8.91821
8.92164
9.01464
8.93336
8.92514
8.92171
8.92538
9.01694
8.9292
8.92444
8.93739
8.93952
8.93007
8.92514
8.93231
8.93387
9.01375
9.02184
9.01464
8.92994
8.93231
9.01434
9.01704
8.93368
9.11101
9.02054
9.01688
9.156
8.93231
5.63633
13.4376
17.7947
20.1378
9.00156
14.8801
9.17873
8.97543
9.17869
9.17773
8.99827
8.92409
8.8555
9.14817
8.93103
8.86607
8.93893
8.94264
8.85199
8.99847
8.63981
8.83837
9.03451
9.02017
8.94762
8.6354
8.9372
9.03263
8.82207
9.00506
9.00573
9.03435
8.93849
8.93324
9.02938
8.92172
9.01974
9.0234
9.02017
8.92153
8.63574
8.84237
8.93268
8.9541
8.93156
9.00278
9.01373
9.00544
9.05013
9.03698
9.0178
8.91452
8.93638
8.93465
8.81227
8.91235
8.90201
9.01593
8.91901
8.83672
9.01758
9.01982
8.90901
8.92166
8.79987
