96.8052
94.4166
95.6724
97.9049
95.6884
96.7244
97.828
97.7822
95.9737
96.8234
96.6799
94.1985
96.3332
94.9761
95.8737
97.1897
93.8968
97.2817
94.7566
96.315
96.9002
98.6483
97.8502
96.9736
96.1636
95.9021
96.9889
96.8568
97.4628
97.6772
95.6705
95.1982
97.9447
98.1971
94.771
93.696
95.7636
94.5197
94.6529
96.3542
96.9792
96.746
93.7834
94.6335
94.6592
98.7297
96.3392
97.9916
97.3833
98.0535
97.5892
97.6919
98.5487
94.9208
94.9899
96.295
98.2726
93.6138
94.4885
95.9834
94.5867
96.8311
95.4592
96.8283
95.0811
97.7322
96.9609
96.1432
95.9892
93.9619
96.2536
94.4517
96.4718
95.3025
94.4324
95.292
96.4695
95.4281
97.1832
96.922
95.0706
94.7127
94.6782
97.7312
96.3162
94.4166
97.6268
97.8568
96.2791
96.2243
96.6223
96.0125
94.8728
96.9176
94.8114
97.2613
97.3534
93.666
96.6986
94.2619
96.7428
96.566
96.4694
95.6887
97.3721
96.6438
96.082
93.7687
96.6488
95.6138
94.9839
97.7869
97.1355
94.1036
93.9846
95.0205
95.6743
96.5646
95.7262
96.5916
98.2335
96.3053
94.5498
96.6586
97.5125
94.5523
94.1703
95.7575
96.3486
95.9866
97.0386
98.3235
96.7372
94.1922
95.8411
96.4355
94.8948
97.7499
93.5789
96.89
95.7993
96.3181
97.272
95.5948
96.6706
94.4584
95.8212
97.352
96.1617
96.8549
94.8991
96.5877
96.2503
94.0224
97.263
95.9443
96.3216
95.7206
97.2462
95.905
96.6194
96.0139
93.8523
95.4676
97.0526
97.8371
97.2514
96.3695
96.8539
96.4703
94.2721
97.2459
95.3001
95.5754
96.0337
94.0877
95.4874
94.2947
94.7143
93.8786
97.5496
97.8016
96.2891
96.1156
97.1865
94.5948
95.3331
97.4227
96.1741
94.8558
95.9264
96.4301
97.7787
96.5426
94.6738
96.5309
93.5204
95.985
95.5217
96.3565
98.1452
94.6073
97.0963
95.8614
95.2165
94.5267
95.7101
97.2528
94.2147
97.4771
96.5876
97.308
97.5394
94.118
94.4199
94.3759
97.1414
95.893
96.2829
96.5377
93.8793
97.1546
94.1839
95.8477
97.5945
96.3548
96.8654
94.3884
93.8475
97.949
97.0348
96.5415
94.6607
94.6908
95.3482
97.4351
97.5859
96.4535
96.7492
97.1668
95.0247
96.1346
95.0612
99.1611
97.7505
96.9791
93.9043
98.176
96.2396
97.5462
96.9179
95.8113
97.2816
97.9288
98.2448
94.8936
97.4617
98.1135
95.9663
96.815
97.7572
97.927
96.4586
97.723
96.6503
97.0676
96.7461
96.1735
98.5877
97.819
94.9443
97.0114
97.6292
97.8685
94.159
97.2213
95.8643
95.5732
98.6461
96.5972
96.5194
93.5725
94.9417
94.5655
95.7254
96.8457
94.0984
94.7686
97.1721
97.1309
95.9062
98.328
96.2249
96.2483
94.5585
94.8797
98.0659
94.1621
96.3468
