6.06435
1.4027
6.18814
5.8312
6.32053
5.70494
5.80386
5.93053
6.08533
5.93395
6.06293
1.69102
6.20334
0.724462
6.06861
6.19191
2.17491
5.93059
0.567058
6.20731
6.20707
5.55524
5.82352
6.1936
6.21827
5.77381
5.9369
6.20369
5.93124
5.6955
6.19618
5.95858
5.81546
5.80704
0.753599
6.19446
6.06657
0.664797
0.765443
6.07198
5.56282
5.68157
2.6439
5.82699
0.36608
5.29603
6.05997
5.56154
5.91243
5.55694
5.68636
5.57265
5.56339
0.621691
0.392985
6.20316
5.802
6.58123
0.566772
6.05588
6.47377
6.33014
6.45505
5.93141
6.06355
5.92942
6.19327
6.20298
6.20535
6.19883
6.20532
1.3442
6.33616
6.44934
1.0613
6.19555
6.34058
6.19297
6.05365
6.19338
0.428125
0.81622
0.792554
5.68829
6.59544
0.650981
6.06314
5.69562
5.93037
6.21212
6.06047
6.32894
0.770697
6.19138
0.610882
6.06462
6.06008
6.59883
6.18117
1.62919
6.06313
6.31421
6.04874
6.34273
6.06193
6.06343
6.06066
6.58832
5.93425
6.19026
6.19063
5.54235
6.21221
1.78733
1.69076
6.33733
6.0638
6.34482
6.06002
6.32094
5.80516
6.19216
0.497684
6.32094
6.06282
0.946355
2.06111
6.3469
6.20071
6.3261
5.9414
5.5609
6.04929
2.32154
6.18829
6.19316
6.33125
5.55601
6.47526
6.2031
6.61524
6.06427
6.0877
6.48039
6.06439
1.61996
6.05659
5.54996
6.48463
6.19553
0.496626
6.35402
6.48702
1.23342
6.06623
6.0608
6.19285
6.06273
6.06088
6.32284
6.06867
6.32214
6.19849
6.48981
5.93762
5.82793
6.05547
6.46066
6.0748
6.3551
1.41051
6.06157
6.32527
6.19977
6.32012
2.20669
6.19221
6.3223
0.880718
6.47799
5.92917
5.94238
6.05711
5.69763
6.0571
1.08888
6.45381
6.06258
6.18894
6.0591
6.32744
6.08055
6.0591
6.07115
0.784287
6.47026
1.72727
5.92918
6.45919
6.06881
5.68762
0.853133
6.35407
6.33847
6.33679
1.54628
6.07187
5.93047
2.29523
6.06946
6.34889
6.06272
6.06837
2.43618
6.59737
6.59084
6.0749
6.33535
6.20726
6.06229
1.91563
6.06177
6.61492
5.93099
5.93194
6.06285
6.19818
1.69106
2.435
5.80276
5.93128
6.46124
0.638011
6.20888
6.45466
6.0447
5.92599
6.06838
6.3472
6.20894
0.309011
6.19187
0.589094
5.17634
5.83177
5.93316
2.3695
5.51191
5.92981
6.05611
6.19512
6.32082
6.20038
6.06509
5.82146
6.73804
6.05611
5.80243
6.0801
6.06535
5.67364
5.68943
5.92962
6.08669
6.30012
5.92662
6.21109
5.9374
5.29426
5.92966
0.608483
5.92691
6.0705
6.03424
2.31573
6.06999
5.68655
6.19986
5.55088
6.06239
6.06866
2.60367
0.658828
0.819841
6.05573
6.06069
1.85133
0.720677
6.33737
6.20682
6.47831
5.54948
6.2176
5.95218
0.780168
0.695211
6.07666
6.33201
6.20704
