10.2703
10.1358
9.81392
9.8743
9.86971
10.021
10.1529
10.0324
10.01
10.029
10.0809
12.1187
10.0279
12.1064
10.4013
10.1085
10.2
9.89136
9.93117
9.92332
10.3381
9.83348
9.92689
10.0808
10.1299
9.76523
10.0769
10.0375
9.88419
9.96489
9.88688
9.8901
9.97155
9.92382
10.0083
10.0468
10.1301
9.96574
10.0277
9.89304
9.81764
9.9488
11.988
10.0031
10.1122
9.60305
9.91818
10.2565
9.8163
10.0001
10.0891
9.8377
9.83801
12.3998
12.2344
9.86243
9.93117
10.043
10.2158
10.1644
10.108
9.91021
10.1644
9.9924
10.0077
10.0172
9.9618
9.9049
10.0578
10.1676
10.1468
10.5751
9.76735
9.96636
12.4592
10.3139
10.1209
9.89533
9.73426
9.87002
10.2717
9.85401
10.2937
9.84731
9.84052
9.73426
9.91004
10.1376
9.90499
9.80939
9.92922
9.96206
9.98848
9.92054
11.9453
9.84612
9.71212
9.90284
10.0277
12.0937
9.92844
9.95557
10.1574
10.0146
9.74526
9.86782
9.76967
10.0146
9.90931
10.2251
9.93579
9.84211
9.91408
10.112
10.1929
9.98064
9.88359
10.0314
9.90553
9.91536
9.84007
10.0452
12.251
9.9126
10.1065
9.96091
12.206
9.9853
9.68798
9.86426
9.87116
9.75289
9.93642
11.9142
9.67195
10.0595
9.87471
10.0954
9.90483
9.85873
9.99243
10.0001
10.1422
9.89917
10.133
11.9155
9.9323
10.0001
10.0798
9.8904
9.89792
9.94179
9.96605
11.9446
9.87101
9.84495
9.817
9.83993
9.78977
9.87425
9.81354
9.90791
9.86027
10.0043
9.94843
9.87182
9.83196
9.80868
9.83747
9.68379
9.88982
9.92058
9.98262
9.7675
9.91362
12.1719
10.0309
9.98518
10.0428
9.81336
9.9753
9.98381
10.0078
9.82037
10.247
11.7897
9.92593
9.94084
9.88476
10.0839
9.94187
9.99043
10.0729
9.68931
9.78763
10.1474
9.97062
9.81778
9.7231
9.79139
9.94601
9.84738
9.71179
10.0147
9.80154
12.0827
9.84052
10.0217
11.7669
9.7982
10.0773
9.80816
10.0062
12.3683
9.64857
9.78914
9.82665
9.94843
9.81336
9.84591
9.9378
9.65526
10.0839
10.0432
9.8541
9.72788
9.98594
10.1796
12.2254
10.0054
9.88799
9.91124
10.105
9.90528
10.1701
10.0191
9.82267
9.76837
10.0272
9.85187
12.3514
9.8535
10.1797
9.67979
9.9488
9.70507
11.6667
9.69013
9.80354
9.96275
9.81672
9.81764
9.8419
9.78252
9.76298
9.77328
9.87906
9.79139
9.77825
9.8684
9.90018
9.85924
9.94669
9.78138
9.99025
9.87155
9.98787
10.0181
9.91107
9.82556
10.1537
9.92576
9.96231
9.83276
11.9464
10.0468
9.9273
9.9566
9.7326
9.76096
9.75309
12.428
12.1755
10.3791
9.93812
9.82805
10.1062
12.0282
10.1148
9.76512
9.89572
9.77486
9.77827
9.96872
10.1002
10.4364
9.7182
10.125
10.0847
