10.6762
46.3509
10.7406
10.8324
10.8603
10.7872
10.9652
10.8118
10.8
10.8871
10.792
46.7588
10.7774
47.3775
11.0213
10.8627
46.9222
10.7433
47.023
10.8127
10.826
10.7075
10.7384
10.682
10.9472
10.7713
10.675
10.7797
11.0447
10.824
10.7895
10.951
10.7327
10.845
47.0378
10.8103
10.7992
47.3257
47.5927
10.7879
10.9022
10.823
44.8492
10.6974
50.5553
10.7645
10.7758
10.7692
10.6139
10.7883
10.7803
10.8171
10.7843
47.7151
48.8121
10.7168
10.7903
10.7179
46.9702
10.8843
10.7535
10.8186
10.803
10.8695
10.7444
10.7016
10.7643
10.9995
10.8329
10.7887
10.7446
47.7988
10.9073
10.7814
47.409
10.6925
10.7929
10.8325
10.7553
10.7688
47.2756
47.3092
47.7354
10.2025
10.9329
47.25
10.771
10.8002
10.8262
10.8434
10.7594
10.7789
47.7523
10.8184
47.3207
10.8075
10.7144
10.7327
10.8516
47.4107
10.6889
10.8266
10.8021
10.7553
10.727
10.7314
10.7328
10.7394
10.674
10.821
10.7638
10.7719
10.7517
46.9993
46.7059
10.766
10.826
10.7508
10.7765
10.7646
10.8031
10.795
46.6362
10.7017
10.8065
49.4654
44.7359
10.8172
10.762
10.7745
10.8113
10.8294
10.7533
44.2371
10.6825
10.6838
10.6994
10.7712
10.6938
10.7553
10.8291
10.7584
10.7727
10.7573
10.6937
46.1836
10.6831
10.6885
10.7799
10.8749
47.1871
10.7733
10.7423
46.4119
10.7135
10.8239
10.8875
10.7772
10.741
10.9775
10.7244
10.7522
10.6804
10.7058
10.7213
10.7904
10.7967
10.9713
10.7103
10.799
47.1165
10.8012
10.6997
10.8192
10.7107
44.5031
10.799
10.8365
46.796
10.7196
10.8137
10.8344
10.7456
10.7406
10.7778
46.7278
10.7478
10.9575
10.7766
11.0334
10.7984
11.0822
10.7668
10.8823
47.3018
10.8304
47.0963
10.7949
10.9
10.7561
10.7596
47.0154
10.7898
10.991
10.725
46.1183
10.7047
10.7053
44.4565
10.8344
10.8095
10.7722
10.7328
44.7153
10.7624
10.7345
10.9086
10.7888
10.8205
10.7788
46.5336
10.8115
10.7834
10.8654
10.753
10.8012
10.8237
47.0917
45.1666
10.8004
10.7601
10.8045
47.3157
10.7134
10.8159
10.6146
10.8379
10.779
10.8352
10.7853
47.0507
10.8118
46.985
10.618
10.9962
10.8376
44.4469
10.7782
10.886
10.8115
10.7448
10.6979
10.9955
10.6431
10.7391
10.901
10.8536
10.8186
10.7513
10.8211
10.7917
10.8286
10.7469
10.8212
10.8003
10.7776
10.8805
10.8796
10.8467
10.8217
47.472
10.8902
10.775
10.8042
44.7429
10.7918
10.6922
10.7571
10.8067
10.8797
11.0508
45.1645
47.2656
47.276
10.7829
10.8622
46.562
47.5862
11.0226
10.86
10.7413
10.7466
10.7922
10.9725
47.1072
47.6276
10.833
10.9789
10.7456
