4616
4787
4202
4440
4582
4451
4483
4618
4502
4217
4564
4825
4615
4957
4531
4615
4846
4447
4671
4180
4294
4202
4528
4354
4401
4245
4296
4465
4299
4367
4378
4502
4415
4484
4866
4226
4533
4575
4532
4285
4421
4484
4634
4396
4856
4289
4543
4272
4389
4511
4289
4284
4309
4900
4968
4367
4189
4347
4442
4135
4354
4272
4336
4569
4364
4411
4326
4334
4336
4219
4374
4827
4410
4461
4873
4273
4384
4154
4337
4305
4603
4628
4502
4124
4257
4527
4231
4286
4213
4244
4257
4496
4551
4369
4754
4484
4269
4346
7536
4560
4351
4221
4513
4372
4427
4193
4286
4374
4187
4422
4489
4394
4432
4616
4763
7507
4335
4305
4378
4338
4448
4461
4747
4425
4408
4700
4996
4239
4334
4253
4454
4444
4392
4627
4283
4392
4463
4344
4277
4337
4387
4429
4439
4258
4285
4955
4338
4256
4372
4341
4635
4533
4413
4703
4517
4272
4446
4520
4473
4289
4212
4618
4193
4215
4474
4313
4378
4479
4238
4376
4778
4425
7675
4389
4288
4634
4449
4537
4600
4315
4329
4310
4464
4135
4502
4742
4303
4466
4354
4315
4310
4595
4481
4226
4727
4339
4264
4299
4377
4321
4480
4549
4348
4396
4537
4703
4237
4223
4511
4529
4344
4472
7239
4877
4288
4467
4682
4493
4424
4315
4431
4422
4049
4295
4224
4479
4193
4770
4740
4421
4432
4673
4737
4342
7717
4453
4347
4190
4355
4437
4792
4426
4602
4409
4389
4276
4658
4381
4285
4424
4586
4382
4379
4519
4380
4559
4577
4413
4364
4242
4415
4448
4329
4541
4525
4262
4553
4354
4239
4502
4707
4459
4418
4563
4717
4508
4267
4429
4622
4496
4571
4809
4779
4736
4218
4716
4709
4698
4305
4317
4385
4244
4334
4432
4656
4707
4237
7363
4472
