8.61244
8.56271
8.32179
8.83934
8.48407
8.24868
8.81889
8.88577
8.34555
8.53937
8.59078
8.55611
8.59567
8.97463
8.33626
8.93249
8.56734
8.67612
8.39251
8.60051
8.82731
8.81243
8.78464
8.80678
8.58267
8.00081
8.55413
8.79616
8.82477
8.61362
8.33885
7.95111
8.81111
8.93148
8.60536
7.5911
8.24658
8.14672
8.51226
8.47463
8.23204
8.24202
8.5755
7.56098
8.60639
8.60185
8.45423
8.58535
8.66317
8.60987
8.55902
8.49458
8.80558
8.83793
8.91664
8.56755
8.93973
7.93501
7.94099
8.33749
8.19916
8.92213
8.51994
8.53453
7.97421
8.83552
8.82175
8.57078
8.47838
7.69325
8.56014
8.78682
8.81074
8.45062
8.41106
8.17637
8.78833
8.25162
8.76467
8.80813
8.81763
8.61638
8.60514
8.45847
9.01569
7.94991
8.94772
8.67635
8.31284
8.57738
8.55875
8.59952
8.91263
8.81646
8.57711
8.81873
8.82546
7.97414
8.73017
8.69549
8.59062
8.80653
8.49855
8.48548
8.83769
8.56336
8.34786
8.00315
8.42274
8.31752
8.06795
8.48847
8.90414
8.53112
8.19755
8.22889
8.21514
8.81919
8.22125
8.80873
8.93158
8.57774
7.91987
8.81959
8.91303
8.82318
8.58486
8.52822
8.59544
8.58589
8.61112
8.72966
8.5899
8.80654
8.37395
8.60334
8.16381
8.48778
7.81292
8.80236
8.81494
8.44663
8.83705
8.58795
8.56572
8.82202
8.23486
8.30813
8.81221
8.81017
8.58584
8.84237
8.84009
7.76072
8.79705
8.31481
8.60515
8.22198
8.79227
8.5936
8.55773
8.5876
7.63686
8.53927
8.59042
8.79839
8.80305
8.9101
8.64947
8.80453
8.44976
8.80817
8.31048
8.31205
8.58434
8.56748
8.26706
7.94991
8.59894
7.93152
8.79553
8.91126
8.42562
7.9992
8.77504
8.59957
8.46044
8.91768
8.52052
7.93376
8.56931
8.57849
9.0007
8.56732
8.5185
8.95003
7.52208
8.19266
8.56662
8.46528
8.76757
8.4307
9.04053
8.59513
8.29514
8.84879
8.2126
8.65529
8.8475
8.91339
8.84556
8.82568
8.90937
8.87497
8.26115
8.23373
8.80839
8.56249
8.58991
8.53285
8.22661
8.776
8.19258
8.1566
8.79936
8.46868
8.80454
8.91884
8.5102
8.81894
8.58688
8.93916
8.35278
7.967
8.47972
8.81514
8.81272
8.50688
8.91177
8.92126
8.58276
8.51597
8.91151
8.60103
8.82501
8.58652
8.43643
8.60903
8.31024
8.92055
8.80246
8.49837
9.01033
9.02971
8.93366
8.60468
8.89913
8.88708
8.32734
8.65177
8.61378
8.70501
8.3628
9.0217
8.81861
8.5991
8.78519
8.29105
8.57031
8.90177
8.82205
8.60561
8.95704
9.02054
8.82274
8.80477
7.88292
8.29917
8.83736
8.57896
8.59442
8.24309
8.83232
8.36999
8.21792
8.66875
8.52389
8.65997
9.11141
8.92408
8.70066
8.6957
8.57192
8.35489
8.29173
8.82741
9.14703
7.92988
8.59749
