20000
20000
20000
20000
20000
20000
20000
20000
20000
20000
20000
20000
20000
20000
20000
20000
20000
20000
20000
20000
20000
20000
20000
20000
20000
20000
20000
20000
20000
20000
5.79154
5.82417
5.82417
6.03081
6.03081
6.03081
6.03081
6.24938
6.24938
6.24938
6.24938
6.24938
6.24938
6.24938
6.62278
6.62278
6.6298
6.6298
7.00894
7.00894
7.00894
7.00894
7.00894
7.02007
7.02007
7.02007
7.02007
7.02007
7.02007
7.02007
7.02007
7.02007
7.02007
7.02007
7.02007
7.02007
7.02007
7.02007
7.02007
7.02007
7.02007
7.02007
7.02007
7.02445
7.02445
7.02445
7.02445
7.02445
7.02445
7.02445
7.02445
7.02445
7.02445
7.02445
7.02445
7.02445
7.02445
7.02445
7.02445
7.02445
7.02445
7.02445
7.02445
7.02445
7.02445
7.02445
7.02445
7.02445
7.02445
7.02445
7.02445
7.02445
7.02445
7.02445
7.02445
7.02445
7.02445
7.02445
7.02445
7.02445
7.02445
7.02445
7.02445
7.02445
7.02445
7.02445
7.02445
7.02445
7.02445
7.02445
7.02445
7.02445
7.02445
7.02445
7.02445
7.02445
7.02445
7.02445
7.02445
7.02445
7.02445
7.02445
7.02445
7.02445
7.02445
7.02445
7.02445
7.02445
7.02445
7.02445
7.02445
7.02445
7.02445
7.02445
7.02445
7.02445
7.02445
7.02445
7.02445
7.02445
7.02445
7.02445
7.02445
7.02445
7.02445
7.02445
7.02445
7.02445
7.02445
7.02445
7.02445
7.02445
7.02445
7.02445
7.02445
7.02445
7.02445
7.02445
7.02445
7.02445
7.02445
7.02445
7.02445
7.02445
7.02445
7.02445
7.02445
7.02445
7.02445
7.02445
7.02445
7.02445
7.02445
7.02445
7.02445
7.02445
7.02445
7.02445
7.02445
7.02445
7.02445
7.02445
7.02445
7.02445
7.02445
7.02445
7.02445
7.02445
7.02445
7.02445
7.02445
7.02445
7.02445
7.02445
7.02445
7.02445
7.02445
7.02445
7.02445
7.02445
7.02445
7.02445
7.02445
7.02445
7.02445
7.02445
7.02445
7.02445
7.02445
7.02445
7.02445
7.02445
7.02445
7.02445
7.02445
7.02445
7.02445
7.02445
7.02445
7.02445
7.02445
7.02445
7.02445
7.02445
7.02445
7.02445
7.02445
7.02445
7.02445
7.39215
7.39215
7.39215
7.39215
7.39215
7.39215
7.39215
7.39215
7.39215
7.39215
7.39215
7.39215
7.39215
7.39215
7.39215
7.39215
7.39215
7.39215
7.39215
7.39215
7.39215
7.39215
7.39215
7.39215
7.39215
7.39215
7.39215
7.39215
7.39215
7.39215
7.39215
7.39215
7.39215
7.39215
7.39215
7.39215
7.39215
7.39215
7.39215
7.39215
7.39215
7.39215
7.39215
7.39215
7.39215
7.39215
7.39215
7.39215
7.39215
7.39215
7.39215
7.39215
7.39215
7.39215
7.39215
7.39215
7.39215
