20000
20000
20000
20000
20000
20000
20000
20000
20000
20000
20000
20000
20000
20000
20000
20000
20000
20000
20000
20000
20000
20000
20000
20000
20000
20000
20000
20000
20000
20000
8.78749
8.96249
8.96249
8.96249
8.96249
8.96249
9.27498
9.27498
9.27498
9.27498
9.27498
9.27498
9.27498
9.27498
9.48749
9.48749
9.48749
9.48749
9.48749
9.48749
9.48749
9.48749
9.48749
9.48749
9.48749
9.48749
9.48749
9.48749
9.48749
9.48749
9.48749
9.48749
9.48749
9.48749
9.48749
9.48749
9.48749
9.48749
9.48749
9.48749
9.48749
9.48749
9.48749
9.48749
9.48749
9.48749
9.48749
9.48749
9.48749
9.48749
9.48749
9.48749
9.48749
9.48749
9.48749
9.48749
9.48749
9.48749
9.48749
9.48749
9.48749
9.48749
10.3109
10.3109
10.3109
10.3109
10.3109
10.3109
10.3109
10.3109
10.3109
10.3109
10.3109
10.3109
10.3109
10.3109
10.3109
10.3109
10.3109
10.3109
10.3109
10.3109
10.3109
10.3109
10.3109
10.3109
10.3109
10.3109
10.3109
10.3109
10.3109
10.3109
10.3109
10.3109
10.3109
10.3109
10.3109
10.3109
10.3109
10.3109
10.3109
10.3109
10.3109
10.3109
10.3109
10.3109
10.3109
10.3109
10.3109
10.3109
10.3109
10.3109
10.3109
10.3109
10.3109
10.3109
10.3109
10.3109
10.3109
10.3109
10.3109
10.3109
10.3109
10.3109
10.3109
10.3109
10.3109
10.3109
10.3109
10.3109
10.3109
10.3109
10.3109
10.3109
10.3109
10.3109
10.3109
10.3109
10.3109
10.3109
10.3109
10.3109
10.3109
10.3109
10.3109
10.3109
10.3109
10.3109
10.3109
10.3109
10.3109
10.3109
10.3109
10.3109
10.3109
10.3109
10.3109
10.3109
10.3109
10.3109
10.3109
10.3109
10.3109
10.3109
10.3109
10.3109
10.3109
10.3109
10.3109
10.3109
10.3109
10.3109
10.3109
10.3109
10.3109
10.3109
10.3109
10.3109
10.3109
10.3109
10.3109
10.3109
10.3109
10.3109
10.3109
10.3109
10.3109
10.3109
10.3109
10.3109
10.3109
10.3109
10.3109
10.3109
10.3109
10.3109
10.3109
10.3109
10.3109
10.3109
10.3109
10.3109
10.3109
10.3109
10.3109
10.3109
10.3109
10.3109
10.3109
10.3109
10.3109
10.3109
10.3109
10.3109
10.3109
10.3109
10.3109
10.3109
10.3109
10.3109
10.3109
10.3109
10.3109
10.3109
10.3109
10.3109
10.3109
10.3109
10.3109
10.3109
10.3109
10.3109
10.3109
10.3109
10.3109
10.3109
10.3109
10.3109
10.3109
10.3109
10.3109
10.3109
10.3109
10.3109
10.3109
10.3109
10.3109
10.3109
10.3109
10.3109
10.3109
10.3109
10.3109
10.9609
10.9609
10.9609
10.9609
10.9609
10.9609
10.9609
10.9609
10.9609
10.9609
10.9609
10.9609
10.9609
