20000
20000
20000
20000
20000
20000
20000
20000
20000
20000
20000
20000
20000
20000
20000
20000
20000
20000
20000
20000
20000
20000
20000
20000
20000
20000
20000
20000
20000
20000
12.1252
12.7507
12.7507
12.7701
12.7701
12.7701
12.7701
12.7701
12.7701
12.7701
12.7701
12.7701
12.7701
12.7758
12.847
12.847
12.8681
12.8828
12.8828
12.8828
12.8828
12.8828
12.8828
12.8828
12.8828
12.8828
12.8828
12.8828
12.8828
12.8828
12.8828
12.8828
12.8828
12.8828
12.8828
12.8828
12.8828
12.8828
13.2494
13.2494
13.2604
13.2604
13.2604
13.2604
13.2604
13.2604
13.2604
13.2604
13.2604
13.2604
13.2604
13.2604
13.2604
13.2604
13.2604
13.2604
13.2604
13.2604
13.2604
13.2604
13.2604
13.2604
13.2604
13.2604
13.2604
13.2604
13.2604
13.2604
13.2913
13.2913
13.2913
13.2913
13.2913
13.2913
13.2913
13.2913
13.2913
13.2913
13.2913
13.2913
13.2913
13.2913
13.2913
13.2913
13.2913
13.2913
13.2913
13.2913
13.2913
13.2913
13.2913
13.2913
13.2913
13.2913
13.2913
13.2913
13.2913
13.2913
13.2913
13.2913
13.2913
13.2913
13.2913
13.2913
13.2913
13.2913
13.2913
13.2913
13.2913
13.2913
13.2913
13.2913
13.2913
13.2913
13.2913
13.2913
13.2913
13.2913
13.2913
13.2913
13.2913
13.2913
13.2913
13.2913
13.2913
13.2913
13.2913
13.2913
13.2913
13.2913
13.2913
13.2913
13.2913
13.2913
13.2913
13.2913
13.2913
13.2913
13.2913
13.2913
13.2913
13.2913
13.2913
13.2913
13.2913
13.2913
13.2913
13.2913
13.2913
13.2913
13.2913
13.2913
13.2913
13.2913
13.2913
13.2913
13.2913
13.2913
13.2913
13.2913
13.2913
13.2913
13.2913
13.2913
13.2913
13.2913
13.2913
13.2913
13.2913
13.2913
13.2913
13.2913
13.2913
13.2913
13.2913
13.2913
13.2913
13.2913
13.2913
13.2913
13.2913
13.2913
13.2913
13.2913
13.2913
13.2913
13.2913
13.2913
13.2913
13.2913
13.2913
13.2913
13.2913
13.2913
13.3119
13.3119
13.3119
13.3119
13.3119
13.3119
13.3119
13.3119
13.3119
13.3119
13.3119
13.3119
13.3119
13.3119
13.3119
13.3119
13.3119
13.3119
13.3119
13.3119
13.3119
13.3119
13.3119
13.3119
13.3119
13.3119
13.3119
13.3119
13.3119
13.3119
13.3119
13.3119
13.3119
13.3119
13.3119
13.3119
13.3119
13.3119
13.3119
13.3119
13.3119
13.3119
13.3119
13.3119
13.3119
13.3119
13.3119
13.3119
13.3119
13.3119
13.3119
13.3119
13.3119
13.3119
13.3119
13.3119
13.3119
13.3119
13.3119
13.3119
13.3119
13.3119
13.3119
13.3119
13.3119
13.3119
13.3119
13.3119
13.3119
13.3119
13.3119
13.3119
