0
0
0
0
0
0
0
0
0
0
0
0
0
0
0
0
0
0
0
0
0
0
0
0
0
0
0
0
0
0
1799
1478
1494
1523
0
1546
1587
1566
1539
1485
1510
1445
1566
1557
1930
1467
1666
1580
1544
1520
1546
1535
1468
1591
3054
1592
1545
1548
1512
1472
1505
1628
1537
1557
1495
1608
1605
1611
3313
1554
1574
1559
1520
1549
1629
1553
1534
1683
1559
1577
1540
1527
1579
1524
1510
1586
1582
1551
1600
1575
1589
1493
1856
1561
3083
1543
1878
1482
1933
1593
1511
1782
1542
1587
1442
1865
1561
1489
2990
1526
1796
3025
1559
1528
1670
1570
1537
1482
1442
1465
1812
1542
3051
1581
1541
1473
1484
1469
1415
1871
1542
1560
3155
1486
1514
1547
1532
1617
1604
3106
3215
1431
1717
1600
1651
1523
1588
1558
1556
1548
1581
1478
1581
1524
1533
1618
1500
1568
1703
1535
1588
1916
1608
1723
1628
1603
1576
1679
1508
1584
1566
1666
1563
1570
1692
1586
3274
1582
1598
1612
1679
1574
1618
1621
1692
1701
1517
1764
1681
1583
3261
1708
1538
1669
1599
3336
1642
1967
1615
1680
1490
3156
3156
1619
3226
1658
1636
1906
1958
1620
1944
1886
1582
1595
1649
1534
1506
1688
3236
1533
1519
1544
1653
1535
2028
1467
1499
1514
1930
1569
1488
1642
1477
3029
1535
1913
1590
1600
1681
1551
1451
1544
1620
1566
1692
1628
1487
1476
1514
1577
1552
1660
1591
1594
1928
1592
1610
1851
1623
1458
1598
1862
1486
3260
1605
1642
1630
1556
1591
1582
1607
1560
1567
1584
1543
1668
1623
1601
1557
1589
1622
1514
1634
1940
3128
1587
1623
1551
3146
1532
1612
1594
1568
1547
1584
1652
