94.4817
93.7712
112.173
93.9372
90
106.029
94.0942
98.061
109.152
90
106.725
93.6391
96.5624
95.405
93.849
90
96.5478
90
94.8032
94.2937
95.1063
93.771
94.654
90
116.744
93.8088
101.983
94.797
90
95.9431
94.3734
108.72
100.648
90
93.8085
90
90
96.299
94.7637
102.504
102.622
93.7844
94.2724
94.1113
102.554
94.9284
90
108.617
95.0102
90
90
95.3922
90
98.8937
96.7563
102.677
90
94.6726
90
109.572
90
90
90
95.6412
95.4516
90
96.0362
96.8058
94.2175
90
94.5318
93.7553
99.9992
98.7048
90
90
93.7481
110.215
95.0199
94.2366
93.7088
90
90
106.279
93.8073
90
90
94.9767
90
90
108.508
93.74
94.3443
90
95.2606
94.3613
90
95.8286
90
100.11
94.7359
90
90
90
90
94.3218
95.0097
99.1731
90
90
95.6863
90
94.9486
94.0504
93.7538
90
90
90
90
90
103.94
90
90
90
94.9743
95.3643
90
95.2224
90
93.7184
95.3845
94.0565
95.0547
93.9956
94.7127
94.9808
98.3719
90
90
90
90
90
90
95.6942
90
90
94.1174
94.973
90
90
95.1171
90
90
115.107
90
93.6986
90
90
90
94.2868
90
94.9737
90
90
90
90
90
103.499
90
94.8123
90
96.1363
94.145
96.5618
95.8482
117.014
94.8346
90
90
95.3833
94.0119
90
90
90
90
90
90
94.4429
90
90
90
90
90
100.57
93.947
96.0718
90
94.355
90
90
90
90
110.069
90
90
90
97.2044
96.8418
94.6354
90
90
95.9189
94.951
90
90
95.5356
108.123
93.5289
90
110.052
102.871
90
93.9438
94.2155
94.1488
90
90
90
90
100.518
90
90
94.6598
90
94.428
96.6458
90
90
95.6236
93.9774
98.127
94.1275
110.219
94.9447
90
115.15
90
96.933
94.5285
90
100.846
96.6849
107.525
90
90
90
107.463
94.301
94.0232
90
112.131
90
90
90
97.9038
90
94.2164
90
90
94.3859
104.368
90
90
94.0981
90
90
90
90
90
90
90
90
93.8949
90
94.319
90
90
90
90
90
90
90
97.3356
90
90
90
94.2246
90
90
96.2215
