7.1617
7.71691
2.12233
7.70518
7.77483
3.99179
7.07843
6.49837
2.56585
7.48725
3.30584
7.20022
7.08596
7.31491
7.35133
7.84514
6.96223
7.76614
7.31808
7.32015
7.21255
7.59772
7.34309
7.85697
0.905229
7.31205
5.25169
7.3151
7.57569
7.03297
7.8555
3.01574
5.21134
7.25734
7.35572
7.84433
7.60656
6.33552
7.31698
4.7963
5.21389
7.61231
7.57485
7.58493
5.06052
7.52263
7.63638
2.87044
7.33262
7.74891
7.78748
7.59937
7.49936
6.18357
7.19669
4.56838
7.48623
7.64507
7.50223
3.14981
8.12969
7.50608
7.33209
6.77532
7.57547
7.48795
6.91699
7.19506
6.92664
7.76124
7.60975
7.78128
5.53434
6.35019
7.49485
7.79674
7.06885
2.39795
7.31079
7.3151
7.35186
7.84433
7.56525
3.29945
7.30203
7.53698
7.49573
7.11477
7.58945
8.13102
2.70381
6.91983
7.2025
7.77884
7.61367
7.19461
7.31894
7.01909
7.84698
5.86435
7.05438
7.72531
7.78263
7.58708
7.65381
7.48553
7.16853
6.36336
8.13228
7.46994
7.32654
7.24292
7.56745
7.50414
7.49371
7.50445
7.35034
7.58827
7.48835
7.47784
4.12188
7.58798
7.56734
7.49788
7.59168
7.31279
8.14171
7.18456
7.3094
7.57274
7.19561
7.59711
7.31111
7.94565
6.75146
7.31515
6.33466
7.71932
7.77992
7.70755
7.44833
7.79293
7.59015
7.353
8.13798
7.61085
7.57995
7.31293
7.60139
7.26881
7.30456
7.58068
7.56756
0.760368
7.2031
7.20386
7.78211
7.84644
7.36443
7.05267
7.59506
7.18995
7.57041
7.58642
7.4927
7.57112
8.13572
4.52025
7.56513
7.21305
7.60106
7.5139
7.5059
6.59895
7.05516
0.461974
7.20327
7.26534
7.7262
6.74144
7.15802
7.64192
7.5035
8.1338
7.58576
7.57056
7.58038
7.61762
7.30889
7.59083
7.50159
7.29871
7.47466
5.39901
7.57105
6.68739
7.72537
7.07595
8.12877
7.85668
8.13904
7.64397
3.11446
8.1285
7.56796
7.56969
7.05733
6.74474
7.58167
7.781
7.84327
6.4531
7.19277
7.50085
7.48858
7.15146
3.01555
6.95859
7.56639
2.51314
4.52572
7.58854
7.59588
7.50203
7.57782
7.48121
7.3017
7.61351
7.58692
4.96336
7.45124
7.57565
7.21314
7.5935
7.1513
7.21033
7.47441
8.14069
6.93056
7.3148
6.77212
7.3037
2.54489
7.2872
7.35906
0.697318
7.57499
5.8748
7.35855
8.12735
5.47652
6.78976
3.10027
7.65325
7.46207
7.35458
3.23106
7.58654
7.15048
7.57819
1.69768
7.44831
7.50671
7.19315
6.01201
7.83508
7.43706
8.13572
7.2054
6.88995
4.08523
7.57168
7.77311
7.21848
7.35398
7.94083
7.51048
7.78914
7.84459
7.84553
7.58382
7.49134
7.31825
7.49707
7.04197
7.83303
7.27581
8.12908
7.74417
8.13073
7.8455
7.83909
6.68481
7.84543
7.58998
7.56929
7.64054
7.59412
7.58934
7.29639
