9.81835
9.76437
9.96246
9.89702
9.85938
9.8078
9.84564
9.82176
9.84725
9.88209
9.67105
10.0104
9.64164
9.684
10
9.61326
9.85821
10.0663
10.0244
10.191
10.1058
9.8771
10.1
9.89274
9.89403
10.0296
9.91492
9.8738
9.96625
10.1376
9.75934
10.0537
9.72888
9.74203
9.95452
9.68429
9.90335
10.0377
9.92994
9.51878
9.83279
9.89914
10.0217
9.94289
9.70533
9.92266
10.0364
9.58763
9.67241
10.0075
9.93289
9.86736
9.8855
9.87088
10
9.86701
10.004
10.183
9.9359
9.74315
9.52605
9.9456
10.1001
10
10.0523
9.87412
9.73199
9.97612
9.88455
10.0339
10.191
9.72629
9.83924
9.60228
9.85209
10.1348
9.90601
9.54593
9.85196
9.80134
10.0454
9.9471
9.85616
9.67731
9.99545
9.76176
10.0813
10.0554
9.78167
10.0371
9.65559
10.0762
9.73895
9.81463
9.91607
10.0425
10.0557
9.73831
9.77377
9.75931
9.90939
9.78273
9.83893
9.90219
9.98474
9.95379
9.90903
10.1126
9.8287
10.0906
9.88168
10.1325
10.1961
9.96577
9.79805
9.7904
9.69618
9.71804
9.90605
9.88207
9.57612
9.74118
9.99658
9.89099
9.80681
9.86736
9.94374
9.99697
9.87831
9.71155
9.97972
9.87303
9.7479
9.76734
9.96743
9.80217
9.76191
9.68354
9.97841
9.80956
9.75122
9.72168
9.85786
9.7492
9.86355
9.834
9.57129
10.0489
9.7523
9.8855
9.81969
9.7479
9.72913
9.78698
10.033
9.88442
10.0358
9.90624
9.80589
9.77271
9.89206
9.96698
10.0306
9.77048
9.74512
10.033
9.86949
9.79045
10.0654
9.77351
9.96734
9.84842
10.1421
9.9511
10.0296
9.58706
9.77823
10.0647
9.92194
9.81727
9.86943
9.90157
9.8795
9.78592
9.77582
9.64437
9.87816
10.0057
9.77974
9.84916
9.90939
9.73994
10.1349
9.81097
9.51127
9.72862
9.90493
9.84895
9.69545
9.89585
9.97431
9.8855
9.78789
9.83996
9.76933
9.77387
9.66484
9.92706
9.84192
9.88953
9.58101
9.7797
9.67851
10.0587
9.74919
9.67401
9.85425
9.81465
9.7479
9.75562
9.77146
9.57841
9.86753
9.89365
9.75819
10.0425
9.91976
9.71455
10.0493
9.76101
9.61526
9.68838
9.84519
9.71133
9.74909
9.8264
9.87329
9.9368
9.64392
10.0022
9.85883
9.98151
9.72409
9.93604
9.97653
9.68653
9.84514
9.64636
9.75154
9.95682
9.64833
9.78358
9.96418
10.1158
9.84129
10.0181
9.92538
9.64104
9.60034
9.80916
9.54431
9.74122
9.9528
9.73592
9.65973
9.51279
9.68648
9.82198
9.69043
9.6937
9.78788
9.79339
9.77024
9.8799
9.82625
9.85156
9.82457
9.61501
9.80268
9.83209
9.94022
9.76447
9.89767
9.85248
9.85645
9.66128
9.78822
9.60649
9.89347
9.79024
9.79599
9.67473
9.94925
9.82977
9.82956
9.79719
9.81894
9.94571
9.91578
9.96625
