7.92718
7.64534
8.04552
7.37603
8.17358
8.12661
8.23159
7.62415
7.99692
8.15063
8.25904
8.2158
8.23377
8.07713
8.15109
7.30099
7.72935
8.10913
8.00945
8.21353
8.13875
8.11103
8.14047
7.39781
8.14665
8.102
8.15388
8.22458
7.66987
8.05795
7.50477
8.20018
8.09607
7.27978
8.17291
7.33318
8.0934
8.06161
8.01504
8.09786
7.81251
7.95779
7.6263
7.52557
8.0918
6.93578
8.11872
8.2518
7.9004
8.17615
8.14677
7.9933
8.05747
7.93511
8.10393
8.28334
8.10669
8.15552
8.08728
8.13723
7.39196
8.23998
8.03148
8.13968
7.57634
8.15425
8.20949
8.05876
8.11528
7.72754
8.21317
8.09072
8.14017
8.13528
8.13406
8.21197
8.11831
7.96078
8.02407
8.15906
8.13254
7.32439
7.67772
8.25531
8.08729
7.22559
8.20084
7.58938
7.78652
7.55834
8.08729
8.13528
8.14047
8.14073
8.08532
8.14566
8.06923
8.07
7.38269
8.00601
8.10253
7.89149
8.12699
7.88014
8.23852
8.14206
8.04707
8.12812
7.3578
7.97899
8.09608
7.59305
7.48494
8.11799
8.12925
8.14057
8.17167
7.85453
8.08863
8.03439
8.07152
7.82041
7.74662
8.18891
7.76646
8.12053
7.79617
8.08156
8.12409
7.71514
8.06804
7.83792
7.96075
8.20064
8.23348
8.08325
7.97109
7.586
8.14312
7.5945
7.98802
8.20125
7.80481
8.15899
7.52114
7.73725
7.48319
7.69913
7.68051
7.62911
7.79132
7.75312
7.56768
7.98208
8.15193
8.13882
8.15568
7.66979
8.19425
8.07541
7.76324
7.97899
7.6519
7.89114
8.15661
7.67527
7.65934
8.05383
7.55801
8.12881
7.75078
6.91707
8.20915
7.98518
8.07047
8.10628
8.08034
7.72735
7.87137
8.03551
7.8328
8.14665
8.0927
7.29524
7.97109
7.86829
7.77651
7.95531
7.98208
8.0256
8.07097
8.07064
7.98518
8.15751
7.32415
7.98751
7.60448
8.16541
7.61615
7.50334
7.64079
8.12699
7.85496
7.31031
7.65251
7.78844
8.14654
8.11619
7.74366
8.11667
7.33146
8.05932
8.01181
8.13418
8.15899
8.03861
8.28699
8.23567
7.70018
8.04597
7.96655
7.94589
8.12366
8.20835
7.77822
8.03879
7.95838
8.08822
7.81385
8.12549
8.11103
7.78467
8.14311
7.80988
8.02083
8.19255
7.9744
7.56316
8.2763
8.08924
8.12053
7.88155
8.03166
7.96636
8.14327
8.18717
7.70053
8.12053
8.20987
7.36434
7.99723
8.16849
8.16444
8.22304
8.07829
8.17837
8.24254
7.56734
7.92916
7.8618
8.0719
7.96636
8.0681
8.0386
8.08729
7.24333
7.76927
7.83685
8.20834
8.0716
7.97795
7.9543
8.12932
8.18234
8.17159
8.2222
8.22976
8.12643
7.41671
7.36034
7.98891
8.23434
7.88591
8.08224
8.07939
7.16063
7.74911
7.39172
7.81131
7.38968
7.41988
7.24081
7.69709
7.33897
7.87252
7.67026
8.17246
7.77998
7.77534
7.73623
