2714
2713
2666
2664
2696
2706
2809
2706
2622
2774
2634
2898
2805
2861
4597
2655
2763
2881
2832
4861
2908
2897
2803
2727
2719
2818
2733
2867
2777
2779
2712
2641
2697
2652
2826
2675
2811
2672
2796
2632
2718
2816
4564
2795
2697
2662
2765
2696
2851
2747
2878
4715
2755
2693
2748
2634
2800
4618
2754
2785
2644
2814
2791
2761
2829
2644
2782
2739
2777
2793
2819
2754
2671
2732
2788
2778
2627
2662
2876
2819
2856
2583
2763
2609
2734
2672
2820
2624
2721
2708
2683
2791
2727
2823
4792
2749
2765
2649
2492
2742
2793
2808
2821
2835
2881
2783
2793
2747
2661
2765
2836
2874
2860
2845
2843
2751
2600
2818
2785
2868
2630
2840
2829
2772
2833
2903
2819
2827
2851
2822
2827
2798
2829
2827
2870
2814
2772
2720
2803
2741
2866
2710
2834
2748
2763
2831
2690
2862
2704
2653
2824
2863
2681
2591
2810
2819
2872
2776
2750
2711
2759
2819
2878
2758
2851
2724
2763
2764
2583
2808
2852
2639
2800
2833
2752
2751
2811
2760
2899
2803
2803
2851
2854
2635
2656
2680
2761
2855
2760
2851
2811
2749
2925
2684
2630
2778
2765
2778
2784
2751
2794
2865
2605
2551
2705
2777
2808
4567
2794
2853
2607
2772
2894
2816
2802
2765
2609
2895
2730
2650
2694
2722
2688
2911
2763
2761
2827
2673
2855
2646
2720
2739
2822
2700
2701
2616
2886
2631
2824
2746
2879
2747
2724
2679
2796
2660
2770
2618
2842
2649
2713
2749
2638
2746
2692
2686
2699
2709
2660
2653
2545
2829
2843
2623
2652
2671
2807
2778
2643
2669
2665
2819
2696
2779
2835
2901
2794
2768
2618
2571
2849
2782
2773
2822
2604
2661
2797
2632
2890
2655
2556
2624
2764
2673
2814
2838
4873
2759
2807
2911
