8.40437
8.72479
8.68026
8.7205
8.58061
8.66135
8.25684
8.65795
8.12033
8.39485
8.26949
8.24527
8.98037
8.84335
8.44813
8.12709
8.73658
8.39464
8.66413
8.5535
8.66709
8.66693
8.66848
8.26985
9.11572
8.39082
8.713
8.6955
8.40347
8.71063
9.00341
8.57349
8.25554
7.89577
8.44384
8.6614
8.58063
8.11525
8.65282
8.3881
8.71273
8.66507
8.71431
8.66678
8.6642
8.71877
8.44908
8.43001
8.71785
8.11194
8.25338
9.10836
8.39618
8.667
9.11683
8.29484
8.39618
8.97823
8.3901
8.93584
8.1116
7.89919
8.12439
8.38335
9.02159
8.25924
8.65319
9.11861
8.12352
8.65307
8.91171
8.84337
8.40477
8.84133
8.11516
8.6522
8.13252
8.26075
8.72042
8.5239
8.40618
8.25952
8.4651
8.12084
8.37841
7.98393
8.2567
8.43653
8.11817
8.1136
8.11812
7.9834
8.43934
8.43339
9.10256
8.43708
7.98363
8.66669
8.25535
8.71943
8.39691
8.12916
8.11499
8.53112
8.2465
8.71618
8.57934
8.98848
8.43924
7.97465
8.93883
8.11618
8.86363
8.65384
8.56043
8.45849
8.18673
8.5281
8.15427
8.44451
8.12887
7.98338
8.25793
8.12016
8.94361
8.8378
8.44792
8.66189
8.26644
8.57555
8.7165
8.70882
8.71937
9.09127
8.10897
8.72406
8.68082
8.43182
7.98102
8.57935
8.43897
8.12396
8.39244
8.98007
8.30012
8.12918
8.65733
8.65279
8.27155
8.26162
8.69995
8.11605
8.2598
8.24074
7.97951
8.2561
8.70661
8.71933
8.31791
8.26332
8.2501
8.57872
8.53652
8.30919
8.38506
8.12481
8.12252
8.38693
8.53805
8.58176
8.12634
9.0012
8.69574
8.43598
8.70841
8.72779
8.57016
8.17672
8.70214
8.25588
8.25674
8.39721
8.33594
8.45318
8.4408
8.2603
8.26674
8.85387
8.2549
8.57598
8.39114
8.12475
8.11237
8.44357
8.58175
8.38667
8.45064
8.31965
8.43865
8.12175
8.43208
8.54015
8.85379
7.97878
7.97963
8.12163
9.11689
8.69235
8.83738
8.25239
8.31928
8.12418
8.58084
8.42248
8.11829
8.7096
8.44002
7.97437
8.25179
8.38674
8.1664
8.29871
8.71598
8.71208
8.70623
8.40771
8.26777
8.12485
8.10913
7.98069
8.38675
8.38386
8.5406
7.96526
8.39352
9.11942
8.25797
8.84005
8.56045
8.43971
9.09139
8.44122
8.46107
8.66565
8.25569
8.3852
8.12389
7.84969
8.65902
8.57094
8.54095
8.70456
8.25658
8.57602
8.12476
7.98275
8.41712
8.72478
8.26586
8.57476
8.26328
8.43834
8.31226
8.12009
8.25752
8.39454
8.58262
8.11514
8.1117
8.1281
8.1726
8.56639
7.98675
8.39098
8.25304
8.39293
8.38335
8.43577
8.42653
8.17266
7.82501
8.42176
8.39205
8.46151
8.26233
8.17598
8.24771
8.12863
8.25192
8.55585
8.38841
8.40589
8.66658
8.25614
8.12519
8.5362
8.84788
8.25703
8.11775
8.98312
