102.363
102.441
104.406
101.555
101.176
101.917
102.725
103.974
101.665
101.479
102.641
103.568
102.403
103.169
103.779
103.223
101.329
103.87
102.855
102.103
101.965
102.19
102.335
103.506
101.295
103.677
103.489
103.618
102.049
103.395
104.152
104.532
102.538
102.557
103.783
101.751
102.654
102.732
102.856
104.478
101.937
104.547
103.243
101.413
101.99
102.019
103.98
101.819
102.105
103.331
105.279
102.631
103.467
104.072
102.5
105.165
102.005
100.433
103.873
105.186
102.018
104.202
100.809
102.357
101.208
103.274
102.91
100.391
102.93
103.031
102.629
102.958
101.344
104.588
104.718
104.219
104.437
99.9492
104.708
103.848
105.723
103.301
103.903
102.906
102.695
101.224
102.854
105.347
103.932
102.181
102.713
102.325
104.708
102.161
102.092
100.138
100.904
104.693
102.994
105.004
101.191
104.935
102.158
102.792
102.542
103.702
102.627
102.648
102.784
105.321
102.94
100.278
104.986
102.922
103.639
103.225
104.081
103.258
104.522
103.026
103.342
102.64
104.429
104.088
105.018
102.265
102.509
103.742
104.595
103.448
100.769
102.707
100.48
102.678
100.438
103.594
100.934
103.1
103.921
104.99
104.397
104.297
101.568
102.997
103.199
101.454
101.933
104.471
103.708
102.873
104.642
102.174
103.488
106.165
102.366
103.369
103.043
101.582
103.392
103.111
105.048
103.87
103.383
103.527
100.498
101.565
100.702
102.532
102.278
103.857
105.502
103.582
103.455
103.362
102.887
100.003
103.043
100.676
102.623
104.499
102.014
100.466
104.127
103.076
102.904
104.034
103.021
104.747
101.097
104.45
103.735
104.603
103.707
106.916
103.042
105.325
100.485
105.178
102.843
102.988
104.169
103.811
104.998
101.14
102.722
104.204
103.072
102.742
101.464
101.658
103.834
104.316
103.348
102.565
103.476
103.88
101.419
103.484
102.702
107.129
103.199
102.468
103.618
102.635
101.982
103.221
106.265
105.4
103.894
103.504
102.791
102.93
100.586
100.427
100.97
104.928
103.421
107.203
102.937
100.258
103.539
101.896
104.129
107.138
107.4
104.993
104.038
103.909
99.9548
103.603
100.226
100.962
101.67
108.206
103.477
106.896
102.956
105.777
102.597
101.176
103.834
103.896
100.415
104.563
104.453
104.398
103.641
100.784
101.373
104.703
103.42
104.65
100.326
103.802
105.424
100.644
104.121
104.033
106.428
104.093
102.797
103.837
102.736
104.106
107.897
103.485
103.812
102.647
106.243
105.078
107.056
106.145
102.491
104.222
102.003
100.877
101.728
105.073
