5.37726
4.94539
4.4589
5.39108
5.51056
5.25356
5.01415
4.60916
5.52654
5.40548
5.02307
4.73433
5.11654
5.11645
4.75219
4.76756
5.53307
4.60166
4.90233
5.52543
5.05329
5.3924
5.09612
4.88075
5.58952
4.72913
5.11117
4.86216
5.10577
4.98093
4.60035
4.72962
5.11125
5.00369
4.5743
5.23825
4.92614
4.97866
4.98976
4.463
5.11076
4.58985
4.84862
5.3916
5.10981
5.45257
4.88403
5.25414
5.149
4.72271
4.46195
5.03554
4.7264
4.48302
5.11395
4.45402
5.23942
5.80211
4.71684
4.59809
5.25075
4.59784
5.53035
5.01176
5.66946
4.73433
5.01507
5.65396
4.87231
4.82983
4.97892
5.01955
5.45192
4.60192
4.58623
4.58568
4.72783
5.79412
4.5946
4.592
4.34303
4.75698
4.45634
4.86701
5.01522
5.5389
4.85565
4.27821
4.73606
5.39339
5.02454
5.15804
4.3334
5.10884
5.12244
5.45228
5.45196
4.33832
4.98075
4.34351
5.44623
4.33389
5.05666
5.06991
5.10111
4.57858
4.86914
5.07207
4.89898
4.08309
4.95127
5.59786
4.31812
4.81178
4.89636
4.75272
4.60852
4.73425
4.45649
4.88129
5.00801
5.01529
4.4902
4.59712
4.49903
5.01919
5.24847
4.86378
4.40126
4.54288
5.69742
4.80256
5.45617
4.93639
5.51598
4.94047
5.24853
4.73753
4.86675
4.40599
4.41127
4.55741
5.2493
4.74228
4.56147
5.27057
5.05891
4.46794
4.74554
4.8842
4.48523
5.10849
4.59413
4.19561
4.75885
4.79965
4.8818
5.16991
4.59983
4.85905
4.27748
4.57902
4.79628
4.6731
5.45219
5.26543
5.52699
5.16082
5.37844
4.62456
4.40552
4.99342
4.62189
4.5274
5.01985
5.58426
4.88628
5.53417
5.11879
4.19505
5.00225
5.58177
4.47438
4.81151
4.87983
4.46175
4.74689
4.61267
5.2485
4.3397
4.59163
4.13981
4.59448
3.55869
4.62806
3.90896
5.64006
4.47795
4.7461
4.73269
4.402
4.6405
4.02127
5.28116
4.92732
4.6685
4.87126
4.93433
5.32178
5.15785
4.60017
4.67402
4.80638
4.90686
4.67375
4.45496
5.15661
4.67164
4.91409
3.55404
4.47238
4.88548
4.59593
4.89653
5.11783
4.79613
3.69507
4.03021
4.80055
4.73722
4.84701
4.89849
5.44915
5.52909
5.73208
4.46694
4.87954
3.88865
4.83928
5.6373
5.04304
5.36732
4.66799
3.44372
3.36304
4.40633
4.33804
4.54312
5.58574
4.54314
5.67959
5.24445
5.32178
3.11788
4.59471
3.54787
4.59801
4.19644
4.93981
5.25241
4.37517
4.8949
5.50647
4.41039
4.49089
4.22122
4.60983
5.45069
5.26089
4.56624
4.60612
4.3488
5.45161
4.55225
3.97144
5.54051
4.41171
4.39996
3.62691
4.50387
4.67368
4.61107
4.86896
4.46081
3.55298
4.74354
4.40125
4.81035
3.69526
4.32945
3.55378
4.21222
5.18708
4.54205
5.05893
5.58802
5.18009
4.15683
