8.24514
8.07787
8.14371
8.31017
8.11583
7.99807
8.1919
8.18624
8.06892
8.05692
8.15428
8.10816
8.11407
8.05091
8.06398
8.27904
7.99183
8.19795
7.96151
8.07388
8.07476
8.03258
8.14778
8.12344
8.08596
8.06171
8.15874
8.03669
8.09292
8.16894
8.1376
8.15089
8.03964
8.05637
8.33728
8.03911
8.06658
8.05043
8.18624
8.03154
8.03007
8.14778
8.07411
8.23804
8.06082
8.00822
8.16364
8.02301
8.08743
7.9915
7.91406
8.20037
8.08757
8.0144
7.95227
8.00567
8.08122
8.02956
8.41591
8.08931
8.02246
7.96922
8.08541
8.11527
8.01986
7.86631
7.98802
8.19017
8.14006
8.1719
8.00573
8.01142
7.95755
8.03605
8.0538
8.21273
8.00537
7.96522
8.16286
7.99802
8.09343
8.05091
7.96596
7.98291
7.91436
8.08126
7.96922
7.96522
8.12786
8.0341
7.95195
7.87003
7.95563
8.03869
8.00117
7.93723
7.9362
7.83856
7.80917
7.9537
7.94806
8.03605
7.7569
7.90958
7.96922
7.85304
7.73864
7.96067
7.99552
7.9729
8.11583
8.01142
7.94601
7.76439
7.95501
7.86479
7.9603
8.16952
7.97026
7.93055
8.05692
7.92098
8.1284
7.94575
8.04629
7.97172
7.91101
7.8835
8.09753
7.84079
7.78375
7.99056
7.97026
7.98441
8.04803
7.9565
7.92054
8.01728
7.99231
7.81435
7.95228
8.05903
7.84834
8.06857
8.01736
7.91838
7.8298
8.0383
8.08406
8.00686
7.9454
8.01142
7.79211
8.02529
7.75597
8.05525
7.91251
7.88653
7.89274
7.80755
7.8664
7.84079
7.89121
8.09907
7.92356
8.03104
7.73716
7.83799
8.08429
8.00985
7.99606
7.77924
7.75751
7.80109
8.32909
7.67644
7.81455
8.03095
7.67673
7.72179
7.63991
8.00762
7.7375
7.80135
7.8801
7.74665
7.92598
7.81601
7.77676
8.02648
7.94192
7.8773
7.83927
7.77457
7.96136
7.93971
7.83474
7.84044
7.91949
7.86631
7.77994
7.82897
7.96576
7.91056
7.93693
7.93521
7.80755
7.88887
7.79735
7.95358
7.7365
7.7375
7.98959
7.70217
7.69418
7.99978
7.74343
7.94145
7.81065
7.84215
7.71719
7.80789
7.96405
7.78472
7.9378
7.73453
7.76702
7.65216
7.98724
7.88044
7.94641
7.72338
7.88057
7.86734
7.75142
7.90941
7.9591
7.91178
7.89426
7.95413
7.83465
7.72712
7.68737
7.74536
7.95816
7.79913
7.80276
7.85623
7.68428
7.90898
7.82428
7.79744
7.8233
7.73851
7.81099
7.80755
7.89216
7.84406
7.83189
7.79706
7.81729
7.75036
7.7602
7.77104
7.7206
7.8263
7.69343
7.89223
7.86268
7.77994
7.85322
7.73453
8.03305
7.96576
7.7473
7.80049
7.71171
7.77228
7.65949
7.90069
8.06692
7.91695
8.07507
7.50262
7.75735
7.72438
7.7872
7.9062
7.78321
7.87634
7.79236
7.78263
7.53812
7.76802
7.76952
7.84301
7.76212
7.95447
