8.68425
8.56068
8.70491
8.66442
8.71084
8.6844
8.67966
8.71778
8.58683
8.70892
8.74787
8.73182
8.66523
8.69448
8.62972
8.87032
8.89546
8.77403
8.63177
8.59647
8.93976
8.6194
8.76973
8.47772
8.80656
8.64493
8.52479
8.86114
8.80895
8.68078
8.63203
8.57462
8.61932
8.56211
8.89039
8.86228
8.64205
8.7529
8.65384
8.67555
8.69893
8.86295
8.66478
8.82151
8.7604
8.7862
8.4866
8.77752
8.61367
8.92357
8.6566
8.69442
8.76515
8.68623
8.63785
8.71462
8.71385
8.52404
8.54965
8.56151
8.6527
8.57268
8.68608
8.72136
8.59582
8.90788
8.57101
8.99837
8.84959
8.7105
8.55196
8.54766
8.68179
8.64849
8.7349
8.80741
8.68635
8.62108
8.60804
8.56639
8.59157
8.65922
8.83176
8.69023
8.51969
8.58682
8.71149
8.53952
8.71403
8.59657
8.63515
8.64824
8.76022
8.70721
8.89149
8.57513
8.82318
8.78414
8.61703
8.60909
8.839
8.66323
8.77517
8.54798
8.66639
8.77654
8.81909
8.61023
8.89644
8.6336
8.97393
8.86752
8.88471
8.80761
8.78664
8.67022
8.62653
8.93859
8.70322
8.81334
8.62238
8.74796
8.63049
8.66084
8.71836
8.99558
8.55885
8.8392
8.71152
8.9403
8.49544
8.89277
8.75272
8.671
8.88123
8.76539
8.96768
8.79537
8.67027
8.90667
8.61579
8.59092
8.7665
8.8413
8.82967
8.73051
8.88107
8.44294
8.58784
8.69601
8.53257
8.84315
8.56576
8.62057
8.9573
8.71129
8.72537
8.90769
8.61748
8.75062
8.66594
9.04002
8.69575
8.64063
8.87476
8.96332
8.66049
8.8043
8.69656
8.76361
8.6317
8.66453
8.57541
8.8303
8.57107
9.09556
8.77458
8.69267
8.77964
8.76844
8.70264
8.78543
8.86577
8.89109
8.57467
8.75963
8.78524
8.6665
8.75573
8.92685
8.70751
8.98346
8.70566
8.60626
8.49153
8.79187
8.55765
8.64984
8.93403
8.58344
8.77628
8.53
8.73182
8.94848
8.84228
8.90811
8.476
8.53385
8.65954
8.90351
8.56642
8.8454
8.7068
8.76944
8.6089
8.77628
9.02785
8.87542
8.91204
8.70559
8.68801
8.87704
8.94659
8.76287
8.71266
8.68188
8.98493
8.71253
8.8422
8.76256
9.01422
8.51569
8.96965
8.97859
8.87719
8.60314
8.50209
8.56788
8.67687
8.82369
8.58657
8.74049
8.94007
8.56033
8.66851
8.71463
8.91311
8.87886
8.92594
8.62535
8.79914
8.96036
8.75604
8.83639
8.85431
8.86668
8.96785
8.82229
8.42306
8.76006
8.73904
8.69527
8.96924
8.51884
8.84075
8.89933
8.95291
8.81542
8.9091
8.8349
8.81209
8.82003
8.88649
8.91969
9.00197
8.78912
8.96651
8.61717
8.59749
8.81641
8.90771
8.56833
8.53287
8.87429
8.71392
9.01509
8.93503
8.65481
8.79069
8.55225
8.96401
8.59158
8.70238
8.87481
8.56787
8.75272
9.01428
8.69002
