3427
3331
3344
3568
3705
3576
3520
3480
3550
6994
3571
3530
3502
3448
3524
3396
3500
3479
3486
3536
3517
3461
3278
3374
6803
3513
3426
3503
3384
3491
3504
3382
3467
3439
3231
3596
3295
3429
3501
3457
3454
3476
3620
3625
3345
6985
3313
3417
3424
3364
3435
3439
3472
3466
3443
3411
3480
3450
3518
3311
3448
3301
3434
3385
3283
3297
3342
3438
3446
3430
3300
3377
3466
3230
3284
3323
3272
3336
3121
3379
3408
3381
3305
3353
3341
3367
3319
3227
3448
3430
3331
3467
3298
3400
3252
3327
3399
3525
3339
3400
3361
3378
3265
3420
3538
3408
3270
3319
3406
3294
3342
3458
3330
3397
3384
3422
3249
3284
3385
3480
3436
3508
3347
3461
3380
3418
3487
3368
3347
3306
3225
3459
3464
3372
3557
3410
3480
3414
3437
3353
3347
3308
3348
3383
3324
3431
3509
3379
3345
3336
3372
3370
3258
3393
3448
3309
3476
3484
3305
3449
3358
3376
3360
3382
3336
7031
3281
3429
3443
3301
3221
3492
3236
3383
3426
3415
3363
3301
3315
3269
3249
3348
3417
3250
3390
3397
3287
3450
3302
3263
3418
3288
3311
3223
3276
3351
3462
3470
3208
3440
3375
3193
3345
3398
3329
3274
3341
3388
3228
3181
3386
3300
3363
3360
3200
3400
3339
3185
3257
3339
3243
3291
3299
3237
6566
3362
3272
3234
3309
6358
6732
3282
3252
3332
6648
3311
3228
3188
3163
3408
3335
3355
3336
3324
2980
3291
3219
3436
3236
3191
3273
3153
3289
3166
3336
3143
3115
3291
3201
3320
3140
3263
3512
3301
3280
3149
3297
3248
3354
3266
3275
3212
3233
3271
3212
3337
3285
3220
3084
3280
3186
3247
3259
3369
3210
3330
3247
3086
3281
3285
3265
3455
3341
3198
3227
3300
3171
3244
