9.18409
8.72274
8.93094
8.93393
8.95261
8.91904
8.93412
8.94787
9.07214
8.94262
8.94704
8.9488
8.92785
9.18503
8.98475
8.93598
9.09737
8.9345
8.84199
9.21223
8.8422
9.11643
8.9317
8.95314
9.10733
8.93643
9.201
9.15541
8.8664
9.11548
8.95335
9.17494
8.94494
8.81803
8.93593
8.92545
8.80679
8.93401
8.93963
8.94331
8.78892
9.18949
8.92688
8.95333
8.83071
9.1939
9.10951
8.9278
8.84386
8.9517
9.19141
8.93216
8.92439
8.83759
8.94382
9.17785
8.94528
8.94105
8.93992
9.2458
8.93469
8.93701
8.84713
8.83312
9.07603
8.93727
8.94412
8.95399
8.93561
8.8617
8.81134
8.95296
8.93543
9.10363
9.17511
9.0491
9.2005
8.81861
9.11368
8.81543
9.1806
8.8512
8.82851
8.8497
8.85354
8.94676
8.83121
8.96561
9.05925
9.10486
8.92074
8.93712
8.93252
8.86163
8.93233
8.5188
8.85132
8.94493
8.95765
8.95835
8.94379
8.95529
8.83764
8.95141
8.95704
8.85836
8.82058
8.93639
8.93612
8.81372
9.07518
8.81372
9.0747
8.85337
9.16058
8.8278
8.93612
8.9464
8.96539
8.95911
9.09794
8.93885
8.93134
8.94429
9.17705
8.93037
9.04635
9.18719
8.93802
8.81839
8.92914
8.81288
8.69427
8.83745
8.78814
9.17954
8.71322
8.83113
9.16491
9.17584
8.83476
8.93592
8.83806
8.82357
8.70325
8.80837
8.81254
8.82568
8.93511
8.85901
8.94372
8.92408
8.70311
9.19336
8.68648
8.94048
8.92439
8.82103
8.70335
8.9354
8.93717
9.04341
8.93407
8.83057
8.74128
8.93393
8.8003
9.07499
9.16375
8.94799
9.19363
9.18007
8.72529
8.72246
8.94186
8.79293
8.9517
8.81172
9.05099
8.73014
8.70627
8.82743
8.93698
8.94182
8.80881
8.84082
8.81026
9.17499
8.68329
8.94032
8.84807
8.82094
8.84128
8.79358
8.562
8.72754
8.80755
9.17091
8.81975
8.69223
8.83347
8.8343
8.70003
8.80541
8.91975
9.17786
8.80732
8.79387
8.83402
8.83203
8.81933
9.18854
8.93805
8.81605
8.79977
8.79216
8.80342
8.92804
8.93156
8.92006
8.54761
8.81106
8.93063
8.82537
8.81603
8.87534
8.93787
8.82977
9.17494
8.94593
8.94015
8.80843
8.80192
8.83374
9.17352
9.05412
8.93696
9.19408
8.82567
8.83111
9.17845
9.04995
9.16887
8.72307
8.79614
9.07423
8.79517
8.94052
8.719
8.71744
8.8543
8.71559
8.93895
8.93053
8.83851
8.93442
8.72432
9.18165
8.70459
8.7139
8.67923
9.19738
8.80364
8.83651
9.04805
8.79044
8.95528
8.80874
8.84482
9.20295
8.81125
8.96022
8.68983
8.93467
8.9388
8.84403
8.923
8.70743
8.69669
8.93062
8.72017
8.83183
8.72606
8.92078
9.18101
9.06721
8.79457
8.69443
8.81728
8.93748
9.05422
9.18643
9.04274
9.04056
8.70209
8.95161
8.92295
8.83768
