5.04772
5.26522
5.26522
5.26522
5.26522
5.29486
5.29486
5.29486
5.29486
5.29486
5.409
5.409
5.409
5.409
5.409
5.409
5.409
5.409
5.409
5.409
5.41107
5.41107
5.41107
5.41107
5.41107
5.41376
5.41376
5.41376
5.41376
5.41376
5.41376
5.41376
5.41376
5.41376
5.41376
5.41376
5.41376
5.41376
5.41376
5.41376
5.41376
5.41376
5.41376
5.41376
5.41376
5.41376
5.41376
5.41376
5.41376
5.41376
5.41376
5.41376
5.41376
5.41376
5.41376
5.41376
5.41376
5.41376
5.41376
5.41376
5.41376
5.41376
5.41376
5.41376
5.41376
5.41376
5.41376
5.41376
5.41376
5.41376
5.41414
5.41414
5.41414
5.41414
5.41414
5.41414
5.41414
5.41414
5.41414
5.41414
5.41414
5.41414
5.41414
5.41414
5.41414
5.41414
5.41414
5.41414
5.41414
5.41414
5.41414
5.41414
5.41414
5.41414
5.41414
5.41414
5.41414
5.41414
5.41414
5.41414
5.41414
5.41414
5.41414
5.41414
5.41414
5.41414
5.41414
5.41414
5.41414
5.41414
5.41414
5.41414
5.41414
5.41414
5.41414
5.41414
5.41414
5.41414
5.41414
5.41414
5.41414
5.41414
5.41414
5.41414
5.41414
5.41414
5.41414
5.41414
5.41621
5.41621
5.41621
5.41621
5.41621
5.41621
5.41621
5.41621
5.41621
5.41621
5.41621
5.41621
5.41621
5.41621
5.41621
5.41621
5.41621
5.41621
5.41621
5.41621
5.41621
5.41621
5.41621
5.41621
5.41621
5.41621
5.41621
5.41621
5.41621
5.41621
5.41621
5.41621
5.41621
5.41621
5.41621
5.42034
5.42034
5.42034
5.42034
5.42034
5.42034
5.42034
5.42034
5.42034
5.42034
5.42034
5.42034
5.42034
5.42034
5.42034
5.42034
5.42034
5.42034
5.42034
5.42034
5.42034
5.42034
5.42034
5.42034
5.42034
5.42034
5.42034
5.42034
5.42034
5.42034
5.42034
5.42034
5.42034
5.63907
5.63907
5.63907
5.63907
5.63907
5.63907
5.63907
5.63907
5.63907
5.63907
5.63907
5.63907
5.63907
5.63907
5.63907
5.63907
5.63907
5.63907
5.63907
5.63907
5.63907
5.63907
5.63907
5.63907
5.63907
5.63907
5.63907
5.63907
5.63907
5.63907
5.63907
5.63907
5.63907
5.63907
5.63907
5.63907
5.63907
5.63907
5.63907
5.63907
5.63907
5.63907
5.63907
5.63907
5.63907
5.63907
5.63907
5.63907
5.63907
5.63907
5.63907
5.63907
5.63907
5.63907
5.63907
5.63907
5.63907
5.63907
5.63907
5.63907
5.63907
5.63907
5.63907
5.63907
5.63907
5.63907
5.63907
5.63907
5.63907
5.63907
5.63907
5.63907
5.63907
5.63907
5.63907
5.63907
5.63907
5.63907
5.63907
5.63907
5.63907
5.63907
5.63907
5.63907
5.63907
5.63907
5.63907
5.63907
5.63907
5.63907
5.63907
5.63907
5.63907
5.63907
5.63907
5.63907
5.63907
5.63907
5.63907
5.63907
5.63907
5.63907
