10.4235
10.4235
10.5116
10.5116
10.5116
10.5993
10.5993
10.5993
10.5993
10.5993
10.6226
10.6226
10.6226
10.6226
10.6226
10.6226
10.6226
10.6226
10.6226
10.6226
10.6226
10.6226
10.6498
10.6498
10.6498
10.6498
10.6498
10.6498
10.6498
10.6498
10.6498
10.6498
10.6638
10.6638
10.7689
10.7695
10.7695
10.7695
10.7695
10.7695
10.7695
10.7695
10.7695
10.7695
10.7747
10.7747
10.7747
10.7747
10.7747
10.7747
10.7747
10.7747
10.7747
10.7747
10.7747
10.7747
10.7747
10.7747
10.7747
10.7747
10.7747
10.7747
10.7747
10.7747
10.7747
10.7747
10.7747
10.7747
10.7747
10.7747
10.7747
10.7747
10.7747
10.7747
10.7747
10.7747
10.7747
10.7747
10.7747
10.7747
10.7747
10.7747
10.7747
10.7747
10.7747
10.7747
10.7747
10.7747
10.7747
10.7747
10.7747
10.7747
10.7747
10.7747
10.7747
10.7747
10.7747
10.7747
10.7747
10.7747
10.7747
10.7747
10.7747
10.7747
10.7747
10.7747
10.7747
10.7747
10.7747
10.7747
10.7747
10.7747
10.7747
10.7747
10.7747
10.7747
10.7747
10.7747
10.7747
10.7747
10.7747
10.7747
10.7747
10.7747
10.7747
10.7747
10.7747
10.7747
10.7747
10.7747
10.7747
10.7747
10.7747
10.7747
10.7747
10.7747
10.7747
10.7747
10.7747
10.7747
10.7747
10.7747
10.7747
10.7747
10.7747
10.7747
10.7747
10.7747
10.7747
10.7747
10.7747
10.7747
10.7747
10.7747
10.7747
10.7747
10.7747
10.7747
10.7747
10.7747
10.7747
10.7747
10.7747
10.7747
10.7747
10.7747
10.7747
10.7747
10.7747
10.7747
10.7747
10.7747
10.7747
10.7747
10.7747
10.7747
10.7747
10.7747
10.7747
10.7747
10.7747
10.7747
10.7747
10.7747
10.7747
10.7747
10.7747
10.7747
10.7747
10.7747
10.7747
10.7747
10.7747
10.7747
10.7747
10.7747
10.7747
10.7747
10.7747
10.7747
10.7747
10.7747
10.7747
10.7747
10.7747
10.7747
10.7747
10.7747
10.7747
10.7747
10.7747
10.7747
10.7747
10.7747
10.7747
10.7747
10.7747
10.7747
10.7747
10.7747
10.7747
10.7747
10.7747
10.7747
10.7747
10.7747
10.7747
10.7747
10.7747
10.7747
10.7747
10.7747
10.7747
10.7747
10.7747
10.7747
10.7747
10.7747
10.7747
10.7747
10.7747
10.7747
10.7747
10.7747
10.7747
10.7747
10.7747
10.7747
10.7747
10.7747
10.7747
10.7747
10.7747
10.7747
10.7747
10.7747
10.7747
10.7747
10.7747
10.7747
10.7747
10.7747
10.7747
10.7747
10.7747
10.7747
10.7747
10.7747
10.7747
10.7747
10.7747
10.7747
10.7747
10.7747
10.7747
10.7747
10.7747
10.7747
10.7747
10.7747
10.7747
10.7747
10.7747
10.7747
10.7747
10.7747
10.7747
10.7747
10.7747
10.7747
10.7747
10.7747
10.7747
10.7747
10.7747
10.7747
10.7747
10.7747
