7.95354
8.05116
8.05116
8.15828
8.15828
8.15828
8.15828
8.15828
8.15828
8.15828
8.15828
8.15828
8.15828
8.15828
8.15828
8.15828
8.15828
8.15828
8.15828
8.15828
8.15828
8.15828
8.15828
8.15828
8.15828
8.15828
8.15828
8.15828
8.15828
8.15828
8.15828
8.15828
8.15828
8.15828
8.15828
8.15828
8.15828
8.15828
8.15828
8.15828
8.15828
8.15828
8.15828
8.15828
8.15828
8.16012
8.16012
8.16012
8.16012
8.16012
8.16012
8.16012
8.16012
8.16012
8.16081
8.16081
8.16081
8.16081
8.16081
8.16081
8.16081
8.16081
8.16081
8.16081
8.16081
8.16081
8.16081
8.16081
8.16081
8.16081
8.16081
8.16081
8.16081
8.16081
8.16081
8.16081
8.16081
8.16081
8.16081
8.16081
8.16081
8.16081
8.16081
8.16081
8.16081
8.16081
8.16081
8.16081
8.16081
8.16081
8.16081
8.16081
8.16081
8.16081
8.16081
8.16081
8.16081
8.16081
8.16081
8.16081
8.16081
8.16081
8.16081
8.16081
8.16081
8.16081
8.16081
8.16081
8.16081
8.16081
8.16081
8.16081
8.16081
8.16081
8.16081
8.16081
8.16081
8.16081
8.16081
8.16081
8.16081
8.16081
8.16081
8.16081
8.16081
8.16081
8.16081
8.16081
8.16081
8.16081
8.16081
8.16081
8.16081
8.16081
8.16081
8.16081
8.16081
8.16081
8.16081
8.16081
8.16081
8.16081
8.16081
8.16081
8.16081
8.16081
8.16081
8.16081
8.16081
8.16081
8.16081
8.16081
8.16081
8.16081
8.16081
8.16081
8.16081
8.16081
8.16081
8.16081
8.16081
8.16081
8.16081
8.16081
8.16081
8.16081
8.16081
8.16081
8.16081
8.16081
8.16081
8.16081
8.16081
8.16081
8.16081
8.16081
8.16081
8.16081
8.16081
8.16081
8.16081
8.16081
8.16081
8.16081
8.16081
8.16081
8.16081
8.16081
8.16081
8.16081
8.16081
8.16081
8.16081
8.16081
8.16081
8.16081
8.16081
8.16081
8.16081
8.16081
8.16081
8.16081
8.16081
8.16081
8.16081
8.16081
8.16081
8.16081
8.16081
8.16081
8.16081
8.16081
8.16081
8.16081
8.16081
8.16081
8.16081
8.16081
8.16081
8.16081
8.16081
8.16081
8.16081
8.16081
8.16081
8.16081
8.16081
8.16081
8.16081
8.16081
8.16081
8.16081
8.16081
8.26203
8.26203
8.26203
8.26203
8.26203
8.26203
8.26203
8.26203
8.26203
8.26203
8.26203
8.26203
8.26203
8.26203
8.26203
8.26203
8.26203
8.26203
8.26203
8.26203
8.26203
8.26203
8.26203
8.26203
8.26203
8.26203
8.26203
8.26203
8.26203
8.26203
8.26203
8.26203
8.26203
8.26203
8.26203
8.26203
8.26203
8.26203
8.26203
8.26203
8.26203
8.26203
8.26203
8.26203
8.26203
8.26203
8.26203
8.26203
8.26203
8.26203
8.26203
8.26203
8.26203
8.26203
8.26203
8.26203
8.26203
8.26203
8.26203
8.26203
8.26203
8.26203
8.26203
8.26322
8.26322
