98.0207
97.3854
98.1805
97.6696
97.5889
97.4099
98.0835
97.7929
98.0897
97.0015
98.172
98.4335
98.2369
97.7457
97.8089
98.3221
98.1706
98.0492
98.5408
98.2802
98.1245
97.7712
98.4236
98.0558
97.4262
97.6525
97.7908
97.4106
97.7373
98.1449
97.1331
98.1417
97.418
98.3727
97.7796
96.9685
98.1261
98.2393
98.5218
98.4675
98.5719
97.6787
97.7548
97.7157
98.3799
97.1067
98.136
97.7684
97.7228
98.115
98.6215
98.0832
97.7333
98.1321
98.1869
97.9249
98.2276
98.0131
97.6791
97.7314
98.1598
98.2664
98.2027
98.0682
98.2029
97.8299
98.2721
98.0739
98.5082
98.1275
98.2169
98.2302
97.7737
98.1002
97.7136
97.0541
97.754
98.4519
97.8294
98.4713
98.0939
97.8023
98.183
97.7996
98.4803
98.2925
98.4807
97.7681
97.6952
98.1575
96.4147
97.6646
98.2251
98.062
97.4761
98.043
97.8208
98.1268
98.0633
98.4864
98.4533
97.7926
98.1242
97.6428
97.868
98.1158
98.5326
98.0315
98.5185
98.1772
98.099
98.088
96.6981
98.1924
98.3107
97.8178
97.7588
98.1056
98.0456
97.2082
97.7553
97.8986
98.5543
97.6597
97.7643
97.7515
98.7117
98.4611
98.5017
97.4252
98.5071
98.4876
98.2066
97.9336
98.121
98.6969
97.7893
97.9937
97.7053
98.1765
98.5167
98.3599
97.8703
97.4041
98.1185
98.8653
98.148
98.34
98.0393
98.2214
97.7978
98.7118
97.86
97.9346
98.3901
97.8166
97.3805
97.8648
97.0557
97.6451
97.0366
96.2972
98.1659
97.7104
97.653
97.163
98.4059
97.7354
97.6777
97.3659
97.3569
97.3562
97.7858
97.8703
97.7734
97.4744
97.095
98.1409
98.5271
97.4585
98.2272
97.4319
98.1547
97.8093
96.916
97.8989
97.8112
97.0318
97.7034
98.4232
97.4031
98.3462
97.029
98.0865
98.1855
98.1827
98.0506
97.767
96.62
98.4162
98.2203
97.7932
97.7992
98.1177
97.7728
96.6638
97.7404
97.1431
97.1526
98.2337
97.7063
97.3344
98.0632
97.0752
97.0317
97.0512
97.7186
98.1823
97.0548
97.2959
97.7653
99.4634
99.0073
98.1294
98.1071
97.73
97.3206
98.5236
97.7401
97.4609
98.0471
98.1131
97.7046
98.1046
97.5917
97.4879
97.1519
97.2876
98.2855
98.6842
98.048
97.1505
96.3789
96.9656
98.3982
97.0733
98.0593
96.4315
96.997
97.2067
98.1446
98.2302
97.0222
98.0667
98.1848
98.1961
97.55
98.6309
98.034
97.0815
96.6999
98.1254
96.5849
98.1482
98.0938
98.143
97.0195
98.1772
97.7411
97.8679
97.1506
98.6259
97.4383
97.7103
98.2339
98.3997
98.118
98.1679
97.8646
98.5124
98.4526
98.1956
97.0637
97.1398
97.7304
98.1106
99.3032
98.4616
97.8449
99.1784
97.8308
98.4784
98.1102
98.133
98.1839
98.2592
98.4466
97.8467
