5.61108
5.61585
5.60807
5.76963
5.91463
5.59569
5.59528
5.77182
5.5949
5.87996
5.59255
5.61525
5.61033
5.77247
5.59562
5.62068
5.58915
5.7672
5.60202
5.75341
5.60185
5.76372
5.59319
5.62841
5.61199
5.92181
5.72955
5.76383
5.73745
5.73489
5.73143
5.76159
5.6038
5.61079
5.76622
5.74406
5.75572
5.59949
5.62482
5.6107
5.59306
5.59348
5.89253
5.59722
5.61531
5.73775
5.72346
5.61165
5.75133
5.6059
5.59659
5.61335
5.5989
5.60624
5.59431
5.72884
5.33719
5.61499
5.60814
5.75653
5.59912
5.57832
5.59152
5.75224
5.60258
5.75107
5.60282
5.61402
5.73236
5.60094
5.58142
5.60478
5.75946
5.61417
5.76211
5.75539
5.75829
5.61021
5.73135
5.61275
5.60337
5.76101
5.61088
5.72825
5.61077
5.59733
5.61069
5.74531
5.76259
5.59093
5.74027
5.6098
5.60455
5.61884
5.60497
5.61479
5.73353
5.60475
5.61609
5.60577
5.60198
5.7664
5.59876
5.58374
5.74876
5.60287
5.62018
5.75609
5.60545
5.59339
5.60384
5.59093
5.88327
5.76048
5.61467
5.72379
5.76461
5.72804
5.75375
5.76815
5.89192
5.73539
5.59084
5.59941
5.76025
5.59831
5.60574
5.60335
5.6052
5.6181
5.73524
5.60276
5.5998
5.72058
5.60236
5.61353
5.74614
5.61045
5.75525
5.754
5.59527
5.59623
5.72615
5.76813
5.74062
5.30115
5.72811
5.61582
5.61372
5.72853
5.73779
5.39858
5.7219
5.76892
5.61319
5.72043
5.73245
5.73345
5.76442
5.76177
5.75608
5.76209
5.60628
5.75763
5.60783
5.75145
5.59787
5.60059
5.77029
5.89905
5.61146
5.88653
5.76819
5.72472
5.74369
5.59181
5.75422
5.60885
5.72937
5.90248
5.58942
5.59321
5.60228
5.88284
5.91326
5.73664
5.71861
5.4477
5.75279
5.61695
5.87796
5.61211
5.74065
5.60652
5.59149
5.61539
5.75736
5.75443
5.76336
5.60186
5.60762
5.76215
5.7357
5.59374
5.75647
5.89483
5.74069
5.75386
5.7533
5.60729
5.59608
5.60855
5.75456
5.73366
5.73419
5.74626
5.75216
5.6105
5.61499
5.60314
5.75411
5.59734
5.75854
5.72464
5.6098
5.72718
5.60054
5.60263
5.75242
5.88957
5.76015
5.60252
5.73639
5.59586
5.59674
5.60336
5.75013
5.90155
5.58439
5.59888
5.73573
5.73073
5.72826
5.61702
5.60564
5.88552
5.72885
5.72838
5.91544
5.73647
5.61372
5.59755
5.76067
5.61109
5.6009
5.59159
5.7326
5.72053
5.72632
5.73852
5.60395
5.73157
5.91677
5.61326
5.735
5.7581
5.73684
5.71336
5.72557
5.73765
5.72722
5.58263
5.73777
5.75451
5.6053
5.60821
5.76345
5.59048
5.7257
5.61442
5.61518
5.74141
5.73453
5.73258
5.75539
5.74778
5.17526
5.58999
5.7309
5.73171
5.74392
5.60773
5.74088
5.76052
5.59514
5.60479
5.60908
5.72491
