9.56196
9.52806
9.48315
9.44889
9.48584
9.36252
9.45832
9.46556
9.71467
9.32919
9.66657
9.73474
9.42019
9.63622
9.46332
9.51758
9.46512
9.7661
9.12336
9.45197
9.31928
9.46453
9.35709
9.18093
9.37062
9.34243
9.50814
9.51574
9.49844
9.74004
9.50305
9.4107
9.57127
9.55942
9.38173
9.34312
9.26967
9.78041
9.26023
9.83354
9.42342
9.43911
9.35932
9.25643
9.46485
9.44223
9.62039
9.40267
9.43397
9.71704
9.56892
9.39376
9.77747
9.60168
9.62212
9.65995
9.57116
9.34977
9.44605
9.3874
9.44365
9.48147
9.78529
9.2495
9.38771
9.40815
9.80899
9.63156
9.38916
9.84567
9.49163
9.39838
9.39825
9.46347
9.69315
9.47503
9.26204
9.72316
9.45699
9.26862
9.60608
9.37939
9.48198
9.72984
9.4358
9.74789
9.32742
9.43886
9.53665
9.49295
9.73619
9.66808
9.52919
9.42071
9.59678
9.6042
9.33676
9.70808
9.33463
9.49508
9.56151
9.54956
9.43095
9.69616
9.85681
9.20735
9.54294
9.63182
9.73613
9.64712
9.64277
9.30113
9.50077
9.67647
9.36388
9.84261
9.64715
9.53124
9.96762
9.44865
9.30229
9.50351
9.97924
9.44113
9.74328
9.59618
9.59327
9.30052
10.0346
9.38264
9.48076
9.92565
9.81115
9.60684
9.67347
9.64277
9.93199
9.55434
9.99718
9.81756
9.54424
9.68562
10.0271
9.35016
9.82529
9.3829
9.7361
9.80096
9.77145
9.7084
10.228
9.63681
9.49793
9.68527
9.52781
9.66094
9.53286
9.51931
9.70795
9.47487
9.74815
9.76781
9.49697
9.73788
9.48286
9.60661
9.51417
9.31228
9.47055
9.95556
9.70703
9.84596
9.93336
9.26323
9.65741
9.72579
9.83071
9.75072
9.65622
9.49447
9.64832
9.54999
9.44291
9.35341
9.54504
10.1406
9.4359
9.71668
9.31198
9.58385
9.54461
9.85893
9.85547
9.90316
9.95176
9.63708
9.75994
9.66483
9.43201
9.62209
9.3053
10.0127
9.50769
9.74641
9.63754
10.4814
9.6091
9.4256
9.90899
9.20211
9.63044
9.25984
9.85242
9.26744
9.56888
9.71358
9.49914
9.58369
9.54843
9.51115
10.0129
9.36341
9.67556
9.79742
9.38518
9.72488
9.2809
9.81503
9.63969
9.48913
9.58348
9.67042
9.50639
9.47424
9.31307
9.48527
9.65624
9.46739
9.34093
9.5933
9.37306
9.52629
9.77421
9.65168
9.5694
9.50541
9.66457
9.86009
9.6365
9.41105
9.6273
9.73519
9.727
9.84072
9.6781
9.90261
9.6922
9.67388
9.57661
9.35798
9.52415
9.8135
9.31169
9.3917
9.29613
9.37999
9.48769
9.57041
9.57097
9.59278
9.46267
9.2945
9.37448
10.0862
9.87046
9.24424
9.25201
9.46094
9.54806
9.5462
9.34771
9.43862
9.32861
9.37999
9.48341
9.81356
9.47547
9.74731
10.1081
9.42504
9.21126
9.45418
9.1476
9.35481
9.15927
9.24038
9.63381
9.65863
