11.1691
11.0641
11.0001
11.1143
11.1082
11.0759
11.1406
10.997
11.1504
11.1406
11.0113
10.9818
10.9244
11.0258
10.9787
11.1626
11.06
11.0608
11.0005
11.172
11.0499
11.0237
11.1028
11.0521
11.0565
11.0941
11.1508
10.9905
11.1213
11.0842
11.0131
10.9418
11.0655
11.1215
10.9447
11.1435
11.0268
10.9313
10.9389
11.0044
10.9243
11.1639
11.0533
11.1327
11.0653
11.0757
11.1205
10.9592
11.0375
11.1302
10.8931
11.007
11.1204
11.1167
10.9942
10.9858
10.9539
11.1361
11.1502
11.0784
11.0567
10.9591
11.036
11.0116
10.9555
10.9474
10.8996
11.1867
10.9814
11.1065
11.0622
10.9633
11.0173
11.063
11.0158
11.0024
11.0213
11.0568
11.0516
10.9988
11.1432
10.9364
10.9939
11.0779
10.9823
10.9297
10.9972
11.1156
11.1022
11.0459
11.0178
11.1642
10.9725
11.1154
11.071
11.0953
11.0189
11.0351
11.0632
11.0644
11.0168
10.9617
11.1186
10.8986
10.9878
11.0671
10.9579
11.1469
10.9499
11.0634
11.1157
11.1404
11.1107
10.9001
11.1246
11.1302
10.9584
11.1346
11.067
10.9177
10.9941
10.9143
10.9439
11.1301
10.9489
11.0858
11.0429
11.0951
11.0618
11.0239
10.9633
10.9815
11.0544
10.9521
10.9622
11.0658
11.0052
11.1604
11.0713
10.9317
11.0012
11.1502
10.9751
10.9792
11.0961
11.0713
10.9812
11.1668
11.1376
10.9492
10.9999
10.9895
10.9385
11.1573
11.0782
11.0785
11.1277
10.9788
11.0449
11.119
11.0542
11.0683
10.9822
11.0992
11.1974
10.9045
11.1112
11.0842
11.0943
11.0303
11.1275
11.1175
10.9267
10.9157
11.0475
10.9964
10.9779
11.0183
10.9363
10.9408
11.0207
11.163
10.9841
10.9776
11.0973
10.9918
11.0955
11.1242
11.1205
11.0519
11.094
11.1871
11.068
11.0848
11.0038
10.9368
11.0627
11.039
11.1505
11.0552
10.9715
10.9387
11.0069
11.1336
10.9735
11.0944
11.2145
10.9281
10.9233
10.9552
11.1222
11.1348
11.0723
11.1232
11.1164
11.1224
11.1224
10.9771
11.0576
11.1125
11.1439
11.0131
11.0596
11.1264
11.1114
11.1829
11.1514
10.988
11.0746
10.9594
11.0559
11.0126
11.1868
11.0693
10.8971
11.0138
10.9773
11.1105
10.9113
11.2081
11.1252
11.0314
11.1293
11.1746
11.1351
10.9853
11.1404
11.1035
11.012
10.9361
11.0746
10.9898
11.1319
11.049
11.0082
11.0938
10.944
11.1804
11.1931
11.0816
11.1432
11.0507
11.1135
11.0371
11.1086
10.9128
11.1326
11.0297
11.0131
10.9187
11.0586
10.8816
11.005
11.1262
10.9392
11.1638
11.0015
11.0085
11.0312
11.038
11.0801
10.9497
11.126
11.0031
11.1005
11.0979
10.9344
11.1266
10.9926
10.9463
10.9835
11.0977
11.0144
10.9753
11.0474
10.9407
11.0983
11.0184
