3752
3649
3796
3871
3751
3787
3833
3756
3773
3771
3801
3733
3753
3799
3770
3728
3856
3811
3771
3731
3805
3844
3695
3816
3755
3698
3630
3752
3795
3800
3809
3836
3824
3815
3736
3793
3842
3863
3813
3781
3758
3807
3844
3685
3731
3811
3797
3825
3836
3819
3826
3709
3715
3802
3788
3790
3633
3748
3717
3696
3694
3769
3758
3727
3756
3848
3771
3770
3752
3720
3828
3729
3700
3780
3724
3797
3762
3723
3735
3695
3724
3684
3724
3766
3746
3660
3728
3756
3632
3811
3680
3731
3824
3701
3815
3805
3727
3750
3789
3771
3804
3770
3685
3706
3675
3724
3756
3805
3614
3778
3763
3803
3728
3739
3770
3800
3712
3712
3768
3667
3853
3792
3714
3672
3798
3785
3748
3780
3741
3737
3755
3724
3715
3772
3697
3724
3667
3664
3624
3744
3699
3733
3728
3804
3780
3624
3786
3771
3619
3693
3697
3671
3765
3697
3822
3785
3759
3736
3681
3653
3740
3650
3757
3776
3698
3704
3675
3768
3787
3813
3667
3771
3804
3775
3695
3687
3731
3764
3688
3690
3731
3693
3675
3805
3638
3712
3730
3617
3742
3668
3803
3674
3771
3774
3708
3725
3722
3770
3694
3725
3683
3712
3636
3771
3687
3734
3745
3719
3744
3733
3780
3690
3649
3664
3711
3742
3756
3705
3694
3654
3707
3726
3736
3708
3660
3803
3755
3758
3765
3800
3718
3708
3831
3736
3751
3737
3802
3694
3689
3687
3751
3766
3757
3792
3684
3695
3792
3690
3764
3750
3755
3807
3695
3651
3816
3642
3784
3684
3694
3688
3671
3813
3804
3745
3738
3674
3776
3733
3817
3604
3710
3664
3717
3781
3811
3740
3703
3612
3758
3692
3784
3797
3734
3728
3643
3703
3640
3772
3609
3748
3643
3757
3790
3744
3820
3766
3765
3793
