8.75872
8.48409
8.77072
8.76305
8.87456
8.47663
8.75981
8.78184
8.76468
8.61633
8.7551
8.87167
8.77315
8.77186
8.60687
8.88637
8.76509
8.89557
8.9061
9.00516
8.75672
8.77255
8.8816
8.75692
8.49424
8.90303
8.78085
8.62281
8.75951
8.90763
8.48786
8.89233
8.4852
8.88449
8.75678
8.46811
8.90464
8.76523
8.90301
8.88718
8.88641
8.60384
8.903
8.61383
8.87533
8.49949
8.90309
8.60181
8.74494
8.77997
8.89982
8.7398
8.61913
8.78324
8.75776
8.7874
8.50491
8.75034
8.61501
8.76463
8.76989
8.76272
8.77321
8.87416
8.76117
8.7619
8.77216
8.78784
9.01793
8.77321
8.77625
8.77623
8.76752
8.76325
8.74621
8.47835
8.75974
8.89612
8.77068
8.88905
8.77277
8.75811
8.77269
8.76309
8.8857
8.78336
8.8902
8.77802
8.76287
8.75768
8.2177
8.61465
8.77668
8.76773
8.51062
8.75048
8.76048
8.75635
8.75069
8.90759
8.87657
8.76664
8.77316
8.5087
8.7856
8.75924
8.90825
8.90177
8.88561
8.77295
8.76744
8.75718
8.49294
8.89898
8.86475
8.78013
8.75079
8.89966
8.88245
8.52975
8.88643
8.76381
8.8832
8.59316
8.74598
8.61633
8.98998
8.9043
8.91226
8.49145
9.01497
8.8803
8.78833
8.77312
8.73089
8.99892
8.757
8.74493
8.75114
8.89543
8.89011
8.87333
8.76041
8.62163
8.90635
8.75484
8.87261
8.88988
8.75987
8.89247
8.75055
8.76648
8.74203
8.87906
8.88103
8.76211
8.61523
8.76657
8.49849
8.74678
8.48499
8.20488
8.75804
8.76307
8.617
8.49225
8.8817
8.61179
8.76154
8.75085
8.48484
8.75709
8.75623
8.74252
8.75987
8.47725
8.48703
8.76117
9.00881
8.76714
8.77633
8.5055
8.7502
8.89395
8.60539
8.78667
8.76282
8.19201
8.76122
8.89011
8.76088
8.89461
8.46998
8.7564
8.75716
8.76069
8.88683
8.76581
8.35154
8.87325
8.77758
8.75635
8.75093
8.76989
8.75224
8.4872
8.78934
8.49288
8.49479
8.77778
8.60612
8.47495
8.89171
8.49479
8.47652
8.49776
8.76714
8.76724
8.35188
8.4486
8.79339
9.2688
9.26478
8.90335
8.77536
8.76307
8.46574
8.89624
8.76292
8.76003
8.88632
8.7423
8.76323
8.74849
8.50152
8.49862
8.50491
8.74324
8.76233
9.0227
8.88182
8.49855
8.21666
8.34751
8.89349
8.61172
8.8837
8.23163
8.61849
8.50219
8.78364
8.77669
8.5031
8.74302
8.76751
8.78734
8.63362
9.11463
8.88605
8.49184
8.22196
8.88708
8.48257
8.7738
8.89453
8.88106
8.47835
8.88323
8.71972
8.75536
8.50192
8.88406
8.61134
8.76724
8.77126
8.90515
8.90199
8.75059
8.77324
8.91858
8.90831
8.89545
8.49183
8.48913
8.76906
8.91088
8.75769
8.90051
8.76003
9.26909
8.76508
8.91631
8.88001
8.89747
8.77271
8.78104
8.90525
8.7619
