93.4726
93.37
93.3442
93.3522
93.8981
93.565
93.565
93.565
93.9402
93.9402
93.9402
93.9402
93.9393
93.9393
93.7574
93.7574
93.7574
93.7574
93.7574
94.4883
94.4883
94.4883
94.4882
94.4882
94.4882
94.8508
94.8448
94.8448
94.8448
94.8448
94.8448
94.8448
94.8448
94.8448
94.8448
94.8448
94.8448
94.8448
94.1755
94.1755
94.1755
94.1755
94.1755
94.1755
94.1755
94.1249
94.1249
94.1249
94.1249
94.1249
94.1249
94.1249
94.1237
94.1237
94.1237
94.1461
94.1461
94.1461
94.1461
94.1461
94.1461
94.1461
94.1461
94.1461
94.1461
94.1461
94.1461
94.4968
94.4968
94.4968
94.4968
94.4968
94.4968
94.4968
94.4968
94.4968
94.4968
94.4968
94.4988
94.4988
94.4988
94.4988
94.4988
94.4988
94.4988
94.4986
94.4986
94.4986
94.4986
94.4986
94.4986
94.4976
94.4976
94.4976
94.4976
94.4976
94.4976
94.4976
94.4976
94.4976
94.4976
94.4976
94.4976
94.4976
94.4976
94.4976
94.4976
94.4976
94.4976
94.4976
94.4976
94.4976
94.4976
94.4976
93.874
93.874
93.874
93.874
93.874
93.874
93.874
93.874
93.874
93.874
93.8054
93.8054
93.8054
93.8054
93.7587
93.7587
93.7587
93.7587
93.7587
93.7587
93.7587
93.7582
93.7582
93.7582
93.7582
93.7582
93.7582
93.7582
93.7582
93.7582
93.7582
93.7582
93.7582
93.7582
93.7582
93.755
93.755
93.755
93.755
93.755
93.755
93.755
93.755
93.755
93.755
93.755
93.755
93.755
93.755
93.755
93.755
93.755
93.755
93.755
93.755
93.755
93.755
93.755
93.755
93.755
93.755
93.755
93.755
93.755
93.755
93.755
93.755
93.755
93.755
93.755
93.755
93.755
93.755
93.755
93.755
93.755
93.755
93.7377
93.7377
93.7377
93.7377
93.7377
93.7377
93.7377
93.7377
93.7377
93.7377
93.7377
93.7377
93.7377
93.7377
93.7377
93.7377
93.7377
93.7377
93.7377
93.7377
93.7377
93.7377
93.7377
93.7377
93.7377
93.7377
93.7377
93.7377
93.7377
93.7377
93.7377
93.7377
93.7377
93.7377
93.7377
93.7377
93.7377
93.7377
93.7377
93.7377
93.7377
93.7377
93.7377
93.7377
93.7377
93.7377
93.7377
93.7377
93.7377
93.7377
93.7377
93.7377
93.7377
93.7377
93.7377
93.7377
93.7377
93.7377
93.7377
93.7377
93.7377
93.7377
93.7377
93.7377
93.7377
93.7377
93.7377
93.7377
93.7377
93.7377
93.7377
93.7377
93.7377
93.7377
93.7377
93.7377
93.7377
93.7377
93.7377
93.7377
93.7377
93.7377
93.7377
93.7377
93.7377
93.7377
93.7377
93.7377
93.7377
93.7377
93.7377
93.7377
93.7377
93.7377
93.7377
93.7377
93.7377
93.7377
93.7377
93.7377
93.7377
93.7377
93.7377
93.7377
93.7377
93.7377
93.7377
