6.72588
6.90766
6.90766
6.90801
6.90801
7.03145
7.03145
7.03145
7.03145
7.03145
7.03145
7.03145
7.03177
7.03177
7.09921
7.09921
7.09921
7.09921
7.09921
7.09921
7.09921
7.09921
7.09921
7.09921
7.09921
7.09921
7.0993
7.0993
7.0993
7.0993
7.0993
7.0993
7.0993
7.0993
7.0993
7.0993
7.0993
7.0993
7.37853
7.37853
7.37853
7.37853
7.37853
7.37853
7.37853
7.37853
7.37853
7.37853
7.37853
7.37853
7.37853
7.37853
7.37853
7.37853
7.37853
7.37853
7.37853
7.37853
7.37853
7.37853
7.37853
7.37853
7.37853
7.37853
7.37853
7.37853
7.37853
7.37853
7.37853
7.37853
7.37853
7.37853
7.37853
7.37853
7.37853
7.37853
7.37853
7.37853
7.37853
7.37853
7.37853
7.37853
7.37853
7.37853
7.37853
7.37857
7.37857
7.37857
7.37857
7.37857
7.37857
7.37857
7.37857
7.37857
7.37857
7.37857
7.37857
7.37857
7.37857
7.37857
7.37857
7.37857
7.37857
7.37857
7.37857
7.37857
7.37857
7.37857
7.37857
7.37857
7.37857
7.37857
7.37857
7.37857
7.61316
7.61316
7.61316
7.61316
7.61316
7.61316
7.61316
7.61316
7.61316
7.61316
7.61316
7.61316
7.61316
7.61316
7.62789
7.62789
7.62789
7.62789
7.62789
7.62789
7.62789
7.62805
7.62805
7.62805
7.62805
7.62805
7.62805
7.62805
7.62805
7.62805
7.62805
7.62805
7.62805
7.62805
7.62805
7.62805
7.62805
7.62805
7.62805
7.62805
7.62805
7.62805
7.62805
7.62805
7.62805
7.62805
7.62805
7.62805
7.62805
7.62805
7.62805
7.62805
7.62805
7.62805
7.62805
7.62805
7.62805
7.62805
7.62805
7.62805
7.62805
7.62805
7.62805
7.62805
7.62805
7.62805
7.62805
7.62805
7.62805
7.62805
7.62805
7.62805
7.62805
7.62805
7.62805
7.62805
7.62805
7.62805
7.62805
7.62805
7.62805
7.62805
7.62805
7.62805
7.62805
7.62805
7.62805
7.62805
7.62805
7.62805
7.62805
7.62805
7.62805
7.62805
7.62805
7.62805
7.62805
7.62805
7.62805
7.62805
7.62805
7.62805
7.62805
7.62805
7.62805
7.62805
7.62805
7.62805
7.62805
7.62805
7.62805
7.62805
7.62805
7.62805
7.62805
7.62805
7.62805
7.62805
7.62805
7.62805
7.62805
7.62805
7.62805
7.62805
7.62805
7.62805
7.62805
7.62805
7.62805
7.62805
7.62805
7.62805
7.62805
7.62805
7.62805
7.62805
7.62805
7.62805
7.62805
7.62805
7.62805
7.62805
7.62805
7.62805
7.62805
7.62805
7.62805
7.62805
7.62805
7.62805
7.62805
7.62805
7.62805
7.62805
7.62805
7.62805
7.62805
7.62805
7.62805
7.62805
7.62805
7.62805
7.62805
7.62805
7.62805
7.62805
7.62805
7.62805
7.62805
7.62805
7.62805
7.62805
7.62805
7.62805
7.62805
7.62805
7.62805
7.62805
7.62805
7.62805
7.62805
7.62805
7.62805
7.62805
