9.4375
9.4375
9.4375
9.4375
9.4375
9.4375
9.4375
9.4375
9.4375
9.4375
9.4375
9.4375
9.4375
9.5
9.5
9.54219
9.725
9.725
9.725
9.90781
9.90781
9.90781
9.90781
9.90781
9.90781
9.90781
9.94532
9.94532
9.94532
9.94532
9.94532
9.94532
9.94532
9.94532
9.94532
9.94532
9.94532
9.96094
9.96094
10.0125
10.0125
10.0125
10.0125
10.0125
10.0125
10.0422
10.0422
10.0422
10.0422
10.0422
10.0422
10.0422
10.0422
10.0422
10.0422
10.0422
10.0422
10.0422
10.0422
10.0422
10.0422
10.0422
10.1625
10.1625
10.1625
10.1625
10.1625
10.1625
10.1625
10.1625
10.1625
10.1625
10.1625
10.1625
10.1625
10.1625
10.1625
10.1625
10.1625
10.1625
10.1625
10.1625
10.1625
10.1625
10.2391
10.2391
10.2516
10.2516
10.2516
10.2516
10.2516
10.2516
10.2516
10.4188
10.4188
10.4188
10.4188
10.4188
10.4188
10.4188
10.4188
10.4188
10.4188
10.4188
10.4188
10.4188
10.4188
10.4188
10.4188
10.4188
10.4188
10.4188
10.4188
10.4188
10.4188
10.4188
10.4188
10.4188
10.4188
10.4516
10.4516
10.4516
10.4516
10.4516
10.4516
10.4516
10.4516
10.4516
10.4516
10.4516
10.4516
10.4516
10.4516
10.4516
10.4516
10.4516
10.4516
10.4516
10.4516
10.4516
10.4516
10.4516
10.4516
10.4516
10.4516
10.4516
10.4516
10.4516
10.4516
10.4516
10.4516
10.4516
10.4516
10.4516
10.4516
10.4516
10.4516
10.4516
10.4516
10.4516
10.4516
10.4516
10.4516
10.4516
10.4516
10.4516
10.4516
10.4516
10.4516
10.4516
10.4516
10.4516
10.4516
10.4516
10.4516
10.4516
10.4516
10.4516
10.4516
10.4516
10.4516
10.4516
10.4516
10.4516
10.4516
10.4516
10.4516
10.4516
10.4516
10.4516
10.4516
10.4516
10.4516
10.4516
10.4516
10.4516
10.4516
10.4516
10.4516
10.4516
10.4516
10.4516
10.4516
10.4516
10.4516
10.4516
10.4516
10.4516
10.4516
10.4516
10.4516
10.4516
10.4516
10.4516
10.4516
10.4516
10.4516
10.4516
10.4516
10.4516
10.4516
10.4516
10.4516
10.4516
10.4516
10.4516
10.4516
10.4516
10.4516
10.4516
10.4516
10.4516
10.4516
10.4516
10.4516
10.4516
10.4516
10.4516
10.4516
10.4516
10.4516
10.4516
10.4516
10.4516
10.4516
10.4516
10.4516
10.4516
10.4516
10.4516
10.4516
10.4516
10.4516
10.4516
10.4516
10.4516
10.4516
10.4516
10.4516
10.4516
10.4516
10.4516
10.4516
10.4516
10.4516
10.4516
10.4516
10.4516
10.4516
10.4516
10.4516
10.4516
10.4516
10.4516
10.4516
10.4516
10.4516
10.4516
10.4516
10.4516
10.4516
10.4516
10.4516
10.4516
10.4516
10.4516
10.4516
10.4516
10.4516
10.4516
10.4516
10.4516
10.4516
10.4516
10.4516
10.4516
10.4516
10.4516
