10.4909
10.4909
10.5719
10.5719
10.572
10.572
10.572
10.572
10.572
10.572
10.572
10.572
10.572
10.572
10.572
10.572
10.572
10.572
10.572
10.572
10.572
10.572
10.5724
10.5724
10.5724
10.5724
10.5849
10.5849
10.5849
10.5849
10.5849
10.5849
10.5849
10.5849
10.5849
10.5849
10.5849
10.5849
10.5849
10.5849
10.5849
10.5849
10.5849
10.5849
10.5849
10.7153
10.7153
10.7153
10.7153
10.7153
10.7153
10.7153
10.7184
10.7184
10.7184
10.7184
10.7184
10.7184
10.7184
10.7184
10.7184
10.7184
10.7184
10.7184
10.7184
10.7184
10.7184
10.7184
10.7184
10.7184
10.7184
10.7184
10.7184
10.7184
10.7184
10.7184
10.7184
10.7184
10.7184
10.7184
10.7184
10.7184
10.7184
10.7184
10.7184
10.7184
10.7184
10.7184
10.7184
10.7184
10.7184
10.721
10.721
10.721
10.721
10.721
10.721
10.721
10.721
10.721
10.721
10.721
10.721
10.721
10.721
10.721
10.721
10.721
10.721
10.721
10.721
10.721
10.721
10.721
10.721
10.721
10.721
10.721
10.721
10.721
10.721
10.721
10.721
10.721
10.9149
10.9149
10.9149
10.9149
10.939
10.939
10.939
10.939
10.939
10.939
10.939
10.939
10.939
10.939
10.939
10.939
10.939
10.939
10.939
10.939
10.939
10.939
10.939
10.939
10.939
10.9484
10.9484
10.9484
10.9484
10.9484
10.9484
10.9484
10.9484
10.9484
10.9484
10.9484
10.9484
10.9484
10.9484
10.9484
10.9484
10.9484
10.9484
10.9484
10.9484
10.9484
10.9484
10.9484
10.9484
10.9484
10.9484
10.9484
10.9484
10.9484
10.9484
10.9484
10.9484
10.9484
10.9484
10.9484
10.9484
10.9484
10.9484
10.9484
10.9484
10.9484
10.9484
10.9992
10.9992
10.9992
10.9992
10.9992
10.9992
10.9992
10.9992
10.9992
10.9992
10.9992
10.9992
10.9992
10.9992
10.9992
10.9992
10.9992
10.9992
10.9992
10.9992
10.9992
10.9992
10.9992
10.9992
10.9992
10.9992
10.9992
10.9992
10.9992
10.9992
10.9992
10.9992
10.9992
10.9992
10.9992
10.9992
10.9992
10.9992
10.9992
10.9992
10.9992
10.9992
10.9992
10.9992
10.9992
10.9992
10.9992
10.9992
10.9992
10.9992
10.9992
10.9992
10.9992
10.9992
10.9992
10.9992
10.9992
10.9992
10.9992
10.9992
10.9992
10.9992
10.9992
10.9992
10.9992
10.9992
10.9992
10.9992
10.9992
10.9992
10.9992
10.9992
10.9992
10.9992
10.9992
10.9992
10.9992
10.9992
10.9992
10.9992
10.9992
10.9992
10.9992
10.9992
10.9992
10.9992
10.9992
10.9992
10.9992
10.9992
10.9992
10.9992
10.9992
10.9992
10.9992
10.9992
10.9992
10.9992
10.9992
10.9992
10.9992
10.9992
10.9992
10.9992
10.9992
10.9992
10.9992
