5476
3199
3225
3315
3296
3341
3146
3321
3210
3299
3165
3217
3214
3140
3331
3245
3212
3234
5556
5482
3204
3265
3307
3181
3204
3287
3247
3297
3306
3166
3310
3237
3193
3293
5574
5759
3219
5682
3266
3059
3323
3298
3259
3299
3257
3289
3292
3321
3314
3313
3347
3138
3345
3251
3265
3270
3197
3276
5524
3206
5661
3293
3226
3081
3267
3259
3177
5630
3083
3133
3323
3286
3239
3314
3214
3296
3301
3252
5715
5609
3302
3204
3251
3245
5765
5642
3269
3313
5513
5653
3354
3266
3250
3313
3221
3232
3464
3204
3368
5739
5863
3404
3269
3250
3333
3342
3264
5793
3319
3351
3388
5736
3351
3286
5888
3379
3374
3396
3443
6036
3362
3404
5975
3374
5820
5871
3296
3397
3452
3403
3435
3399
5812
5871
3417
3355
3262
3184
3426
3362
5708
3512
3376
3409
3387
5830
3447
3275
3304
3267
3383
3200
3200
5604
3229
3305
5655
3298
3460
5531
3220
3308
5615
3152
3256
3267
3177
3319
3191
3217
3083
3057
3186
3263
3126
3147
3284
3233
3228
3251
3240
3192
3148
3166
5472
3294
3264
3196
3089
3229
5588
3174
3136
3268
3179
3266
3167
5453
3231
3166
3284
3207
5487
5292
3139
3275
3143
3220
3177
3139
3298
3295
3085
3228
3212
3139
5542
3249
3242
3280
3324
3240
3345
3238
3194
2951
3311
5491
3238
3378
3112
3241
2988
3201
3307
5429
3151
3271
5551
5532
3375
3171
5398
3174
3176
3200
3130
5547
3373
3229
3292
5676
3219
3195
3293
5496
5581
3203
3174
3185
3237
5720
3355
5686
5572
3236
3216
3260
3224
3326
5467
3200
5635
3296
3392
5674
3046
3236
3293
3390
3305
3311
3332
3284
3315
3400
3231
3190
2963
5557
3292
5629
3340
3285
3317
5532
5503
3288
