7.99911
8.1432
8.1432
8.1465
8.34875
8.34875
8.34875
8.34875
8.48781
8.48781
8.48781
8.48781
8.48781
8.48781
8.48781
8.48781
8.48781
8.48781
8.48781
8.75895
8.75895
8.75895
8.75895
8.75895
8.75895
8.89368
8.89368
8.89368
8.89368
8.89368
8.89368
8.89368
8.89368
8.89368
8.89368
8.89368
8.89368
8.89368
8.92404
8.92404
8.92404
8.92404
8.92404
8.92404
8.92404
8.92404
8.92404
8.92404
8.92404
8.92404
8.92404
8.92404
8.92404
8.92404
8.92404
8.93249
8.93249
8.93249
8.93249
8.93249
8.93249
8.93249
8.93249
8.93249
8.93249
8.93249
8.93249
9.06443
9.06443
9.06443
9.06443
9.06443
9.06443
9.06443
9.06443
9.06443
9.06443
9.06443
9.06517
9.06517
9.06517
9.06517
9.06517
9.06517
9.06517
9.06517
9.06517
9.06517
9.06517
9.06517
9.06517
9.06517
9.06517
9.06517
9.06517
9.06517
9.06517
9.06517
9.06517
9.06517
9.06517
9.06517
9.06517
9.06517
9.06517
9.06517
9.06517
9.06517
9.06517
9.06517
9.06517
9.06517
9.06517
9.06517
9.06517
9.06517
9.06517
9.06517
9.06517
9.06517
9.06517
9.06517
9.06517
9.06517
9.06517
9.06517
9.06517
9.06517
9.06517
9.06517
9.06517
9.06517
9.06517
9.06517
9.06517
9.06517
9.06517
9.06517
9.06517
9.06517
9.06517
9.06517
9.06517
9.06517
9.06517
9.06517
9.06517
9.06517
9.06517
9.06517
9.06517
9.06517
9.06517
9.06517
9.06517
9.06517
9.06517
9.06517
9.06517
9.06517
9.06517
9.06517
9.06517
9.06517
9.06517
9.06517
9.06517
9.06517
9.06517
9.06517
9.06517
9.06517
9.06517
9.06517
9.06517
9.06517
9.06517
9.06517
9.06517
9.06517
9.06517
9.06517
9.06517
9.06517
9.06517
9.06517
9.06517
9.06517
9.06517
9.06517
9.06517
9.06517
9.06517
9.06517
9.06517
9.06517
9.06517
9.06517
9.06517
9.06517
9.06517
9.06517
9.06517
9.06517
9.06517
9.06517
9.06517
9.06517
9.06517
9.06517
9.06517
9.06517
9.06517
9.06517
9.06517
9.06517
9.06517
9.06517
9.06517
9.06517
9.06517
9.06517
9.06517
9.06517
9.06517
9.06517
9.06517
9.06517
9.06517
9.06517
9.06517
9.06517
9.06517
9.06517
9.06517
9.06517
9.06517
9.06517
9.06517
9.06517
9.06517
9.06517
9.06517
9.06517
9.06517
9.06517
9.06517
9.06517
9.06517
9.06517
9.06517
9.06517
9.06517
9.06517
9.06517
9.06517
9.06517
9.06517
9.06517
9.06517
9.06517
9.06517
9.06517
9.06517
9.06517
9.06517
9.06517
9.06517
9.06517
9.06517
9.06517
9.06517
9.06517
9.06517
9.06517
9.06517
9.06517
9.06517
9.06517
9.06517
9.06517
9.06517
9.06517
9.06517
9.06517
9.06517
9.06517
9.06517
9.06517
9.06517
9.06517
9.06517
9.06517
9.06517
9.06517
9.06517
9.06517
9.06517
