90
90
90
90
90
90
90
90
90
90
90
90
90
90
90
90
90
90
90
90
90
90
90
90
90
90
90
90
90
90
90
90
90
90
90
90
90
90
90
90
90
90
90
90
100.182
96.2835
95.0455
95.0455
94.9384
94.9384
94.9384
94.9178
94.9178
94.9178
94.8189
94.8189
94.8189
94.8047
94.8047
94.8047
94.7243
94.7243
94.7243
94.7243
94.7243
94.7243
94.7243
95.3233
95.3233
95.3233
95.3233
95.3233
95.2269
95.2269
95.2269
95.2269
95.2269
95.2269
95.2269
95.2269
95.2269
95.2269
95.2269
95.2269
95.2269
95.2269
95.2269
95.2269
95.2269
95.2269
95.2269
95.2269
95.2269
95.2269
95.2269
95.2269
95.2269
95.2269
95.2269
95.2269
95.2269
95.2269
95.2269
95.2269
95.2269
95.2269
95.2269
95.2269
95.2269
95.2269
95.2269
95.2269
95.2269
95.2269
95.2269
95.2269
95.2269
95.2269
95.2269
95.2269
95.2269
95.2269
95.2269
95.2269
95.2269
95.2269
95.2269
95.2269
95.2269
95.2269
95.2269
95.2269
95.2269
95.2269
95.2269
95.2269
95.2269
95.2269
95.2269
95.2269
95.2269
95.2269
95.2269
95.2269
94.9777
94.9777
94.9777
94.9777
94.9777
94.9777
94.9777
94.9777
94.9777
94.9777
94.9777
94.9777
94.9777
94.9777
94.9777
94.9777
94.9777
94.9777
94.9777
94.9777
94.9777
94.9777
94.9777
94.9777
94.9777
94.9777
94.9777
94.9777
94.9777
94.9777
94.9777
94.9777
94.9777
94.9777
94.9777
94.9777
94.9777
94.9777
94.9777
94.9777
94.9777
94.9777
94.9777
94.9777
94.9777
94.9777
94.9777
94.9777
94.9777
94.9777
94.9777
94.9777
94.9777
94.9777
94.9777
94.9777
94.9777
94.9777
94.9777
94.9777
94.9777
94.9777
94.9777
94.9777
94.9777
94.9777
94.9777
94.9777
94.9777
94.9777
94.9777
94.9777
94.9777
94.9777
94.9777
94.9777
94.9777
94.9777
94.9777
94.9777
94.9777
94.9777
94.9777
94.9777
94.9777
94.9777
94.9777
94.9777
94.9777
94.9777
94.9777
94.9777
94.9777
94.9777
94.9777
94.9777
94.9777
94.9777
94.9777
94.9777
94.9777
94.9777
94.9777
94.9777
94.9777
94.9777
94.9777
94.9777
94.9777
94.9777
94.9777
94.9777
94.9777
94.9777
94.9777
94.9777
94.9777
94.9777
94.9777
94.9777
94.9777
94.9777
94.9777
94.9777
94.9777
94.9777
94.9777
94.9777
94.9448
94.9448
94.9448
94.9448
94.9448
94.9448
94.9448
94.9448
94.9448
94.9448
94.9448
94.9448
94.9448
94.9448
94.9448
94.9448
94.9448
94.9448
94.9448
94.9448
94.9448
94.9448
