20000
20000
20000
20000
20000
20000
20000
20000
20000
20000
20000
20000
20000
20000
20000
20000
20000
20000
20000
20000
20000
20000
20000
20000
20000
20000
20000
20000
20000
20000
20000
20000
20000
20000
20000
20000
20000
20000
20000
20000
20000
20000
20000
20000
8.01536
9.98333
10.3751
10.3751
10.6012
10.6012
10.6012
10.6458
10.6458
10.6458
10.8653
10.8653
10.8653
10.8977
10.8977
10.8977
11.084
11.084
11.084
11.084
11.084
11.084
11.084
11.084
11.084
11.084
11.084
11.084
11.2896
11.2896
11.2896
11.2896
11.2896
11.2896
11.2896
11.2896
11.2896
11.2896
11.2896
11.2896
11.2896
11.2896
11.2896
11.2896
11.2896
11.2896
11.2896
11.2896
11.2896
11.2896
11.2896
11.2896
11.2896
11.2896
11.2896
11.2896
11.2896
11.2896
11.2896
11.2896
11.2896
11.2896
11.2896
11.2896
11.2896
11.2896
11.2896
11.2896
11.2896
11.2896
11.2896
11.2896
11.2896
11.2896
11.2896
11.2896
11.2896
11.2896
11.2896
11.2896
11.2896
11.2896
11.2896
11.2896
11.2896
11.2896
11.2896
11.2896
11.2896
11.2896
11.2896
11.2896
11.2896
11.2896
11.2896
11.2896
11.2896
11.2896
11.2896
11.2896
11.2896
11.2896
11.2896
11.2896
11.2896
11.2896
11.2896
11.2896
11.2896
11.2896
11.2896
11.2896
11.2896
11.2896
11.2896
11.2896
11.2896
11.2896
11.2896
11.2896
11.2896
11.2896
11.2896
11.2896
11.2896
11.2896
11.2896
11.2896
11.2896
11.2896
11.2896
11.2896
11.2896
11.2896
11.2896
11.2896
11.2896
11.2896
11.2896
11.2896
11.2896
11.2896
11.2896
11.2896
11.2896
11.2896
11.2896
11.2896
11.2896
11.2896
11.2896
11.2896
11.2896
11.2896
11.2896
11.2896
11.2896
11.2896
11.2896
11.2896
11.2896
11.2896
11.2896
11.2896
11.2896
11.2896
11.2896
11.2896
11.2896
11.2896
11.2896
11.2896
11.2896
11.2896
11.2896
11.2896
11.2896
11.2896
11.2896
11.2896
11.2896
11.2896
11.2896
11.2896
11.2896
11.2896
11.2896
11.2896
11.2896
11.2896
11.2896
11.2896
11.2896
11.2896
11.2896
11.2896
11.2896
11.2896
11.2896
11.2896
11.2896
11.2896
11.2896
11.2896
11.2896
11.2896
11.2896
11.2896
11.2896
11.2896
11.2896
11.2896
11.2896
11.2896
11.2896
11.2896
11.2896
11.2896
11.2896
11.2896
11.2896
11.2896
11.2896
11.2896
11.2896
11.2896
11.2896
11.2896
11.2896
11.2896
11.2896
11.2896
11.2896
11.2896
11.2896
11.2896
11.2896
11.2896
11.2896
11.2896
11.2896
11.2896
11.2896
11.2896
11.2896
11.2896
11.2896
11.2896
11.2896
11.2896
