0
0
0
0
0
0
0
0
0
0
0
0
0
0
0
0
0
0
0
0
0
0
0
0
0
0
0
0
0
0
0
0
0
0
0
0
0
0
0
0
0
0
0
0
1202
1312
1351
1234
1209
1277
1265
1309
1271
1178
1350
1352
1246
1348
1289
1330
1426
1304
1238
1311
1377
1371
1264
1368
1327
1311
1263
1306
1291
1374
1217
1322
0
1259
1225
1286
1301
1319
0
1322
1265
1278
0
0
1312
1383
1362
1357
1241
1327
1277
1198
1387
1316
1280
1281
1316
1283
1348
1390
1231
1251
1383
1428
1330
1262
1292
1520
1357
1308
1353
1297
1368
1385
1178
1369
1405
1245
1316
1147
1330
1250
1354
1298
1214
1250
1286
1345
1339
1236
1320
1228
1323
1308
1183
1288
1262
1290
1334
1318
1350
1233
1223
1160
1244
0
0
0
0
0
0
0
0
0
0
0
0
0
0
0
0
0
0
0
0
0
0
0
0
0
0
0
0
0
0
0
0
0
0
0
0
0
0
0
0
0
0
0
0
0
0
0
0
0
0
0
0
0
0
0
0
0
0
0
0
0
0
0
0
0
0
0
0
0
0
0
0
0
0
0
0
0
0
0
1145
1120
0
1193
0
1221
1248
1182
1151
1241
1175
1262
1147
1202
1261
1122
1117
1266
1194
1237
1146
1237
1225
1352
1227
1048
1320
1288
1110
1214
1177
1303
1166
1211
1199
1182
1282
1232
1232
1178
1272
1198
1156
1242
1214
1151
1292
1293
1200
1178
1087
1218
1139
1181
1215
1223
1239
1214
1225
1292
1284
1215
1177
1141
1296
1171
