90
95.2484
94.1409
92.8926
93.3799
94.7675
90
93.6487
94.2431
92.7731
94.1988
93.401
94.2365
92.9436
95.3285
94.2923
90
94.8825
90
93.9783
93.57
94.5429
90
93.2955
90
90
90
93.0676
93.7868
93.9515
95.3334
90
93.7023
96.4618
93.9352
90
93.5749
93.3587
93.2249
92.8608
93.1571
90
90
94.5015
95.8211
90
94.5319
94.1682
92.8213
94.2893
94.776
92.9994
97.535
92.8921
93.5012
95.4436
93.5775
94.482
94.5518
95.2102
93.6147
94.5064
90
93.9437
93.7203
96.2779
95.5457
93.289
90
90
94.9416
95.0901
94.2105
93.5714
95.3327
93.5715
93.1304
94.7663
94.2785
93.5982
95.318
90
95.2478
92.8766
94.8832
96.0912
94.9423
95.7901
93.6405
93.8971
95.4612
94.8359
92.9783
93.3155
95.2264
94.8208
93.0677
93.1468
93.9455
93.1308
93.9
94.2523
90
93.2846
90
94.2675
95.0707
90
93.9349
94.3246
95.3905
94.2399
94.6213
94.2182
90
93.9412
90
90
94.7773
93.2616
94.2447
94.3657
90
93.5486
93.6336
94.0357
95.3675
93.0754
93.2544
90
94.7442
93.4088
94.3994
90
94.3633
92.7841
93.4118
93.3864
92.8271
93.8859
93.6252
94.2294
93.2149
93.6618
93.848
93.5774
93.1673
92.8469
92.8947
93.917
93.9618
95.3385
93.6382
90
90
90
94.4573
93.4322
92.7933
93.2305
92.7954
94.9492
95.2254
93.8562
94.9772
93.8446
95.0824
92.9512
95.2014
94.9579
90
93.6595
95.4113
90
94.5982
93.1795
93.4414
95.0869
90
94.5163
95.2154
90
94.5822
93.0261
94.7578
93.2675
94.1439
95.358
90
94.9902
92.7403
92.7841
93.4017
94.8844
90
92.7939
95.6453
95.0999
95.2315
93.8959
93.5528
90
90
93.2416
93.4922
93.0942
93.5421
96.6927
92.8709
94.3754
95.107
94.9759
92.9808
93.6065
93.3993
93.6701
94.862
92.9502
90
90
90
93.9125
90
95.0088
94.6459
93.8602
95.5351
95.5007
90
93.2799
93.502
90
92.7936
93.9263
95.1637
94.4651
94.2033
93.2305
94.4324
94.4615
93.6538
95.707
92.9056
90
94.6123
93.2623
94.4917
92.9192
93.9382
93.2617
93.106
93.5152
95.8159
94.2803
94.6096
93.5308
92.9097
92.735
93.4308
93.0855
94.5328
93.2692
90
94.2105
93.1491
94.7458
93.5382
94.5158
94.9394
94.5505
94.8498
92.8702
92.8793
93.5728
90
90
95.6089
90
90
93.6508
95.3458
94.4241
94.9686
94.3235
96.5257
93.677
95.937
93.1976
95.1089
94.7334
92.9894
93.5435
93.0928
93.5522
96.4759
93.8065
94.5287
92.7265
93.1061
90
94.1214
