6.37258
6.38761
5.85053
6.34054
6.17154
6.18535
6.64771
6.172
6.38665
6.36559
6.40962
6.48856
5.83792
6.52323
6.35036
6.38207
6.21902
6.1688
6.54096
6.05169
6.06566
6.37531
6.65692
6.3799
6.15851
6.53504
6.20673
6.84704
6.08068
6.30505
5.79063
6.52404
6.36319
5.63832
6.50587
6.36882
6.1749
6.17709
6.20496
6.32821
6.34188
7.16711
6.52753
6.46163
6.17377
6.40232
6.08274
6.10408
6.47272
6.39727
6.18738
6.51766
5.29091
6.67695
6.68386
6.09887
6.67515
5.70806
6.10754
6.02881
6.17277
6.40769
6.68465
6.18007
6.17897
6.04764
6.08326
6.54376
6.46606
6.96563
6.05184
6.0782
6.0612
6.39867
6.37011
6.32405
6.83984
6.22962
6.04389
6.17272
5.68314
6.67736
5.69163
6.07639
6.14765
5.72154
6.12756
5.64566
6.28249
6.19888
5.87997
6.17095
6.54013
6.14386
5.84703
6.18499
6.6727
5.99478
6.3123
6.32668
6.19732
6.37833
6.49277
6.03769
6.95571
6.50492
6.17005
6.675
6.03855
5.86198
6.01621
6.0759
6.39862
6.18611
6.68738
5.93246
6.40839
6.98382
5.86285
6.40307
6.39086
5.90143
6.55012
6.1931
6.30803
6.02215
6.17869
6.84271
6.1771
6.98631
6.16358
6.00938
5.78093
6.44648
6.32967
6.34633
6.5076
6.5147
6.33773
6.1792
6.05693
5.95771
6.31148
6.40557
6.2128
6.21742
6.68167
6.33838
6.3057
6.10492
6.48636
6.14611
6.31096
6.58002
6.30289
6.98939
6.33651
6.11711
6.49188
6.68393
6.64407
6.48619
6.15968
6.00187
6.16657
5.80527
6.07519
6.18489
6.14702
6.1487
6.52327
6.15355
5.97869
6.41017
5.70475
6.19571
6.2281
6.10009
6.39038
6.32247
6.15662
6.43351
6.31949
6.38514
6.19449
6.17613
6.16909
6.34112
6.38598
6.04218
6.48886
6.3223
6.18945
6.15826
6.55422
6.3806
5.80538
6.01759
6.16435
6.04653
6.06636
6.95287
6.41373
6.29868
5.76158
6.96788
6.67149
5.84712
6.31365
6.41402
6.15265
6.47688
6.29944
6.43116
6.47376
6.16595
6.17155
6.81077
6.48465
6.67004
6.81886
6.27003
6.85526
5.54523
5.66082
6.31903
6.33469
6.04979
6.67537
6.39927
6.07708
6.50307
6.32575
6.60965
6.05683
6.31034
6.40741
6.30564
6.31207
6.31807
6.1561
5.9912
6.313
6.48256
6.24846
6.12622
6.30818
6.32014
5.81484
6.31727
6.48297
6.17838
6.16178
6.38612
6.27752
6.07548
6.29527
6.53923
6.69899
6.14688
5.69603
6.15512
6.68511
6.39481
6.33235
6.32189
6.09703
6.31084
6.15886
6.17876
6.15707
6.25174
6.31318
6.65854
6.67235
7.01775
5.86479
6.48132
6.65257
6.16225
5.99807
5.66755
6.1014
5.86257
5.54189
6.16014
5.79367
6.1878
6.03308
6.22888
6.85008
6.04786
6.02818
6.16815
5.55195
6.56945
5.69589
6.34443
6.15172
6.43972
5.87204
