9.98862
10.1153
10.0801
10.2388
10.1262
10.0346
10.2797
10.3568
10.3498
10.3231
10.1731
10.2949
10.3369
10.2344
10.461
10.2358
10.3338
10.2585
10.3452
10.1642
10.0816
10.34
10.3674
10.1713
9.96737
10.3409
10.1238
10.2649
10.0289
10.4365
10.2178
10.077
10.2292
10.2543
10.401
10.1941
9.99089
10.0965
10.3957
10.4391
10.1359
10.529
10.1426
10.3819
10.2088
10.2471
10.0483
10.3738
10.0284
10.2634
10.2472
10.0861
10.1254
10.3442
9.98302
10.1718
10.2787
10.2558
10.1155
10.4044
10.2293
9.98873
10.0823
10.135
10.3423
10.3296
10.3547
10.3946
10.1624
10.2322
10.1695
10.336
10.3177
10.0965
10.1833
10.2585
10.0622
9.97464
10.1339
10.2535
10.2591
10.0775
10.2541
10.3716
9.99267
10.3347
10.3317
10.3022
10.2164
10.2959
10.1883
10.0668
10.2715
10.1646
10.1527
10.0788
10.2548
10.0658
10.1515
10.1662
10.3283
9.84343
10.0434
10.0622
10.2482
10.1533
10.0505
9.98068
9.97659
10.1535
10.1677
10.3386
10.1712
10.0746
10.419
9.96459
9.99118
10.4507
10.0702
10.2616
10.2148
10.2167
10.2431
10.1914
9.80265
10.0293
10.1527
10.1829
10.1663
10.0305
10.1219
9.79865
10.07
9.89771
10.1397
10.1655
10.333
10.1737
10.0718
10.0665
9.98476
10.2261
9.97248
10.2522
9.87835
10.4286
10.0382
9.80626
10.1392
10.0962
10.307
10.1522
10.199
10.1005
9.98186
9.97797
9.95706
10.0711
10.0894
10.0673
10.0618
9.92807
10.0761
10.0691
10.0729
10.0014
10.4098
9.99722
9.94291
10.1292
10.1252
9.89784
10.1476
9.94716
10.0248
10.0636
10.0293
9.94768
10.07
9.91805
9.94276
10.1533
9.98443
9.98287
10.0354
9.98836
10.0759
9.966
9.98294
10.1434
10.0082
10.2628
10.1729
9.9776
10.1515
9.96166
10.0904
10.0319
9.97602
10.2464
10.2046
10.0962
10.005
10.1961
10.173
10.0799
10.1527
10.5775
9.89771
10.042
9.95133
10.2362
10.0577
10.1604
10.3375
9.9941
10.1853
10.0067
10.2386
10.2579
10.0547
9.94734
9.95581
10.1527
9.9858
10.3441
10.1586
10.1985
10.1443
10.1846
9.94869
10.3956
10.0447
9.77683
9.96844
10.1276
10.0703
10.0791
10.2242
10.1277
10.3747
10.4008
9.97745
10.2585
10.1891
9.83096
10.1448
10.0746
10.2211
10.087
10.1461
10.2644
10.112
10.1069
9.66971
9.94163
9.90056
10.001
10.0993
10.0521
10.1544
10.0397
9.90252
10.0746
10.2359
10.2093
9.87978
10.1161
9.76281
10.1353
9.85649
10.3188
10.286
10.1393
10.2642
10.0379
10.1577
10.1381
9.92371
10.2322
10.1351
10.359
10.0606
10.1451
9.88862
10.0651
9.67375
10.217
10.0064
10.0881
10.0522
10.1919
9.95494
9.98059
9.89386
10.1627
10.1784
9.83394
10.1196
10.3355
10.2495
