10.4768
10.3892
10.4794
10.4932
10.3945
10.6523
10.4476
10.4503
10.5158
10.4718
10.4138
10.4296
10.4188
10.5379
10.4877
10.4908
10.5276
10.4264
10.3454
10.4924
10.3708
10.4366
10.4843
10.3854
10.5503
10.5134
10.544
10.3857
10.5984
10.529
10.4901
10.5026
10.5982
10.3236
10.4387
10.5128
10.4855
10.494
10.4896
10.3348
10.4939
10.529
10.4832
10.3726
10.4991
10.3973
10.5044
10.5032
10.4667
10.4597
10.4824
10.4892
10.4859
10.4451
10.5041
10.3338
10.4999
10.498
10.3426
10.4959
10.46
10.4925
10.4418
10.5329
10.3143
10.4765
10.475
10.4748
10.5
10.5891
10.5033
10.5005
10.5764
10.4882
10.4442
10.5004
10.4951
10.5463
10.5391
10.4922
10.4043
10.5861
10.5252
10.567
10.5313
10.4683
10.5215
10.4353
10.4966
10.5394
10.4787
10.4973
10.4926
10.5251
10.5134
10.5262
10.48
10.4922
10.4483
10.5179
10.4822
10.4986
10.4933
10.4048
10.4041
10.5294
10.5491
10.5191
10.4931
10.5771
10.471
10.516
10.4871
10.501
10.4726
10.4878
10.4735
10.4489
10.5721
10.6079
10.4976
10.5235
10.5348
10.5363
10.4843
10.5073
10.4699
10.5758
10.4795
10.6127
10.4905
10.5793
10.3516
10.5118
10.5009
10.5109
10.4459
10.5397
10.5309
10.5155
10.4932
10.4354
10.4829
10.5049
10.4562
10.5372
10.6623
10.4935
10.5702
10.4575
10.5056
10.4469
10.5345
10.5266
10.5629
10.5789
10.4429
10.5751
10.4799
10.5485
10.5187
10.5198
10.35
10.4471
10.5904
10.4777
10.5761
10.542
10.5419
10.4997
10.5697
10.4818
10.4673
10.4822
10.4899
10.6139
10.5215
10.5778
10.5698
10.5245
10.5658
10.4766
10.3564
10.5175
10.5258
10.5228
10.4986
10.4849
10.5182
10.5725
10.535
10.4767
10.5712
10.5352
10.558
10.4768
10.5276
10.4924
10.5235
10.5061
10.5177
10.5475
10.6123
10.5276
10.542
10.473
10.5204
10.5098
10.5406
10.5255
10.5144
10.5372
10.4148
10.5054
10.5265
10.4934
10.4446
10.5269
10.5874
10.5273
10.5138
10.4906
10.4749
10.4563
10.5451
10.4693
10.4969
10.5195
10.5132
10.5933
10.5277
10.6061
10.5677
10.3649
10.5316
10.5284
10.5766
10.5094
10.5054
10.4748
10.5203
10.5201
10.5453
10.5626
10.6269
10.3778
10.5835
10.5309
10.4954
10.5349
10.522
10.5413
10.5076
10.4954
10.4434
10.545
10.45
10.4843
10.5003
10.4693
10.5651
10.5201
10.507
10.4985
10.5685
10.5276
10.4666
10.523
10.5287
10.5596
10.5532
10.5394
10.5292
10.4907
10.504
10.5553
10.5723
10.5437
10.5042
10.5954
10.5012
10.5346
10.5773
10.5418
10.537
10.5377
10.4201
10.6217
10.58
10.5036
10.5634
10.5006
10.5799
10.6216
10.5996
10.4891
10.6158
10.5318
10.5112
10.5036
10.6034
