3542
3579
3502
3482
3508
3541
3468
3507
3524
3579
3507
3536
3496
3522
3533
3633
3587
3679
3549
3598
3504
3600
3567
3549
3460
3621
3634
3643
3610
3589
3588
3507
3639
3495
3643
3660
3551
3502
3567
3529
3520
3558
3556
3592
3635
3552
3532
3570
3601
3559
3468
3621
3536
3529
3616
3533
3669
3545
3569
3550
3568
3590
3512
3597
3552
3606
3588
3602
3590
3549
3535
3557
3636
3618
3587
3641
3660
3593
3615
3563
3441
3642
3550
3586
3624
3566
3609
3580
3564
3635
3558
3573
3543
3513
3577
3683
3614
3590
3561
3532
3572
3570
3580
3515
3619
3655
3702
3650
3471
3586
3547
3657
3593
3569
3450
3515
3524
3611
3621
3547
3591
3471
3532
3529
3554
3604
3542
3601
3516
3593
3594
3596
3440
3581
3629
3571
3594
3592
3507
3561
3565
3577
3580
3600
3579
3534
3621
3661
3573
3619
3619
3681
3676
3590
3559
3612
3519
3598
3530
3717
3637
3654
3582
3482
3522
3531
3569
3571
3554
3620
3550
3532
3561
3638
3551
3655
3584
3620
3666
3605
3654
3570
3557
3570
3547
3547
3637
3572
3558
3638
3675
3591
3584
3573
3601
3670
3562
3550
3588
3606
3526
3728
3644
3576
3469
3613
3520
3666
3550
3646
3644
3722
3593
3551
3587
3590
3537
3655
3673
3671
3627
3611
3609
3621
3646
3604
3666
3559
3578
3609
3507
3590
3618
3601
3715
3646
3672
3555
3546
3624
3578
3521
3619
3578
3473
3422
3680
3573
3427
3636
3625
3574
3631
3611
3556
3460
3514
3621
3691
3566
3527
3681
3513
3528
3540
3648
3572
3600
3512
3598
3501
3571
3571
3624
3598
3553
3552
3574
3593
3625
3592
3510
3599
3554
3571
3642
3525
3629
3550
3608
3644
3526
3571
3616
3717
3547
3509
3471
3584
3526
3561
