7.17343
8.29627
7.36793
7.40095
7.39934
7.96219
7.35805
7.5048
7.94703
7.38005
7.93866
7.72819
7.38149
7.60696
8.30672
7.95684
7.04525
7.95012
7.36892
7.51111
7.3597
8.03381
7.4891
7.57591
7.08563
7.45364
7.17067
7.96022
7.48367
7.75967
7.74922
7.24374
7.73475
7.97682
7.94204
7.32617
7.48508
7.40881
7.38703
7.36111
7.49953
7.34665
7.49152
8.09486
8.31451
7.35128
7.74795
7.63496
7.50434
7.96628
7.93899
7.61687
8.06492
7.73234
7.96921
8.0684
7.98808
7.35384
7.75433
7.94296
7.49432
8.06163
7.49218
7.63235
7.52032
8.35269
8.11737
7.74768
7.26229
7.26393
7.86809
7.94883
7.61845
7.70788
8.31989
7.63483
7.9878
7.98834
7.6208
7.49228
7.62007
7.35856
7.62507
7.13835
7.94711
7.95574
7.94722
7.76198
7.61816
7.6348
7.88364
7.94718
7.63195
7.36332
7.77041
7.9605
7.79601
7.14843
7.75357
7.47726
7.62651
7.93953
7.27054
7.23197
7.49923
8.07634
8.04214
7.51389
7.48211
7.4617
7.99232
7.63513
8.09401
7.73509
7.37512
7.37759
7.3552
7.95459
7.62996
7.6121
7.94911
7.50822
7.35391
7.49992
7.63959
7.50477
8.14608
7.97913
7.36887
7.27672
7.90482
7.26969
7.37373
7.3699
7.93213
7.36861
7.7531
7.76203
7.37781
7.60775
7.38653
7.50113
7.48914
7.75016
7.61939
7.53495
7.86169
7.38202
7.37466
7.53699
7.94152
8.09853
7.65062
7.41345
7.27753
7.37378
7.9646
7.38558
7.51451
7.87469
7.67128
8.3081
8.05279
7.41026
8.01116
7.21352
7.95644
7.27184
8.06633
7.97035
7.42956
7.49433
7.96176
7.28715
7.39208
7.37492
7.49354
7.98329
7.37072
7.98509
8.08549
7.39317
7.9795
7.49716
7.94664
7.37763
7.69038
8.30785
7.37105
7.88848
7.49735
7.34127
7.44616
7.95885
7.37669
7.40318
7.88666
7.89037
8.09144
7.47751
7.37239
7.8745
7.40001
7.49119
7.04825
8.10014
7.97392
8.31362
7.37084
8.02472
8.03202
8.31171
7.38406
7.75545
7.72428
7.51209
7.94842
7.89578
7.37411
7.38782
7.36754
7.70501
7.55989
7.37809
7.37471
7.73188
8.36916
8.07589
7.36407
7.61341
7.36563
7.39172
7.35708
8.03243
7.96029
7.95463
7.96202
7.492
7.94072
7.95268
7.49971
8.09388
7.38348
7.27857
7.96311
7.30927
7.97098
7.39415
7.25991
7.518
7.62488
7.47346
8.30231
7.95716
7.96157
7.3768
7.35757
7.54093
7.958
7.27555
7.3712
7.35695
7.28893
7.94061
7.49527
8.06989
7.39137
7.97303
7.97871
7.85962
7.94788
7.30854
7.37232
7.96857
7.6168
7.70404
7.94133
7.1623
7.53826
7.51434
7.96336
7.29764
7.94052
7.45652
7.95253
7.51454
7.96089
7.3746
7.92487
7.96829
7.95337
7.34835
7.17147
7.48687
7.95827
7.96522
7.37753
7.34752
7.29251
7.33214
7.40011
