90
90
90
90
90
90
90
90
90
90
90
90
90
90
86.6884
90
90
90
90
90
90
90
90
90
90
90
90
90
90
90
90
90
86.8973
90
90
90
90
90
87.308
90
90
87.4029
90
90
90
90
90
90
90
90
90
90
90
90
90
90
90
90
90
90
90
90
90
90
90
90
90
90
90
90
90
90
90
90
90
90
90
90
90
90
90
90
87.3537
90
87.3916
90
90
90
90
90
90
90
90
90
90
90
90
90
90
90
90
87.5262
90
90
90
87.2991
90
87.5178
90
87.2866
90
90
90
90
90
90
90
90
90
90
90
87.2904
90
90
90
90
90
90
90
90
90
90
90
90
90
90
90
90
90
90
90
90
90
90
90
90
90
90
90
90
90
90
90
90
90
90
90
90
90
90
90
90
90
90
90
90
87.5365
90
90
90
90
90
90
90
86.6854
87.5799
90
87.5716
90
90
90
90
90
90
90
90
90
90
90
90
90
90
90
90
90
90
90
90
90
90
90
87.4597
90
90
90
90
90
90
90
90
90
90
90
90
90
90
90
90
90
90
90
90
90
90
90
90
90
90
90
90
90
90
90
90
90
90
87.5293
90
90
90
92.3543
90
90
90
90
90
90
90
90
90
90
86.2682
90
90
90
90
90
90
90
90
90
90
90
90
90
90
87.511
90
90
90
90
90
90
90
90
90
90
90
90
90
90
90
90
90
90
90
90
90
90
90
90
90
90
90
90
90
90
90
