4.02611
4.02135
3.51594
3.81267
3.80225
3.70378
4.02726
3.81177
4.14479
3.81501
4.15751
4.0191
4.01845
4.1285
4.1314
3.82007
4.10687
3.80487
4.05429
3.60069
3.84251
3.77099
3.81121
3.85261
3.93434
3.79094
4.11729
3.84524
3.85021
3.98537
3.97374
4.12075
4.35846
3.86937
3.63738
3.8005
3.82447
3.90583
4.07111
3.87271
3.79591
4.37683
4.17266
3.79401
3.80456
3.79766
3.8126
3.80185
3.57865
3.85838
3.72231
4.17458
4.01737
3.84582
3.82461
3.90718
3.68249
3.74585
4.0514
3.93321
3.8281
3.93422
4.16057
3.90353
3.68095
3.83729
3.84354
3.78573
3.90046
3.58971
3.98065
4.00224
4.005
3.82494
3.82289
3.9153
4.17836
4.00303
4.1332
3.84752
4.1594
4.064
4.36299
3.80965
4.23642
3.89256
3.88783
3.81159
3.8105
3.84122
3.86206
3.83097
3.73541
3.80945
3.85316
4.16672
3.8127
3.83394
3.71028
4.18094
3.84589
4.16684
3.9819
4.13943
4.12075
4.38459
3.91054
4.49202
3.80041
4.39215
3.89734
3.88135
3.89627
4.00186
3.80341
4.00722
3.81785
3.81523
3.86145
4.00289
3.48082
4.39917
4.06109
3.91262
3.79377
3.80124
3.71352
3.70996
3.82393
3.90376
3.78903
3.47635
3.98555
3.78569
3.60939
3.99233
3.80791
3.78043
3.79974
4.19263
3.795
3.78998
3.74596
3.99567
4.16898
3.81369
3.78676
3.89636
3.9004
3.84358
3.74215
4.05571
4.17675
3.73839
4.0015
3.7921
3.85103
4.30294
3.78409
3.7921
3.57391
3.83765
3.81637
4.06605
3.72246
3.70241
4.18016
3.85639
3.69706
4.18048
3.8354
3.79444
3.82385
3.7969
4.30909
4.16745
3.86937
4.05168
3.88971
3.90766
3.79101
4.0488
3.81159
3.83631
3.90775
4.00224
3.7814
4.18016
4.0237
3.67619
3.84675
4.00965
3.69847
3.79926
4.01303
3.46871
4.13522
3.78231
3.69522
3.87157
3.5972
4.15414
3.89363
3.71187
3.6242
3.70934
3.91274
3.8992
4.04956
3.81077
3.70872
3.72292
3.78027
3.56634
3.41712
2.70925
3.99676
3.70465
3.50978
3.80512
3.79984
3.71744
3.71162
3.67721
2.89227
3.99196
3.77903
3.48627
3.66477
3.7072
3.81413
3.46351
3.59676
3.05724
3.67212
3.17243
3.67102
3.67494
3.58555
3.58215
1.72694
3.7064
3.625
3.73242
3.82885
3.80637
3.7802
4.03977
3.45717
3.61773
3.48857
3.75659
3.79624
3.50259
3.79528
3.3692
3.80454
3.80952
3.41746
3.91056
3.74447
3.37362
3.78963
3.90678
3.81662
3.81604
3.6874
3.07367
4.01174
3.81354
4.01258
3.80116
3.69108
2.88317
3.68185
4.01461
3.99937
3.4956
2.76966
3.83521
2.77619
3.70052
3.88426
3.48427
3.5657
3.69314
3.70323
3.58474
3.70648
3.73293
3.79456
3.8268
3.71432
3.80211
3.6264
3.81896
3.81896
3.82703
