1.83469
1.76249
1.7601
1.75154
1.99195
1.73743
1.80425
1.5945
1.72805
1.7769
1.78989
1.73947
1.92748
1.76476
1.67212
1.86729
1.71896
1.76613
1.77415
1.73339
1.82104
1.79693
1.96553
1.72673
1.84999
1.73309
1.82183
1.8995
1.77041
1.67657
1.72763
1.74443
2.07163
1.77292
1.62791
1.84157
1.75096
1.90176
1.74429
1.73532
1.7602
1.68839
1.71555
1.6934
1.60155
1.79653
1.78838
1.73242
1.88412
1.72401
1.598
1.72037
1.83391
1.82608
1.65504
1.68508
1.84837
1.84658
1.7576
1.70985
1.77846
1.98031
1.76174
1.79757
1.73339
1.723
1.74372
1.72426
1.86761
1.65226
1.7127
1.64589
1.84613
1.64163
1.71207
1.81741
1.76336
1.72226
1.72113
1.82366
1.79496
1.8275
1.73606
1.72269
1.81367
1.76867
1.74344
1.91332
1.911
1.77152
1.68407
1.71865
1.76131
1.79612
1.77779
1.81891
1.83116
1.77441
1.81889
2.00287
1.88552
1.71038
1.73083
1.8568
1.82339
1.74603
1.7972
1.64907
1.71772
1.75352
1.86799
1.72455
1.73053
1.67875
1.69384
1.78506
1.64459
1.76417
1.75111
1.68965
1.70598
1.80781
1.84678
1.76848
1.75198
1.73585
1.69164
1.72359
1.76474
1.78234
1.86607
1.76994
1.87135
1.65716
2.02371
1.71481
1.84286
1.74446
1.87379
1.8966
1.67754
1.76243
1.71558
1.95847
1.73864
1.92677
1.81863
1.78392
2.42051
1.77868
1.7229
1.92622
1.69256
1.84404
1.83755
1.8705
1.83852
1.85764
1.77996
1.68207
1.74892
1.84833
1.78863
1.85558
1.94259
1.78863
1.7482
1.72236
2.07521
1.85301
1.86296
1.90535
2.02085
1.85301
1.71252
1.79769
1.74554
1.82301
1.76253
1.8134
1.88755
1.84913
1.79653
1.83529
1.90652
1.82268
1.88231
1.743
1.97094
1.89846
1.94556
1.8271
1.80649
1.79842
2.04336
1.86235
1.79939
1.89546
1.89135
1.76334
1.91019
1.99057
1.89428
1.82268
1.97656
1.93512
1.79363
1.92882
1.82766
1.89336
1.84057
1.88801
1.87392
1.81666
1.76872
1.84723
1.7972
1.75954
1.90095
1.76675
1.71325
1.97921
1.96627
1.71592
2.16917
1.89555
1.88611
1.93791
2.18467
2.00105
1.76265
1.63091
1.948
2.03022
1.88386
1.85109
2.13547
1.80736
1.94793
1.69536
1.78686
1.79033
1.94694
2.04592
1.75616
1.84124
2.21865
1.71831
1.86904
1.75581
2.00187
1.85657
1.91642
1.81164
1.94364
2.031
1.81072
2.00977
1.68304
1.76539
1.80151
2.05168
2.02869
1.85809
1.66759
1.81177
1.75754
1.75902
1.72525
1.73476
1.75616
1.79554
1.75607
1.78444
1.96488
1.81997
1.92837
1.80465
1.91453
1.75616
1.86609
1.80597
1.84762
1.89475
1.70931
1.76594
1.76079
1.93577
1.75419
1.86005
1.8538
1.70696
1.75828
1.91752
1.73483
1.80877
1.75853
1.81769
