11.7467
11.7488
11.4071
11.9565
11.7637
11.8673
11.7795
11.8372
11.881
11.8229
11.364
11.8943
11.8729
11.9846
12.3351
11.6637
11.5442
11.8397
11.4989
11.8486
11.6963
11.7012
11.743
11.6433
11.793
11.9041
11.6871
11.634
11.9489
11.7825
11.6812
11.849
12.1524
11.7929
11.5836
11.932
11.9169
12.0601
12.1806
11.9932
11.9388
11.9906
11.7332
11.321
11.8838
11.8697
11.8532
11.8885
11.7506
12.1121
11.8731
11.9937
11.8274
11.8629
11.8057
11.6727
11.8185
11.952
11.2435
11.7414
11.8377
11.5025
11.3658
11.8711
11.7866
11.8598
11.8121
11.8068
11.5657
11.6877
11.291
11.9922
11.5443
11.6042
11.8343
11.7183
11.8494
11.8498
11.7679
11.7758
11.4029
11.8208
11.6996
11.5304
11.374
11.7359
11.4076
11.6274
11.0539
11.6629
11.9147
11.5182
11.7871
11.5883
11.5006
11.8558
11.5951
11.9329
11.497
11.8892
11.5629
11.62
11.7513
11.4772
11.9399
11.7876
11.6594
11.7922
11.6851
11.7991
11.7291
11.8285
11.773
11.67
11.8762
11.8111
12.0593
11.8765
11.9383
11.842
11.9054
11.6951
11.9451
11.6261
11.7061
11.9058
11.8686
11.9057
11.912
11.741
11.912
11.9206
11.6458
11.867
11.6959
11.8703
11.9718
11.8342
11.7197
11.8901
11.7139
11.8712
11.8624
11.907
11.6544
11.7364
11.9584
11.7039
12.0555
11.7325
11.7335
11.9114
11.6726
11.7316
11.8078
11.8486
11.8425
11.8161
11.8551
11.8085
11.8805
11.8727
11.738
11.8622
11.8892
11.7627
11.8401
11.7299
11.921
11.7564
11.8379
11.6434
11.739
11.8266
11.9689
11.8615
11.5473
11.9085
11.7813
11.8292
11.799
11.7277
11.8165
11.7373
11.6228
11.6454
11.8423
11.8405
11.7207
11.8335
11.3336
11.662
11.8697
11.7725
11.9332
11.92
11.3861
11.7921
11.8274
11.877
11.646
11.3822
11.527
11.8114
11.2911
11.8687
11.5074
11.8274
11.3576
11.8187
11.7896
11.9328
11.9081
11.838
11.7991
12.1556
12.0329
11.4795
11.8312
11.8168
11.8643
11.6231
11.7037
11.744
11.9422
11.7775
11.3054
11.6626
11.7302
11.9339
11.8345
11.7343
11.8318
11.8702
11.8087
12.3407
12.1917
12.2376
11.7989
11.7647
12.2645
11.842
11.7012
11.5958
11.1223
11.9416
11.3314
11.3856
11.3484
11.4286
12.0882
11.7347
11.5298
11.8911
11.7761
11.7496
11.9752
11.9664
11.3812
11.9482
11.5235
11.4743
11.9443
11.7589
11.8523
12.1376
12.1421
11.8623
11.7637
12.1725
11.8235
11.8413
11.7374
11.878
12.1225
12.015
12.0166
11.6976
11.8027
11.3677
12.2186
11.5084
11.8141
11.8809
11.8519
11.547
11.6777
11.7776
11.872
11.8114
12.1126
11.2432
11.8617
11.9899
11.6329
11.8244
11.8076
11.7582
