2713
2200
2203
2260
2223
2242
2382
2335
2260
2282
2272
2356
2398
2377
2341
2223
2483
2391
2502
2407
2405
2515
2351
2364
2480
2536
2432
2588
2579
2541
2541
2442
2571
2646
2447
2495
2544
2475
2597
2580
2570
2752
2505
2528
2633
2686
2520
2516
2593
2602
2585
2673
2539
2650
2639
2660
2560
2627
2506
2563
2541
2689
2467
2543
2548
2381
2480
2488
2463
2376
2421
2564
2493
2454
2406
2567
2612
2633
2510
2523
2590
2525
2591
2548
2475
2391
2443
2526
2398
2488
2498
2459
2466
2528
2512
2567
2508
2481
2475
2382
2429
2549
2486
2511
2587
2425
2441
2484
2552
2575
2533
2523
2582
2542
2500
2547
2453
2503
2539
2497
2521
2575
2435
2460
2461
2513
2481
2435
2535
2476
2463
2509
2490
2470
2470
2567
2491
2513
2473
2493
2462
2372
2423
2471
2342
2412
2505
2425
2507
2420
2393
2536
2425
2471
2551
2460
2412
2509
2628
2534
2547
2495
2554
2523
2344
2487
2508
2623
2474
2540
2533
2456
2343
2531
2518
2426
2352
2495
2426
2420
2414
2366
2299
2319
2363
2347
2392
2589
2415
2303
2278
2376
2365
2361
2537
2358
2408
2416
2501
2471
2429
2318
2360
2439
2282
2392
2352
2249
2317
2389
2326
2343
2389
2314
2264
2312
2358
2292
2274
2277
2309
2255
2306
2226
2304
2279
2178
2167
2208
2258
2143
2130
2187
2219
2165
2207
2133
2127
2182
2086
2088
2133
2156
2191
1909
2123
2109
2042
2065
2085
2145
2030
2088
2095
2070
2180
2168
2179
2006
2128
2067
2017
2161
2199
2117
2236
2098
2228
2249
2151
2216
2154
2063
2144
2118
2231
2216
2162
2131
2152
2214
2155
2252
2213
2223
2223
2191
2196
2223
2195
2197
2253
2270
2252
2270
2217
2193
2259
