3.28151
3.28151
3.27864
3.25789
3.28813
3.27226
3.47942
3.28161
3.16969
3.27234
3.27103
3.28021
3.26975
3.26317
2.70391
3.07068
3.27331
3.28456
3.2746
3.27845
3.46338
3.28602
3.28457
3.27864
3.2736
3.27234
3.27645
3.15322
3.02746
3.38874
3.28077
3.28077
3.04102
3.07174
3.27141
3.2746
3.18729
3.25595
2.92568
3.18254
3.15162
3.28905
3.26613
3.28295
3.27924
3.46296
3.15817
3.28086
3.26623
3.04285
3.27338
3.26844
3.25377
3.28217
3.30738
3.27539
3.27864
3.15162
3.27234
3.27128
3.27387
3.2799
3.46727
3.15867
3.28554
3.27473
3.27692
3.38778
3.28409
3.28241
3.28077
3.15507
3.28582
3.28465
3.26928
3.15676
3.35864
3.16969
3.27387
3.27473
3.3577
3.18409
3.2815
3.2809
3.20011
3.2807
3.26438
3.16826
3.27128
3.3637
3.15016
3.26928
3.46158
3.16481
3.27632
3.18232
3.27234
3.27493
3.46767
3.18206
3.27989
3.16279
3.4685
3.3577
3.14903
3.27243
3.4672
3.46966
3.35901
3.27376
3.36316
3.46439
3.28787
3.27613
3.46023
3.46361
3.33577
3.16168
3.24658
3.4685
3.27308
3.29218
3.15262
3.28077
3.16505
3.15301
3.48035
3.15488
3.15958
3.46589
3.04719
3.26048
3.47424
3.27332
3.34526
3.26553
3.16204
3.16657
3.26923
3.46049
3.27932
3.05885
3.05846
3.05409
3.26955
3.16991
3.46697
3.28754
3.15146
3.27641
3.26664
3.27924
3.47209
3.47953
3.26451
3.47037
3.16481
3.47342
3.47272
3.27532
3.3577
3.3626
3.16915
3.26768
3.17403
3.27387
3.16136
3.46532
3.25972
3.26164
3.26497
3.15332
3.25215
3.28064
2.92275
3.16481
3.28841
3.04164
3.26164
3.25442
3.26525
3.25836
3.1712
3.17717
3.26951
3.47119
3.27387
3.29146
3.26794
3.26928
3.16738
3.273
3.26556
3.27764
3.15073
3.0542
3.17562
3.26642
3.16677
3.27059
3.16533
3.14416
3.2611
2.91688
3.27117
3.25706
3.26451
3.26078
3.26391
3.26164
3.16724
3.05004
3.04854
3.17187
3.15805
3.11866
3.05217
3.16246
3.16246
3.15317
3.26164
3.25608
3.26353
3.16698
3.26775
3.26164
3.16533
3.1724
3.26418
3.16023
3.25993
3.2672
3.03508
3.26642
3.25993
2.70662
2.61891
2.72348
3.16282
3.16412
2.73539
3.16473
3.25546
3.12662
3.26659
3.03451
3.27087
3.1753
3.16798
3.17787
2.732
2.2258
3.16367
2.64214
3.16511
3.25517
3.16478
3.15151
3.27025
3.14922
3.16259
3.17187
3.0518
3.0573
3.1713
2.89888
2.63181
3.03809
3.18175
3.01015
3.26868
3.16616
3.25993
3.16329
3.1454
3.13717
3.03387
3.04694
3.15659
3.16053
2.80206
3.16511
3.26683
2.63673
3.15597
3.15805
3.26261
3.16246
3.16346
3.26012
3.13698
3.25627
3.16412
3.0525
3.01821
3.16776
3.16356
3.26623
