102.815
104.367
102.752
103.115
103.775
101.694
101.959
105.66
102.048
102.054
102.785
102.252
102.451
102.584
102.171
103.454
102.477
103.49
106.569
102.273
103.838
102.761
107.193
107.201
103.764
102.241
106.853
106.614
102.461
102.659
102.972
102.462
103.214
102.207
102.536
103.972
101.418
102.556
102.611
102.87
102.319
102.454
102.294
103.483
103.391
103.161
102.239
102.55
102.253
102.646
103.442
102.836
103.862
103.721
102.619
101.899
102.827
102.635
102.709
103.755
102.734
102.799
102.274
103.249
102.666
102.741
103.528
102.591
103.79
103.501
102.158
103.483
102.717
101.958
106.872
102.579
103.374
101.673
103.409
102.657
101.972
102.979
101.531
102.482
103.543
103.456
102.337
103.067
102.574
102.945
102.45
102.045
102.11
103.343
103.127
102.65
101.935
102.199
102.381
102.597
102.188
102.468
102.545
102.546
103.048
102.316
102.884
102.086
101.205
102.285
103.594
102.659
102.427
101.667
103.022
102.437
101.875
101.969
102.108
102.85
102.634
102.887
102.93
101.785
101.575
102.138
102.597
102.029
101.635
101.609
103.009
102.414
102.367
102.264
102.661
102.434
102.373
101.599
102.853
103.197
102.072
102.391
102.064
101.938
102.392
102.482
101.662
102.548
102.122
102.84
103.997
101.65
101.332
101.87
101.526
103.064
101.487
101.735
102.386
102.815
106.225
101.919
103.084
101.493
102.274
102.165
102.621
101.773
102.172
106.504
103.375
102.939
101.421
102.615
101.996
105.987
102.438
106.137
103.104
103.357
107.186
102.636
106.409
107.093
102.361
102.433
102.569
104.865
103.565
102.35
101.533
101.651
102.55
106.679
102.515
106.073
101.405
102.046
102.218
102.712
101.763
106.533
101.583
102.643
102.381
102.093
103.035
102.455
102
102.739
102.749
101.874
105.391
106.366
102.488
105.418
103.234
102.51
103.958
102.276
105.335
103.058
105.973
102.493
103.803
103.568
106.879
105.814
101.683
101.824
103.53
105.428
103.062
103.176
103.934
104.257
102.691
106.476
106.486
103.589
104.601
106.814
102.297
102.606
102.815
106.108
103.379
103.721
103.263
103.013
103.627
103.595
101.729
107.444
105.735
102.658
106.84
103.803
103.046
106.917
105.652
106.945
106.999
105.47
103.433
107.95
102.594
102.989
106.624
104.535
103.439
103.324
103.292
103.247
105.884
102.562
103.507
102.564
103.186
105.372
104.346
102.881
103.889
102.483
102.04
101.938
103.455
107.91
103.406
102.132
102.074
103.472
101.895
103.302
106.218
103.021
103.627
107.296
106.872
