4.96694
4.02852
4.86395
4.47571
4.96362
4.97678
4.55496
3.58892
4.78144
4.86408
5.05482
4.66388
4.97806
4.96857
4.77197
4.95396
4.96987
4.62814
3.16584
5.07045
4.86221
5.05787
3.0555
3.05939
4.96169
4.86614
3.16628
3.27223
4.98775
4.86248
4.97634
4.96485
5.0579
5.07819
4.87624
4.90196
4.77916
4.87249
4.87119
4.86586
4.96115
5.06819
5.17626
5.05387
4.96122
5.06188
4.86433
4.96319
4.96764
4.87249
4.76405
4.86285
4.96918
4.64542
4.96779
4.78214
4.87474
4.96649
4.97137
4.96092
5.28302
4.77027
4.95632
4.62352
4.96197
4.9671
4.96113
4.77109
4.95915
5.04872
4.86654
5.05748
4.76852
4.77653
3.0555
5.27926
4.62741
4.96564
5.05616
5.32441
4.86608
5.06161
4.85988
4.96503
4.96191
4.96102
4.89351
4.90679
5.06929
5.17739
4.87048
5.06094
5.27438
5.06346
5.06766
5.2684
5.27612
5.06534
5.32291
5.27276
4.96669
5.28153
5.12474
5.06248
4.95779
4.96269
4.96955
5.28199
5.33634
4.85634
4.83851
5.05738
5.17452
5.2657
5.06116
5.23046
4.96696
5.27552
5.27373
5.06469
5.05363
5.05754
5.1177
5.26975
4.96082
4.94633
5.05286
5.27311
4.96874
4.95738
5.05852
4.96274
5.05675
4.96315
5.05739
4.94422
5.27983
4.87536
5.05606
5.05873
5.07197
5.06429
4.96465
4.96826
4.85502
4.96535
5.17516
4.85343
4.85735
5.11898
4.6978
5.2724
5.27996
5.12377
5.27984
5.06132
5.17149
4.96244
4.96567
5.12249
3.76795
5.16966
4.90247
5.27685
5.05974
5.11775
4.86108
5.16569
4.95005
3.67798
4.61804
4.73358
4.96426
5.1104
5.17213
3.67221
4.86295
3.37755
4.55108
4.81672
3.6612
5.11711
3.76749
3.66993
4.86715
5.10428
4.86186
4.38495
4.60415
4.96374
5.12036
5.17944
4.84934
3.87185
4.85926
3.97202
5.18316
4.95855
4.95225
4.9599
5.16197
3.77067
5.16282
5.11541
5.2726
5.1718
4.63972
4.84951
5.27346
4.85307
5.17427
5.17072
3.97288
4.16568
5.05854
4.18288
4.63869
4.94473
4.68726
4.8768
4.3865
5.11837
3.7632
5.17642
4.63993
4.63953
3.05732
4.16644
5.27451
5.27423
4.63121
4.2759
4.96512
5.11328
4.63721
4.5849
4.96005
3.75887
4.08032
4.79905
4.40222
3.65024
4.86308
4.97659
5.22156
4.38258
4.94369
4.73827
4.94601
5.05413
4.85232
4.94478
5.23415
3.65143
4.18477
4.84814
3.5721
4.94848
4.64031
3.76217
4.31416
3.6552
3.76027
4.06159
4.90189
3.24169
4.94528
4.65809
3.96661
4.37109
5.11065
4.93697
5.00821
4.9489
4.27781
4.77938
5.01465
4.95115
4.63882
4.37438
4.79959
5.05948
4.64193
5.38806
5.28602
5.21881
4.91097
3.56528
5.06783
5.38344
5.22187
4.90221
5.34244
5.00275
4.16193
4.86911
4.78244
3.65607
4.06804
