8.48446
8.51929
8.56604
8.65447
8.4858
8.59298
8.62098
8.51257
8.53927
8.56586
8.48044
8.63438
8.60772
8.60504
8.59823
8.68663
8.72666
8.67948
8.56051
8.56083
8.64241
8.64657
8.58362
8.60504
8.58184
8.54172
8.69355
8.7198
8.63349
8.68106
8.51361
8.56611
8.57012
8.69601
8.60445
8.57961
8.6037
8.55274
8.6236
8.64891
8.58212
8.57289
8.52729
8.61578
8.52868
8.59114
8.50054
8.64241
8.56523
8.56083
8.61026
8.57347
8.60445
8.62232
8.60007
8.51403
8.27713
8.61289
8.50724
8.56604
8.60389
8.61026
8.60007
8.68345
8.65171
8.56604
8.60644
8.61026
8.52868
8.61026
8.60892
8.65171
8.56604
8.64241
8.65097
8.52853
8.61696
8.56604
8.61026
8.52868
8.51403
8.68982
8.61427
8.61308
8.61555
8.51257
8.59834
8.65863
8.50054
8.26189
8.55859
8.63535
8.51257
8.50054
8.64317
8.46356
8.56083
8.65447
8.61078
8.64241
8.6478
8.64427
8.56354
8.4858
8.51257
8.56215
8.54042
8.54217
8.58628
8.28763
8.56269
8.52868
8.50724
8.59823
8.52868
8.53269
8.52868
8.56821
8.20178
8.4393
8.61252
8.64241
8.50218
8.36216
8.52073
8.59645
8.53649
8.66385
8.69474
8.52868
8.53269
8.5425
8.55941
8.61442
8.43453
8.52868
8.61442
8.54957
8.57289
8.65863
8.56343
8.28763
8.65545
8.60827
8.37624
8.58396
8.49884
8.57289
8.48714
8.57289
8.52868
8.56343
8.5414
8.57958
8.66117
8.47375
8.56083
8.44695
8.48714
8.53906
8.52868
8.52297
8.47375
8.48044
8.65545
8.53934
8.38295
8.48548
8.57289
8.56215
8.64657
8.56611
8.66211
8.52868
8.67258
8.64657
8.52868
8.65171
8.65863
8.57289
8.59114
8.69466
8.63222
8.64467
8.63222
8.58628
8.51658
8.56716
8.61541
8.63222
8.60609
8.65767
8.56083
8.57692
8.57289
8.6037
8.64657
8.59301
8.6135
8.563
8.67873
8.59791
8.62648
8.57289
8.65248
8.58586
8.66885
8.67642
8.62648
8.56316
8.61541
8.52831
8.68859
8.60986
8.59076
8.56083
8.58396
8.61026
8.64699
8.50957
8.59076
8.57193
8.51912
8.61353
8.67417
8.52868
8.60638
8.62192
8.54073
8.61541
8.5551
8.58184
8.48411
8.54217
8.63551
8.69786
8.67551
8.52736
8.60201
8.70092
8.66914
8.53501
8.59531
8.56885
8.68106
8.62192
8.53583
8.63765
8.62951
8.58326
8.53618
8.63222
8.59774
8.64891
8.76217
8.62648
8.50365
8.64757
8.6978
8.64057
8.66007
8.64757
8.64224
8.6978
8.65873
8.68886
8.65407
8.64107
8.6568
8.55941
8.71734
8.68447
8.5444
8.46345
8.57289
8.50724
8.75012
8.64555
8.52297
8.63997
8.61854
8.48681
8.5631
8.61073
8.62098
8.72722
8.57289
8.68106
8.63349
8.56873
8.62648
8.62637
8.52868
8.69653
8.61308
8.669
8.66781
8.67591
8.69653
