7.83967
8.84328
7.78338
8.65039
7.26242
8.55374
9.01931
8.80673
8.78797
8.31521
7.60814
8.90545
8.0169
8.05492
8.79622
7.48317
8.04981
8.15515
8.77206
7.9236
7.43477
7.59595
8.82224
8.82617
7.29112
8.42367
8.815
8.81427
8.10288
8.14149
7.52652
8.06858
7.40627
7.94092
8.2077
7.25864
8.79773
8.16517
8.16677
7.99886
8.17021
7.77898
7.35593
7.21009
7.45539
7.4011
8.46566
8.00573
8.18807
8.15876
7.84383
7.99647
7.23989
7.94521
7.99474
8.86168
8.00162
7.91979
7.91877
7.27083
7.26961
8.26607
7.83231
8.06408
7.91849
7.88369
7.41544
8.38638
7.3224
7.25157
8.15876
7.25322
8.34314
8.85756
8.80497
7.281
7.88922
8.22501
7.27329
7.20236
8.28986
7.26615
8.42015
8.06036
7.22932
7.44495
7.96889
7.29962
7.22947
7.26961
7.93274
7.78356
7.27083
7.25221
7.25221
7.22277
7.27083
7.91819
7.28447
7.26671
7.8275
7.32138
7.42717
7.25569
7.26103
7.95515
7.83153
7.24944
7.46116
8.01917
7.28328
7.25616
7.21427
7.46298
7.39917
7.29962
8.06992
7.24666
7.25355
7.25472
7.25047
7.26671
7.29659
7.24249
7.96022
7.93692
7.50008
7.24103
8.13172
8.18708
7.36319
7.91823
7.39836
7.94698
7.30847
7.43074
7.43074
8.41462
7.29962
7.29962
7.78544
7.43155
7.91161
7.72646
7.89694
7.83364
8.07563
7.93791
7.93205
7.23478
7.28448
7.4055
7.903
7.45665
7.22993
7.27684
7.78762
7.94187
7.92561
7.25548
7.89123
7.56231
7.32109
7.41103
7.51955
7.28694
7.81235
7.70232
7.94839
7.89694
8.0233
7.87174
8.4046
7.29703
7.46217
8.06481
7.94485
8.54935
8.34189
7.77153
7.85557
7.29842
7.79282
7.91161
7.90409
7.29318
7.86194
7.41932
7.82801
7.94778
7.70958
7.73863
7.89634
7.76382
7.93205
7.89042
7.89266
7.98281
7.89388
7.93919
7.69417
7.80972
7.85396
7.25911
7.4055
7.89694
8.07568
7.98752
7.64288
8.07811
7.43755
7.57722
7.93205
7.47716
7.80658
7.92614
7.93124
7.70458
7.42307
7.93205
7.63269
7.33135
8.03996
7.60313
7.98349
8.02854
8.97403
7.69226
7.40774
7.4037
8.04468
7.39989
7.76269
7.27333
7.83661
7.46681
7.89221
7.80876
7.89062
7.39418
7.98268
7.83661
8.04468
7.6183
7.2481
7.48255
7.50054
7.82175
7.59291
7.50502
7.66891
7.4913
7.56233
7.80658
7.77955
7.85635
7.93776
7.64456
8.07664
7.83013
7.85786
8.04468
7.87092
7.79627
7.23702
7.93531
7.69453
8.04481
7.69937
7.71268
7.23949
7.64757
7.44649
7.25173
7.45862
8.35346
7.26425
7.64148
7.96777
7.52544
7.28709
7.26415
7.94822
7.19396
7.23503
7.44006
7.24364
7.96544
7.68946
7.2601
7.34295
7.24364
7.22395
7.45965
7.24105
7.58517
7.43441
7.89982
7.39172
