4338
4399
4290
4262
4405
4332
4386
4388
4260
4167
4255
4269
4174
4306
4303
4168
4238
4262
4265
4186
4138
4248
4197
4271
3998
4202
4228
4238
3997
3990
4078
4048
4068
4084
4237
4022
4195
4042
4105
3910
4062
4026
4002
3890
4082
3878
4099
7188
6960
3998
3946
3848
3844
3892
3984
3959
3664
3829
6896
3895
3843
3922
3874
3533
3773
3941
6919
3905
3769
3989
7101
3837
3802
6988
3897
3816
3697
6749
3758
3688
3852
6921
3780
6929
3733
3777
6717
3559
3450
3648
3730
6555
3778
3783
3580
3625
6703
6733
3613
6570
3644
6704
3477
3581
3700
3766
3644
6611
3673
3585
3573
3705
3576
6812
3640
6615
6773
3636
3691
3508
3660
3595
3692
3707
5336
3313
3604
6573
6310
6422
3658
3521
3670
3631
3690
3658
6187
5381
3613
3746
6588
3596
6628
3627
3703
3559
3632
3725
6237
3586
3601
3593
6387
3520
3560
3575
3554
3691
6240
6487
3648
6492
3443
3546
3619
3549
3506
3588
3755
3715
3731
3703
3817
3664
3652
3763
3782
3671
3663
3785
3681
3731
3819
3752
3854
3720
3898
3750
3700
3893
3755
3871
3888
3851
3869
3868
3772
3818
3832
3789
3921
3706
3870
3745
3890
3922
3966
3835
4090
3849
3884
3881
3869
3778
3960
3856
3857
3902
3798
4018
3793
3878
3855
3745
3918
3947
4020
3793
3888
3725
3911
3721
3745
3876
3930
3790
4114
3765
4014
3881
3848
3938
3838
4130
3807
3864
3853
3888
3869
3962
3871
3837
3742
3778
3731
3850
3840
3854
3776
3738
3909
3724
3885
3874
3781
3865
3952
3902
3637
3720
3732
3908
3758
3692
3784
3795
3664
3783
3816
3779
3780
3767
3791
3805
3695
3666
3704
3714
3677
3662
3586
3709
3799
3573
3643
3826
3791
3771
3716
