8.5336
8.55869
8.38683
8.50656
8.52466
8.51781
8.37583
8.5265
8.53264
8.41544
8.50757
8.53163
8.51832
8.56469
8.56631
8.53429
8.53226
8.54087
8.38555
8.51777
8.52511
8.49845
8.51485
8.5241
8.5336
8.52139
8.50706
8.53226
8.56886
8.51969
8.44384
8.53107
8.53593
8.51413
8.52639
8.51402
8.33274
8.50967
8.52533
8.52094
8.52963
8.50408
8.38241
8.51139
8.511
8.52309
8.53697
8.52751
8.52419
8.5336
8.51361
8.50706
8.54243
8.5252
8.54741
8.51687
8.51841
8.51731
8.54302
8.52058
8.56873
8.52594
8.36419
8.42077
8.52101
8.53226
8.52939
8.51744
8.55353
8.53091
8.38197
8.53565
8.53398
8.52857
8.39656
8.52867
8.37882
8.36419
8.52392
8.55918
8.38181
8.41108
8.29566
8.53359
8.44458
8.52365
8.37943
8.29519
8.29435
8.51924
8.37315
8.38275
8.39453
8.50357
8.4501
8.51055
8.34993
8.489
8.52101
8.52058
8.34804
8.51924
8.43013
8.29182
8.32328
8.43631
8.55224
8.38653
8.29232
8.34876
8.36095
8.31688
8.35405
8.34781
8.48348
8.45032
8.36066
8.34804
8.38583
8.37453
8.30406
8.38257
8.46796
8.29182
8.22163
8.36049
8.40506
8.35908
8.31762
8.32114
8.46068
8.44876
8.30112
8.41816
8.34088
8.22104
8.54009
8.32952
8.38705
8.48225
8.40199
8.32976
8.34647
8.23549
8.32535
8.43346
8.50868
8.38683
8.26459
8.41695
8.32937
8.32617
8.44745
8.25839
8.22867
8.43848
8.33669
8.26203
8.44678
8.42337
8.3607
8.36203
8.3055
8.29042
8.33175
8.25945
8.35966
8.37631
8.37904
8.3574
8.43346
8.35065
8.35989
8.37656
8.34343
8.29328
8.36756
8.32482
8.43483
8.50736
8.52052
8.38961
8.3572
8.53582
8.33158
8.32015
8.3677
8.32341
8.38164
8.44397
8.26677
8.37082
8.36493
8.5241
8.38063
8.51888
8.36747
8.36541
8.37082
8.5418
8.36628
8.40717
8.38233
8.37214
8.52392
8.55566
8.37904
8.37795
8.52265
8.50562
8.5398
8.3572
8.33992
8.55743
8.5166
8.55479
8.369
8.3636
8.37723
8.32874
8.57273
8.51924
8.3658
8.54564
8.56275
8.51471
8.50319
8.52379
8.33803
8.37402
8.50297
8.36011
8.56712
8.51861
8.5257
8.37943
8.51471
8.37795
8.75074
8.37361
8.56118
8.3863
8.37013
8.38402
8.51901
8.70424
8.51158
8.55784
8.52551
8.52305
8.57044
8.56802
8.37433
8.55743
8.56837
8.37694
8.3772
8.7047
8.38321
8.5252
8.71735
8.55739
8.57273
8.37704
8.35902
8.38293
8.38358
8.36931
8.56425
8.37039
8.57046
8.55932
8.52662
8.36326
8.52246
8.50217
8.50465
8.35721
8.37235
8.51204
8.52704
8.38191
8.57273
8.57319
8.37223
8.36494
8.37716
8.71378
8.73322
8.5047
8.36326
8.3728
8.38583
8.53008
8.37444
8.37723
8.38708
8.57575
8.55165
