93.3207
86.6373
86.4239
86.6542
92.6793
85.0035
86.1696
93.3454
87.3134
85.6925
86.717
92.8784
84.0592
93.365
93.3393
90
90
86.4585
86.6723
86.8029
90
87.0956
95.0195
92.8414
94.0597
86.3313
90
93.966
93.8551
87.283
86.0885
85.1115
90
86.8734
86.233
93.7417
86.1602
94.2042
90
87.0873
84.1937
86.7232
90
90
90
83.4056
90
90
94.5116
90
94.5404
93.4533
92.5257
95.4413
90
94.7727
94.2678
90
90
90
94.4243
95.3093
85.592
90
90
90
90
90
93.8815
95.2309
94.5196
90
86.7834
87.0572
90
93.455
90
86.5613
87.3838
84.571
93.6481
90
90
86.6375
90
90
93.1938
90
90
90
86.7018
93.7608
84.148
90
90
92.8155
85.3744
90
90
90
93.2713
83.4847
90
90
87.0999
90
85.9885
90
90
90
90
94.1263
86.4059
90
86.8051
87.389
85.5349
90
86.6833
87.1818
90
87.18
90
87.3969
90
90
90
90
90
85.397
90
86.5507
86.9105
90
92.8844
90
90
90
87.535
86.7626
90
93.3314
92.8901
93.4781
90
87.1716
93.1727
85.9121
90
90
90
93.9175
90
90
90
93.8115
93.9521
93.1396
90
95.0102
94.3098
93.4758
90
93.3201
93.011
85.0532
93.0477
90
93.4792
93.6111
90
85.3553
93.1961
94.3165
90
93.1451
85.8204
93.5388
92.9915
90
90
93.0018
92.9347
90
90
92.8038
93.4126
94.0355
92.904
90
90
94.1024
93.6832
90
93.1787
93.5625
93.7593
90
90
86.9432
90
86.0329
90
94.6534
90
90
90
94.0772
90
90
90
90
90
90
