1.79043
4.38556
4.47255
4.38587
2.00224
4.97439
4.48107
1.8924
4.22554
4.48474
4.25679
1.89178
5.08699
1.43351
1.69871
3.62775
3.82496
4.37123
4.03944
4.23469
2.67813
4.02674
1.49372
1.54955
1.42889
4.605
3.81944
1.67798
1.60477
4.23775
4.60718
4.85828
1.96562
4.39072
4.37978
1.65736
4.5805
1.68725
4.10965
4.58846
4.36541
4.64917
4.15758
4.24117
3.81713
4.63878
1.57558
1.23423
1.57671
1.6783
1.57925
1.57985
2.37713
1.5854
3.82529
1.57492
1.57922
1.64659
4.03894
3.71905
1.66713
1.09637
3.83172
3.82461
2.3913
1.66477
2.16838
3.82851
1.78379
1.59943
1.64481
3.93724
4.5454
4.52293
4.03128
2.2821
3.96521
3.82962
4.2687
4.26054
1.87924
3.75357
1.66301
4.37725
3.8266
1.67446
1.8756
3.82316
2.35433
2.28913
4.37264
1.67242
4.37602
3.9591
2.37537
2.16665
3.81531
2.38155
2.17306
4.04632
2.07129
4.24222
4.03585
3.85792
4.37717
2.37779
3.62191
2.17552
3.62479
1.781
3.82751
1.68028
4.47646
2.41391
4.54811
4.26786
3.82688
4.27265
4.47603
4.27392
3.9302
4.03607
3.96307
4.26554
3.93475
2.28231
3.72459
2.07931
2.39956
4.11676
3.81735
4.15453
4.24537
2.28094
1.98332
1.89449
1.9853
2.17798
3.64414
3.82243
1.6754
1.788
1.79072
1.5768
1.27647
3.72366
1.68115
3.92242
1.78896
1.582
3.69852
1.6009
1.89969
1.679
3.81382
1.48001
1.57922
1.87344
3.81902
1.37461
1.47374
1.58102
2.07039
1.67406
1.72494
4.02874
1.76189
2.18158
1.56335
1.54358
1.55876
4.03153
1.67705
1.46338
1.59079
1.69065
4.23705
1.78333
1.77328
1.55231
1.67361
1.95498
1.96211
3.82578
4.02347
1.75659
1.79346
1.55041
1.78255
1.98581
1.58016
1.57447
1.68754
1.79738
1.88926
1.56766
1.66468
1.64456
1.9644
3.92948
2.01494
4.24875
2.05124
1.17448
1.91017
1.68026
1.69633
1.5681
1.9459
1.99544
3.81669
2.08299
2.06959
2.15569
