10.5184
11.7243
11.6961
11.6781
10.8226
11.7764
11.6944
10.396
11.8814
11.703
11.7289
10.2619
11.8116
11.8162
10.4814
11.2447
10.7554
11.7158
11.3268
11.7506
11.7646
10.8849
10.2837
11.8235
11.8516
11.672
10.9408
10.3613
10.4745
11.8274
11.6707
11.8109
11.6342
11.6426
11.7012
11.7985
11.5079
10.3706
11.8504
11.6565
11.6756
11.7735
11.6349
11.1228
10.8515
11.8455
10.5044
10.3751
10.3389
10.4596
10.8813
10.3107
11.6035
10.5216
11.261
10.3478
10.3621
9.58459
11.3196
10.7442
10.5451
11.8171
10.2885
11.4303
11.7244
10.2969
10.3746
11.1832
10.4647
10.3568
10.5023
11.525
11.9063
11.8431
10.2972
10.8307
11.6579
11.6134
11.6827
11.5789
10.3093
11.7311
10.2584
11.6894
10.7396
10.5302
10.3395
11.1303
10.603
10.1822
11.6138
10.382
11.6852
11.692
11.3947
11.3993
10.7645
10.4083
11.277
10.7026
10.6223
10.2522
10.8893
11.7206
11.6159
11.2317
11.2498
10.9161
11.1974
10.3933
10.9941
10.5809
11.6592
10.5987
11.8172
11.6513
11.229
11.7165
11.6018
11.6016
10.5624
10.3989
11.6893
11.6462
10.9737
10.1225
11.1697
10.5607
10.617
11.6724
10.8237
11.7142
10.3359
10.5461
10.3367
10.19
10.3856
10.6258
11.6329
10.4074
10.2458
10.5099
10.3491
10.3785
10.5903
10.8702
10.4002
10.2892
10.2846
10.316
10.1613
10.2173
10.3989
10.3225
10.2938
10.1762
10.5075
10.5474
10.0595
10.3294
10.3048
10.3221
10.4112
10.0367
10.5547
10.2504
10.0873
10.4336
10.3913
10.2629
10.5991
9.73525
10.3842
10.3564
10.0968
10.4171
9.59195
10.1155
10.1644
10.4553
10.3404
10.2566
10.3735
10.2976
9.57704
11.0258
10.35
10.3516
10.377
10.2874
10.342
10.1218
10.2176
10.326
10.2808
10.197
10.3727
10.4396
10.4642
10.2308
10.134
10.175
10.4541
10.2073
10.0576
9.88809
10.0031
10.2219
10.4117
10.1291
10.2122
10.4435
10.4104
10.3741
