1990
2308
2278
2268
1989
2300
2129
1940
2293
2071
2195
1850
2176
1749
1722
1968
2074
2114
2027
2175
2060
2245
2046
2041
2021
2287
2266
1987
2033
2386
2491
2487
2094
2458
2425
2249
2445
2146
2472
2570
2308
2478
2616
2598
2336
2162
1949
1864
1988
1963
1941
1844
1967
2058
2195
2052
1921
1808
2304
2220
1915
2019
1972
2299
2231
1813
2035
2304
2098
2091
2082
2235
2381
2449
2159
2193
2323
2295
2338
2114
2015
2314
1923
2279
2238
1852
2011
2134
1849
2023
2258
1987
2022
2129
2037
2083
2144
1890
2070
2214
2041
1946
2145
2323
2183
2019
2071
2026
2238
1943
2235
2153
2225
2108
2371
2233
2189
2254
2240
2260
2277
2096
2324
2264
2375
1991
2356
2099
2113
2149
2272
2337
2037
2067
2012
1939
1955
2010
2204
1915
1943
1945
1852
1910
1685
1907
1829
1818
1802
1785
1798
1847
1840
1764
1823
1757
1834
2173
1717
1800
1768
1782
1809
1643
2115
1795
1802
2153
1624
1734
1997
1755
1750
1740
1652
1730
1703
1736
1757
1737
2024
1789
1681
1725
1820
1769
1676
1710
1743
2231
1649
1753
1843
1687
1832
1875
1805
1693
2233
1758
1792
1900
1833
1668
1722
1601
1650
1773
2207
1757
1824
2244
1952
2206
