3.01102
3.00779
3.01064
3.02044
3.01516
2.91524
2.91511
3.1078
3.11049
2.72176
2.91119
2.92372
2.62877
2.82304
2.92185
2.92134
2.92088
2.92107
2.72224
2.92195
2.91778
2.92226
3.30021
2.72321
3.11121
3.10823
3.10837
3.11468
3.01643
3.11517
3.01121
2.83795
2.62245
3.11879
2.83894
3.20056
3.03573
3.21191
3.12495
3.4023
1.99089
3.30104
3.60028
3.41082
2.82252
1.89998
2.17295
2.16232
3.2083
2.44288
3.30746
2.82424
3.40079
3.58987
3.29485
3.30285
3.12577
2.07742
3.42394
3.60368
3.29894
3.29273
2.24551
3.39819
2.27194
2.08565
2.25298
3.20215
3.20385
3.49577
3.30514
3.30314
3.20713
3.30528
3.20843
3.5899
3.03223
2.43393
3.20106
2.05966
3.19384
3.20609
1.99395
3.00367
3.22838
2.06774
3.02948
3.13088
1.89716
3.13095
3.03409
3.0373
1.98071
3.19621
3.13131
3.28787
2.07344
3.03546
2.15684
3.13229
3.28556
1.90051
3.19778
3.13092
3.20024
3.03829
2.04406
3.00394
3.22765
2.05352
3.30525
3.20696
3.01181
3.19982
3.22884
3.20521
2.07316
3.29304
3.13135
3.1317
3.12587
3.01159
3.38963
3.20655
3.12561
2.64956
3.28713
3.03354
3.00913
2.23727
3.19446
2.74239
3.12961
3.00739
3.02495
2.8179
2.81932
3.03089
2.64258
2.64507
2.23855
3.01155
2.83566
2.83838
1.88753
2.64958
2.83412
2.45171
2.45543
2.06439
2.83985
3.00026
2.8358
2.64463
2.83512
2.83592
3.03108
3.0305
2.83627
3.18571
3.02692
2.8349
2.83533
2.83854
2.83531
2.25432
2.83605
3.02952
2.82691
2.83894
2.25175
2.44968
2.83679
3.0268
2.06817
2.83544
2.83514
3.03448
2.83566
2.25797
2.45155
3.03068
3.02571
2.83032
3.02887
2.83657
3.02784
3.01102
2.83534
2.83964
2.45436
3.02641
3.00301
2.06474
3.03115
2.83736
3.0278
2.06508
2.83736
2.83679
2.99499
2.83749
2.83377
2.83614
2.45038
2.06786
1.9673
3.02535
2.83521
1.69657
3.12356
2.92773
2.83243
2.06574
