95.6811
96.638
96.6395
96.62
96.6314
96.6227
96.5699
96.8345
96.8345
96.8345
96.8329
96.8329
96.8329
96.8329
96.8317
96.8317
96.8317
96.8317
96.8317
96.8317
96.8317
96.8317
96.7775
96.7775
96.5203
96.5203
96.5203
96.5203
96.5203
96.5246
96.5246
96.5246
96.5246
96.5246
96.5246
96.5246
96.5246
96.5246
96.5245
96.5245
96.5245
96.5245
96.5245
96.5245
96.5245
96.5245
96.5245
96.5245
96.5245
96.5227
96.5223
96.5217
96.5217
96.5217
96.5217
96.5217
96.5217
96.5217
96.5217
96.5217
96.5217
96.5217
96.2809
96.2809
96.2809
96.2809
96.2809
96.2809
96.2809
96.2797
96.2797
96.2797
96.2797
96.2797
96.2797
96.2797
96.2797
96.2797
96.2797
96.2797
96.2797
96.2797
96.2797
96.2797
96.2797
96.2753
96.2753
96.275
96.275
96.275
96.275
96.275
96.275
96.275
96.275
96.275
96.275
96.275
96.275
96.275
96.275
96.275
96.275
96.275
96.275
96.275
96.275
96.275
96.275
96.2563
96.2563
96.2563
96.2563
96.2563
96.2563
96.2563
96.2563
96.2563
96.2563
96.2563
96.2563
96.2563
96.2563
96.2563
96.2563
96.2563
96.2563
96.2563
96.2563
96.2563
96.2563
96.2563
96.2563
96.2563
96.2563
96.2563
96.2563
96.2563
96.2563
96.2563
96.2563
96.2563
96.2563
96.2563
96.2563
96.2563
96.2563
96.2563
96.2563
96.2563
96.2563
96.2563
96.2563
96.2563
96.2563
96.2563
96.2563
96.2563
96.2563
96.2563
96.2563
96.2563
96.2563
96.2563
96.2563
96.2563
96.2563
96.2563
96.2563
96.2563
96.2563
96.2563
96.2563
96.2563
96.2563
96.2563
96.2563
96.2563
96.2563
96.2563
96.2563
96.2563
96.2563
96.2563
96.2563
96.2563
96.2563
96.2563
96.2563
96.2563
96.2563
96.2563
96.2563
96.2563
96.2563
96.2563
96.2563
96.2563
96.2563
96.2563
96.2563
96.2563
96.2563
96.2563
96.2563
96.2563
96.2563
96.2563
96.2563
96.2563
96.2563
96.2563
96.2563
96.2563
96.2563
96.2563
96.2563
96.2563
96.2563
96.2563
96.2563
96.2563
96.2563
96.2563
96.2563
96.2563
96.2563
96.2563
96.2563
96.2563
96.2563
96.2563
96.2563
96.2563
96.2563
96.2563
96.2563
96.2563
96.2563
96.2563
96.2563
96.2563
96.2563
96.2563
96.2563
96.2563
96.2563
96.2563
96.2563
96.2563
96.2563
96.2563
96.2563
96.2563
96.2555
96.2555
96.2555
96.2555
96.2555
96.2555
96.2555
96.2124
96.2124
96.2124
96.2124
96.2124
96.2124
96.2124
96.2124
96.2124
96.2124
96.2124
96.2124
96.2124
96.2124
96.2124
96.2124
96.2124
96.2124
96.2124
96.2124
96.2124
96.2124
96.2124
96.2124
96.2124
96.2124
96.2124
96.2124
96.2124
96.2124
