5.005
5.34179
5.34179
5.3506
5.3506
5.3538
5.3538
5.4341
5.4341
5.4341
5.4341
5.4341
5.4341
5.4341
5.43462
5.43462
5.43462
5.43462
5.43462
5.43462
5.43462
5.43462
5.43462
5.43462
5.55277
5.55277
5.55277
5.55277
5.55277
5.55277
5.55277
5.55277
5.55277
5.55277
5.55277
5.55277
5.55277
5.55277
5.55277
5.55277
5.55277
5.55277
5.55277
5.55277
5.55277
5.55277
5.55277
5.55277
5.55277
5.55361
5.55361
5.55361
5.55361
5.55361
5.55361
5.55361
5.55361
5.55361
5.55361
5.55361
5.55361
5.55361
5.66415
5.66415
5.66415
5.66415
5.66415
5.66415
5.66415
5.66467
5.66467
5.66467
5.66467
5.66467
5.66467
5.66467
5.66467
5.66467
5.66467
5.66467
5.66467
5.66467
5.66467
5.66467
5.66467
5.66667
5.66667
5.66667
5.66667
5.66667
5.66667
5.66667
5.66667
5.66667
5.66667
5.66667
5.66667
5.66667
5.66667
5.66667
5.66667
5.66667
5.66667
5.66667
5.66667
5.66667
5.66667
5.66667
5.66667
5.66667
5.66667
5.66667
5.66667
5.66667
5.66667
5.66667
5.66667
5.66667
5.66667
5.66667
5.66667
5.66667
5.66667
5.66667
5.66667
5.66667
5.66667
5.66667
5.66667
5.66667
5.66667
5.66667
5.66667
5.66667
5.66667
5.66667
5.66667
5.66667
5.66667
5.66667
5.66667
5.66667
5.66667
5.66667
5.66667
5.66667
5.66667
5.66667
5.66667
5.66667
5.66667
5.66667
5.66667
5.66667
5.66667
5.66667
5.66667
5.66667
5.66667
5.66667
5.66667
5.66667
5.66667
5.66667
5.66667
5.66667
5.66667
5.66667
5.66667
5.66667
5.66667
5.66667
5.66667
5.66667
5.66667
5.66667
5.66667
5.66667
5.66667
5.66667
5.66667
5.66667
5.66667
5.66667
5.66667
5.66667
5.66667
5.66667
5.66667
5.66667
5.66667
5.66667
5.66667
5.66667
5.66667
5.66667
5.66667
5.66667
5.66667
5.66667
5.66667
5.66667
5.66667
5.66667
5.66667
5.66667
5.66667
5.66667
5.66667
5.66667
5.66667
5.66667
5.66667
5.66667
5.66667
5.66667
5.66667
5.66667
5.66667
5.66667
5.66667
5.66667
5.66667
5.66667
5.66667
5.66667
5.66667
5.66667
5.66667
5.66667
5.66667
5.66667
5.66667
5.66667
5.66667
5.66667
5.66667
5.66667
5.66667
5.66667
5.66667
5.66667
5.66667
5.66667
5.66667
5.66667
5.66667
5.66667
5.66667
5.66667
5.66667
5.66667
5.66667
5.66667
5.66667
5.66667
5.66667
5.66667
5.66667
5.66667
5.66667
5.66667
5.66667
5.66667
5.66667
5.66667
5.66667
5.66667
5.66667
5.66667
5.66667
5.66667
5.66667
5.66667
5.66667
5.66667
5.66667
5.66667
5.66667
5.66667
5.66667
5.66667
5.66667
5.66667
5.66667
5.66667
5.66667
5.66667
5.66667
5.66667
5.66667
