9.925
10.025
10.1172
10.1172
10.1172
10.1391
10.1625
10.3516
10.3516
10.3516
10.3516
10.3516
10.3516
10.3516
10.3516
10.3516
10.3516
10.3516
10.3516
10.3516
10.3516
10.3516
10.3516
10.3516
10.3516
10.3516
10.3516
10.3516
10.3516
10.3516
10.3516
10.3516
10.4281
10.4281
10.4281
10.4281
10.4281
10.4281
10.4281
10.4281
10.4281
10.4281
10.4281
10.4281
10.4281
10.4281
10.4281
10.4281
10.4281
10.4281
10.4281
10.4281
10.4281
10.4281
10.4281
10.4281
10.4281
10.4281
10.4281
10.4281
10.4281
10.4281
10.4281
10.4281
10.4281
10.4281
10.4281
10.4281
10.4281
10.4281
10.4281
10.4281
10.4281
10.4281
10.4281
10.4281
10.4281
10.4281
10.4281
10.4281
10.4281
10.4281
10.4281
10.4281
10.4281
10.4281
10.4281
10.4281
10.4281
10.4281
10.4281
10.4281
10.4281
10.4281
10.4281
10.4281
10.4281
10.4281
10.4281
10.4281
10.4281
10.4281
10.4281
10.4281
10.4281
10.4281
10.4281
10.4281
10.4281
10.4281
10.4281
10.4281
10.4281
10.4281
10.4281
10.4281
10.4281
10.4281
10.4281
10.4281
10.4281
10.4281
10.4281
10.4281
10.4281
10.4281
10.4281
10.4281
10.4281
10.4281
10.4281
10.4281
10.4281
10.4281
10.4281
10.4281
10.4281
10.4281
10.4281
10.4281
10.4281
10.4281
10.4281
10.4281
10.4281
10.4281
10.4281
10.4281
10.4281
10.4281
10.4281
10.4281
10.4281
10.4281
10.4281
10.4281
10.4281
10.4281
10.4281
10.4281
10.4281
10.4281
10.4281
10.4281
10.4281
10.4281
10.4281
10.4281
10.4281
10.4281
10.4281
10.4281
10.4281
10.4281
10.4281
10.4281
10.4281
10.4281
10.4281
10.4281
10.4281
10.4281
10.4281
10.4281
10.4281
10.4281
10.4281
10.4281
10.4281
10.4281
10.4281
10.4281
10.4281
10.4281
10.4281
10.4281
10.4281
10.4281
10.4281
10.4281
10.4281
10.4281
10.4281
10.4281
10.4281
10.4281
10.5641
10.5641
10.5641
10.5641
10.5641
10.5641
10.5641
10.5641
10.5641
10.5641
10.5641
10.5641
10.5641
10.5641
10.5641
10.5641
10.5641
10.5641
10.5641
10.5641
10.5641
10.5641
10.5641
10.5641
10.6875
10.6875
10.6875
10.6875
10.6875
10.6875
10.6875
10.6875
10.6875
10.6875
10.6875
10.6875
10.6875
10.6875
10.6875
10.6875
10.6875
10.6875
10.6875
10.6875
10.6875
10.6875
10.6875
10.6875
10.6875
10.6875
10.6875
10.6875
10.6875
10.6875
10.6875
10.6875
10.6875
10.6875
10.6875
10.6875
10.6875
10.6875
10.6875
10.6875
10.6875
10.6875
10.6875
10.6875
10.6875
10.6875
10.6875
10.6875
10.6875
10.6875
10.6875
10.6875
10.6875
10.6875
10.6875
10.6875
10.6875
10.6875
10.6875
10.6875
10.6875
