2.71422
4.15092
3.34544
3.02559
3.77745
4.10504
3.28654
4.11051
4.26734
3.77691
3.61858
2.82064
3.72346
2.70342
3.56401
2.7149
2.69915
3.56402
2.76013
3.78457
2.84022
2.71209
2.70753
2.64268
2.64278
2.64276
3.56045
3.56649
3.44406
2.92966
3.56055
2.72499
3.77656
4.10873
2.84584
2.76641
2.71621
3.33986
2.71699
2.93105
2.65749
3.92775
2.83103
2.83063
2.72805
2.72211
3.02301
2.41439
4.1037
3.13343
2.83657
3.99921
2.82365
2.92827
3.78157
3.77423
2.6504
3.88582
2.43544
2.729
4.05089
2.71537
3.8347
2.97169
4.14217
2.64925
3.59774
2.50984
2.64141
2.83559
2.59302
2.53587
2.82401
2.77279
3.16959
2.83253
2.71861
3.35464
2.64202
3.55287
2.53516
2.50156
2.5115
2.64348
2.4073
2.59549
2.72568
2.7241
4.10793
2.72103
3.00439
3.77738
3.57483
2.71661
2.71361
2.70863
2.7193
3.53292
2.82309
2.7147
3.62228
2.8313
2.77189
3.11867
2.82203
2.77371
2.93646
2.70951
2.73544
3.83406
2.82444
2.70655
2.71446
2.71159
2.71472
2.71532
3.78145
2.50835
2.71666
3.03341
2.31834
2.70999
2.82402
2.76639
2.71429
3.57123
2.50716
2.06796
2.28619
2.3165
3.45278
3.78018
2.82784
2.70057
2.59638
2.71404
2.39826
3.4577
2.49689
4.16154
2.82527
3.56164
2.50205
2.81342
2.52916
3.14071
2.71835
2.71238
2.76843
2.52697
2.71596
2.55748
2.7192
2.60221
3.34255
3.10186
2.49646
3.88983
3.35159
2.70795
3.78626
2.71803
2.70292
2.70951
3.38359
2.76503
2.7617
2.52843
2.5626
2.71424
3.77203
2.72571
2.71803
2.79363
2.8159
2.65351
2.71628
3.02453
3.56081
2.29371
4.39825
2.50554
4.00437
2.70909
3.56392
2.48936
2.71157
4.11615
3.99885
2.66061
2.70773
2.77279
3.67949
2.86075
2.7079
3.59339
2.71413
2.81784
3.45244
2.83211
2.82102
2.92099
2.70341
3.1337
2.71649
2.86594
2.81487
2.31827
3.79614
3.7788
3.13109
2.70972
3.14018
2.71402
2.72253
2.7054
3.66182
4.15244
2.5041
3.78086
2.93424
2.8327
2.76071
3.56379
3.6727
2.82156
2.50075
3.61737
3.7134
3.77948
3.56758
2.87175
2.71175
2.21528
4.21605
2.70941
2.65383
2.5022
2.76562
3.77768
2.82399
2.81083
2.86859
2.71065
3.02504
3.83409
2.70909
3.71626
3.27384
3.77745
3.78306
2.75978
2.71181
2.72145
2.64068
2.70957
2.74695
2.71455
3.23327
3.59571
2.72073
2.71302
2.53184
2.71066
2.83275
2.53061
2.71169
3.59772
3.14521
2.52918
3.77701
2.71127
2.71845
3.4538
2.70913
2.32776
2.65069
2.92496
3.78002
2.83184
3.61344
2.74103
2.72396
2.6468
2.31629
2.63209
2.87915
2.76378
3.82401
2.43535
2.71963
2.71844
2.65157
2.50516
3.34597
3.02154
2.82149
2.83481
2.70795
2.9183
