2.12796
1.86561
1.85342
1.75982
1.84697
1.80024
1.88853
1.82298
2.03626
2.18157
1.87377
1.88796
2.14768
1.79352
1.97591
2.11871
1.65825
1.82911
2.18747
1.74774
1.86678
2.19711
1.76183
1.80907
1.96232
2.18551
1.6876
1.924
1.81629
1.87916
1.86577
1.95632
1.94083
2.06881
1.78821
1.87114
1.83533
1.91361
1.94652
1.65388
1.82171
1.94123
1.7951
1.7279
1.83424
1.85213
1.8576
1.75678
1.84043
2.03502
1.87333
1.79627
2.11511
1.81155
1.8826
1.84376
1.76887
1.8808
1.78474
1.97226
1.77047
1.94793
1.69985
1.85217
1.98559
1.79457
1.79653
1.91819
2.06786
1.73202
1.86092
1.98161
2.12575
1.77756
1.90429
1.91361
1.82897
1.97901
1.80473
4.13901
1.73863
1.8389
1.89132
1.89778
1.93886
1.94965
1.87048
1.78544
2.1697
1.7753
2.33118
2.11353
1.93775
1.92068
1.93054
1.93662
1.83976
2.36281
2.14612
1.81615
2.01454
1.82892
1.73793
2.59885
1.88888
2.00499
1.88569
1.66696
1.79462
1.91553
1.81762
1.85781
1.77607
1.71454
1.74302
2.03404
2.093
1.88767
1.76279
1.7053
3.48586
1.76887
1.97344
1.97014
1.96932
2.08507
1.79034
1.74852
1.79881
1.76767
1.72626
1.78157
1.872
1.96331
2.06926
1.87457
1.77813
1.77958
1.88952
1.96917
1.79892
1.87785
2.13091
1.76599
1.73202
2.05753
1.96817
1.87204
1.86108
1.79793
2.25619
1.7536
1.72323
1.68685
1.84022
2.48087
1.78002
1.70521
1.81903
1.86112
1.8021
1.87114
1.85847
2.25689
1.69817
2.06312
2.12182
1.88484
2.17788
2.00638
1.91123
1.94688
1.89132
2.48647
1.83879
1.97628
1.9854
1.68406
1.82888
1.79106
2.34544
2.06426
1.80064
1.93934
1.89166
1.88953
2.05886
1.94585
1.87537
2.20775
1.71141
1.7673
1.93628
1.75169
1.85287
1.68552
2.1236
1.82262
2.05076
1.95279
1.92623
1.71365
1.85188
1.73966
2.14376
1.90252
1.83817
2.16105
1.86306
1.78136
1.91244
1.92969
2.05686
1.86207
2.17482
2.7177
1.77433
1.77958
2.11683
1.84494
1.84494
1.87536
2.15416
1.74059
1.69239
1.90977
1.91208
1.84481
1.9197
1.92078
1.72471
1.70816
1.92879
1.76095
1.79914
1.80271
2.03624
1.78411
1.9563
1.83771
1.77756
1.87266
1.74839
1.98124
1.74397
1.68318
2.17087
1.77473
1.8108
2.18267
1.91886
1.7703
2.13027
1.98916
1.70885
1.7362
1.84772
1.69466
1.76524
1.92617
1.76966
1.65033
1.75831
1.76585
1.83092
3.61516
1.72458
1.89527
1.7384
1.99853
1.79689
1.83283
1.93969
2.1434
1.85156
1.76397
1.73582
1.73968
1.81222
1.77
1.74956
1.74761
1.95937
2.05398
1.74956
1.95102
1.80052
1.74649
1.72854
1.8529
1.82445
1.94292
1.72738
2.01793
2.11696
1.75151
1.79825
1.80473
1.74694
1.75925
