11.8392
11.8791
11.9772
11.8147
11.814
11.9197
11.94
11.8896
12.0077
11.9795
11.8541
11.9784
11.9937
11.867
11.8653
11.9181
11.9166
11.8147
12.0455
12.0112
11.8663
11.9143
11.853
11.8568
11.8475
11.8974
11.9317
11.9329
11.9329
11.9386
12.0441
11.9308
12.0246
11.9932
12.0112
11.8333
11.9864
11.9386
11.9783
11.7965
11.9919
11.8744
11.9704
11.9571
12.0194
12.0344
11.9975
11.7781
11.9716
11.8494
11.9661
11.8923
11.9365
11.9373
11.9217
11.9278
11.9442
11.9854
11.9157
11.8951
11.9807
11.9529
12.0248
12.0534
11.9876
11.9519
12.0236
11.9386
11.8887
11.9644
12.0094
11.92
12.0306
11.9997
11.9213
11.9213
11.9211
11.928
11.9547
11.9704
12.0177
11.8037
11.9854
12.0384
12.0454
11.9308
11.9909
11.9715
11.9795
11.9007
11.9895
11.928
11.986
11.9145
11.9126
11.9226
11.8325
11.9066
11.8401
11.8262
11.8883
11.9228
11.988
12.0349
11.854
12.0354
11.8598
11.9459
12.082
11.892
11.9963
11.9673
12.0306
11.9035
11.9084
11.9264
11.9183
12.0272
11.8065
11.7555
12.0918
11.7505
11.8187
11.9147
11.9022
11.8133
11.9927
11.9695
11.9679
11.8839
11.9895
11.9751
11.9226
11.9763
11.9704
11.8129
11.9681
11.9506
12.0018
11.9946
11.955
11.8056
11.7544
11.9211
11.8102
11.7609
12.0473
11.8978
12.0009
11.8949
11.8632
12.0478
12.0448
12.0401
11.9722
11.9958
11.8983
11.8951
12.0422
11.8932
11.9829
11.7515
11.9228
11.8192
11.8689
11.9704
11.8586
11.8758
11.9575
11.8482
12.04
11.8872
11.815
11.9597
11.8702
11.892
11.98
11.9561
11.9661
11.9181
11.9795
11.9786
11.8994
12.0341
11.8535
11.9078
11.9683
11.8819
12.0358
11.7476
11.8949
11.9124
11.9213
11.8198
11.9549
11.8658
12.0332
11.7889
11.7706
11.9022
11.7635
11.9691
11.8705
11.9334
11.9764
11.9597
11.9548
11.9308
11.9386
11.9833
11.9002
12.031
11.8561
11.924
12.0022
11.8787
11.8203
11.8813
11.987
11.9936
11.9051
11.8964
12.0283
11.9838
12.0522
11.9772
11.9824
12.0237
11.9939
11.985
11.9528
11.8452
11.9799
11.9014
11.9606
11.763
11.7467
11.8521
12.0178
11.9421
12.02
11.7662
11.9597
11.9849
11.8524
11.7992
11.9631
11.9829
11.9442
12.0238
11.746
11.9925
11.8155
11.9704
12.0864
11.8241
12.0372
11.9001
11.8403
11.9872
11.9571
11.9597
11.9712
12.0478
11.9385
11.9493
11.9646
11.9597
11.9351
11.9308
11.9579
11.9712
11.8287
11.8407
11.9548
11.9795
11.889
11.9876
11.8452
11.9907
11.9386
11.9597
11.9112
12.0445
11.9547
11.9529
11.9634
11.9876
12.0765
11.9308
11.9002
11.8325
12.0427
11.9932
11.9772
11.9248
11.8858
11.9963
11.9799
11.979
