2711
2875
2791
2790
2734
2884
2800
2765
2831
2849
2883
2767
2759
2735
2664
2831
2862
2687
2772
2854
2646
2665
2690
2752
2754
2806
2764
2692
2842
2762
2808
2823
2795
2850
2601
2809
2726
2864
2847
2716
2801
2746
2804
2747
2643
2655
2579
2669
2821
2606
2888
2756
2815
2766
2755
2641
2757
2747
2677
2664
2731
2798
2747
2800
2676
2616
2807
2756
2662
2689
2618
2648
2676
2774
2970
2648
2553
2736
2718
2876
2575
2676
2640
2630
2772
2654
2788
2666
2792
2624
2835
2756
2842
2573
2669
2654
2698
2711
2674
2755
2769
2646
2625
2692
2760
2721
2820
2604
2791
2892
2835
2610
2752
2592
2672
2770
2686
2585
2691
2807
2863
2695
2693
2683
2670
2611
2662
2544
2682
2669
2791
2597
2755
2536
2732
2656
2649
2583
2643
2668
2708
2751
2692
2820
2621
2679
2731
2723
2664
2757
2718
2759
2649
2788
2693
2711
2769
2597
2618
2618
2728
2603
2687
2724
2760
2800
2780
2730
2700
2762
2640
2773
2751
2717
2626
2652
2646
2773
2792
2697
2800
2762
2802
2698
2842
2736
2789
2633
2667
2649
2736
2780
2715
2769
2704
2774
2784
2548
2741
2747
2730
2769
2647
2752
2728
2738
2761
2755
2699
2846
2832
2862
2609
2765
2867
2671
2615
2658
2830
2856
2836
2909
2774
2773
2821
2719
2711
2824
2646
2925
2678
2590
2686
2645
2845
2655
2729
2811
2748
2787
2784
2669
2831
2815
2688
2892
2742
2678
2757
2750
2791
2748
2676
2690
2756
2837
2644
2597
2641
2857
2774
2679
2739
2744
2804
2901
2786
2766
2690
2733
2796
2727
2665
2756
2726
2708
2734
2724
2729
2858
2749
2726
2779
2828
2671
2760
2852
2774
2865
2792
2813
2747
2847
2751
2751
2736
2778
2842
2715
2636
