3.182
3.2535
3.24993
3.35246
3.16333
3.25341
3.25997
3.35736
3.36408
3.28137
3.26717
3.35567
2.96668
2.96284
2.98066
3.26409
3.25466
3.01607
3.2767
2.97107
2.87846
3.46128
3.06803
2.92128
3.46002
3.37899
3.01556
3.16864
3.46143
3.3575
3.26058
3.36725
3.26577
3.26506
3.26062
3.36487
2.9677
3.27321
3.16614
3.36105
3.26184
2.60793
3.26198
2.87566
3.16331
2.59652
3.26751
3.26263
3.3613
2.88166
3.36282
3.2616
3.27538
3.26074
3.26534
3.35447
3.36304
3.26068
3.36471
3.36939
3.26187
3.36288
3.05979
3.16609
3.16992
3.36462
3.36279
3.27268
3.07051
3.06879
3.25636
3.27169
3.27713
2.87366
3.26195
3.26195
2.78314
3.26338
3.36285
2.67997
3.07252
3.35591
3.26878
3.2653
3.36681
3.36905
3.56158
3.06988
3.16862
2.97444
3.27321
3.28116
3.36253
2.88986
3.35926
3.26813
3.25981
3.44968
3.3638
3.26542
3.26681
2.87315
2.43719
2.5957
3.26367
2.88277
3.36256
2.91147
3.26801
3.26625
3.36285
3.35685
3.2581
3.35423
2.97254
3.26836
3.08565
3.26689
3.35598
3.25581
3.36827
3.26547
3.16391
3.27321
3.2711
3.37996
3.16614
3.16412
3.16817
3.35337
2.91323
2.5982
3.35989
2.97237
3.36497
3.36282
3.26794
3.07117
3.25916
3.26047
2.81851
3.36842
3.37099
3.26412
2.5978
3.26615
3.06929
3.06683
3.26554
3.36465
3.26719
3.15992
3.06702
3.25501
3.16634
3.27997
3.10839
2.87628
2.61001
3.36298
3.26338
3.25888
3.27028
3.28693
3.45595
3.36497
3.27893
3.25849
3.36155
3.2685
3.00786
3.26178
3.35827
3.07261
3.35956
3.06695
3.08441
3.2571
3.26738
3.16274
3.26396
3.08784
3.26534
3.35567
3.26835
3.26052
3.35794
3.17102
3.26554
3.46891
3.06695
3.25851
3.36954
3.2643
3.16513
3.01042
3.26207
2.60177
3.46082
3.26632
3.26988
3.25707
3.16494
3.26249
3.36827
3.26735
3.07461
3.16602
3.26055
3.26415
3.26344
3.16534
3.26763
3.46303
3.06903
2.5955
3.16451
3.45573
3.27658
3.26717
3.36165
3.2682
3.26759
3.35984
3.35579
3.36446
3.07445
3.35805
3.26055
3.26737
3.1635
3.35842
3.36703
2.97498
3.16642
3.26389
2.97803
3.25873
3.16639
3.26019
3.2564
3.35653
3.35719
3.27402
3.06417
3.45548
3.16477
3.35979
3.16065
3.37887
3.46047
3.25505
3.37625
3.16681
3.25992
3.45752
3.16555
3.26298
3.2657
3.2674
3.16965
3.15918
3.36353
3.46103
3.26386
3.27516
3.25157
3.07394
3.0643
3.37123
3.2655
3.25986
3.36712
3.46985
2.60067
3.25977
2.97315
3.26207
3.2588
3.25846
3.26409
3.25801
3.2753
3.37108
3.26347
3.25858
3.26491
3.26202
3.35888
3.26421
3.26172
3.26206
3.25846
3.26802
3.28224
3.1662
3.25977
3.26555
3.06854
3.16313
