90
90
87.3424
86.7417
86.6787
90
87.3334
87.3654
86.7056
86.0186
90
90
92.915
86.3596
87.0365
87.0417
87.377
90
86.7372
90
90
87.1255
86.7022
87.326
87.0775
86.8154
86.744
90
87.3399
85.6792
86.7097
87.3887
90
87.429
87.4176
90
86.6911
90
87.369
86.0341
87.3687
87.0776
85.6352
87.3862
86.0365
90
90
90
90
87.5071
90
90
90
90
90
90
90
90
86.7279
90
85.4901
86.4221
90
90
90
90
90
90
90
90
90
90
90
90
90
90
90
92.8913
90
90
86.9929
90
90
90
90
90
87.0939
90
90
90
90
90
90
90
86.7849
90
90
90
90
86.8736
90
85.2093
90
90
90
90
90
90
90
90
90
90
87.2472
90
90
90
90
86.533
90
86.482
90
90
90
90
90
86.7566
87.3272
90
86.471
90
90
90
90
90
90
87.3398
90
90
90
90
90
86.7923
90
90
90
90
90
85.2681
90
90
87.3987
90
90
90
87.0319
90
87.3445
87.4177
85.7178
90
86.3556
90
90
90
90
90
90
90
90
90
90
90
90
90
86.7224
90
90
87.3911
87.4594
90
90
90
87.0734
87.065
86.0538
86.3528
90
90
87.3932
87.1284
87.3471
87.3296
87.4209
86.8148
90
90
90
87.4087
86.7379
86.9979
90
90
90
90
90
87.355
90
87.3177
90
87.3566
90
90
90
90
90
90
86.9637
85.7561
90
90
90
90
90
85.6672
87.2334
90
90
90
90
90
90
90
90
90
90
90
90
90
90
87.0103
90
87.5797
90
87.043
90
90
87.3247
90
90
90
90
90
87.4282
90
90
90
90
86.6124
90
90
90
90
90
90
86.9932
87.3953
87.5882
86.0582
90
90
90
90
90
90
87.0344
90
87.5725
87.3943
90
90
87.0179
90
87.3675
90
90
90
86.0079
87.087
90
90
90
90
90
90
90
90
87.0078
87.5594
90
