4.50071
4.08671
5.01779
5.01028
5.29298
4.65167
4.75098
4.72779
5.01687
5.29176
4.08207
4.73596
2.43935
5.01063
4.89032
5.01602
4.73493
3.13081
5.00441
4.23553
4.22088
4.83494
5.0105
4.64176
4.84792
4.8518
5.0017
4.73599
4.75308
5.44148
5.00505
4.72502
4.35671
4.72001
4.72855
4.35296
5.00837
4.39665
4.7328
5.16761
5.00453
5.13212
5.44746
4.73322
5.15506
4.07782
4.22746
4.59083
4.35338
4.65806
4.85376
4.51067
3.80454
4.35905
4.0788
4.65205
3.94351
4.37003
5.01168
4.32502
5.14751
5.0098
4.47916
3.67431
3.68838
3.81182
4.36576
3.79735
3.80635
3.94721
3.80184
2.44522
3.66752
4.44686
4.16828
4.50972
3.66119
2.43601
4.17625
3.54515
4.88366
3.951
3.67689
3.94901
3.68604
4.3567
4.58874
4.08987
3.81948
3.5266
4.35993
4.31687
3.94489
4.36294
4.98485
4.43336
3.54208
4.46754
4.45928
4.57287
3.25119
4.87576
3.80862
3.80702
3.67343
3.67447
3.80033
3.93996
3.663
4.32558
3.68533
3.80646
4.49508
3.67151
4.31404
3.66963
4.03816
4.78962
3.6687
4.3198
4.36693
4.09345
3.94221
3.66846
4.18586
4.72518
4.36049
4.35627
4.43948
3.80745
4.21341
3.93745
3.53311
4.31082
4.35888
4.35999
4.30991
4.35591
4.59278
3.67216
3.94432
4.45624
3.40051
4.35747
4.32579
3.39921
3.53539
4.99364
4.3091
3.6724
4.59081
3.66632
3.81058
3.9647
4.59603
3.94842
4.59643
3.93855
5.15596
3.53917
4.87765
3.67513
4.45718
3.94251
3.8167
3.67299
3.9424
4.32129
3.66568
3.67795
3.67497
4.08121
3.80129
3.89216
4.72168
4.35868
4.31947
4.58384
4.58298
3.94243
4.09511
4.35433
4.73984
4.59577
5.01022
4.7514
3.27224
3.95738
4.72421
4.44876
4.8731
4.73984
4.57193
4.70847
3.67012
3.93942
3.93361
4.58174
4.72083
4.74313
4.35813
4.47949
3.67482
3.94355
4.16222
4.45982
3.80579
4.59612
3.54368
4.59298
4.18915
4.43611
3.66607
3.6673
4.02537
4.10008
4.75127
5.28175
4.31256
4.4601
4.19406
4.32159
4.18695
5.43598
4.64203
3.67271
4.18967
4.32084
4.31904
3.80761
4.17686
3.82482
3.67896
4.30349
4.36129
3.67925
3.80114
3.67137
4.21933
4.74825
4.07718
4.65485
3.82081
4.75132
4.18688
4.02841
4.74555
3.81705
3.68417
4.45242
4.18967
3.39835
4.58467
3.55276
3.81008
4.1636
4.35842
4.933
4.50816
4.18768
3.6855
3.82301
4.33923
4.42725
4.73189
4.45407
4.64456
5.13497
3.80403
4.45322
4.45452
4.31278
4.35712
4.09985
4.73419
4.31397
4.64262
4.59792
4.58609
3.94725
4.75132
3.80403
4.58833
3.66526
4.36171
4.47928
5.29191
4.58568
4.46617
4.47122
4.61159
4.36388
4.21557
4.16365
4.33206
4.08874
4.88293
4.63868
4.35801
