2.50033
2.88852
3.04106
2.82177
2.60139
2.87294
2.92308
2.61651
3.25071
3.1148
2.47422
2.80735
2.48024
2.63424
3.19472
2.95727
2.99676
2.35615
2.62224
2.80351
2.54356
2.87935
2.87077
2.91559
2.61657
2.86328
2.58211
2.76287
3.28552
3.02687
2.75733
2.69265
2.18018
2.95382
2.74057
2.53974
2.58893
2.92167
2.53884
3.26668
2.47753
2.74832
2.78168
2.59093
2.65654
2.1018
2.44959
2.68113
2.42413
2.81059
2.49566
2.21215
2.67718
2.78041
2.39419
2.94066
2.5736
2.65139
2.78663
3.1256
2.89472
2.492
2.98963
2.96465
2.62859
2.47953
2.3644
2.60212
2.29321
2.44309
2.12709
2.54753
2.7315
3.02981
2.46348
2.52592
2.2739
2.33299
2.47532
2.8386
2.92909
3.05977
2.77672
2.44144
2.68686
2.91859
3.04501
2.77061
2.76178
2.31014
2.55902
2.7931
2.35785
2.79079
2.86488
2.10321
2.27963
2.47293
2.61701
2.19319
2.36471
2.56857
2.28092
2.43974
2.33871
2.65314
2.38551
2.63898
2.55487
2.54678
2.8782
2.44718
2.62789
2.37235
2.61819
2.60269
2.25207
2.68844
2.91749
2.66712
2.58786
2.31455
2.86856
2.48876
2.68244
2.5372
2.33631
2.74491
2.76061
2.47058
2.31959
2.44007
2.41522
2.55811
2.38225
2.44009
2.30638
2.37193
2.84179
2.50478
2.42238
2.50418
2.7681
2.73439
2.70244
2.678
2.57004
2.69364
2.88877
2.73415
2.79652
2.72699
2.79365
2.39505
2.543
2.57622
2.51752
2.49186
2.97516
2.51462
2.61334
2.67665
2.81978
2.36091
2.42429
2.68928
2.54213
2.57784
2.40298
2.61738
2.36188
2.45819
2.58679
2.92864
2.37672
2.52768
2.41302
2.91887
2.3423
2.2485
2.73322
2.51371
2.52836
2.47288
2.61071
2.49311
2.52699
2.60193
2.20976
2.26554
2.84673
2.78662
2.58061
2.75384
2.52532
2.97676
2.7788
2.60219
2.47304
2.81608
2.52146
2.76665
2.14518
2.99917
2.31522
2.86071
2.29972
2.47674
2.61046
2.4673
2.76953
2.43714
2.68874
2.69542
2.65554
2.85435
2.6814
2.53362
2.85715
2.5516
2.41281
2.5113
2.37632
2.68143
2.80921
2.25516
2.46595
2.60892
2.78936
2.52672
2.79279
2.43844
2.4913
2.68125
2.22901
2.73768
2.59167
2.47648
2.26163
2.62004
2.46073
2.532
2.73855
3.24393
2.91002
2.94513
2.74836
2.71816
2.71546
2.68044
2.3033
2.51199
2.58595
2.83
2.75785
2.52935
2.54809
3.83632
2.98489
2.14981
2.3005
2.62527
2.96831
2.50993
2.65359
2.75503
2.68015
2.89858
2.64334
2.67991
2.90955
2.6417
2.82054
2.84798
2.89395
2.94073
2.59802
2.49594
2.43837
2.64753
2.93781
2.80313
2.44886
2.65999
2.98336
2.82415
2.90837
2.82998
2.69276
2.5408
2.72064
2.44553
2.65622
2.41647
2.46804
2.75933
2.74566
2.4606
2.37517
