11.8942
11.9134
11.8843
11.9429
11.8475
12.0088
11.9559
11.8784
11.9883
11.8319
11.9259
11.9134
11.7997
11.8987
11.9914
11.9078
11.9535
11.8082
11.9643
11.949
11.9123
11.9155
11.9061
11.9049
11.8499
11.9564
11.9247
11.9345
11.9564
11.9413
11.8533
11.8274
11.802
11.955
11.8418
11.8705
11.8508
11.9039
11.9479
11.9258
11.7984
11.8723
11.9002
11.9127
11.949
11.8854
11.9326
11.983
11.8958
11.8876
11.9108
11.8746
11.9235
11.9024
11.9258
11.9683
11.9461
11.6944
11.9771
11.8185
11.9344
11.973
11.9319
11.8324
11.9057
11.8229
11.8438
11.8787
11.795
11.9115
11.8625
11.9264
11.9032
11.9899
11.8384
11.7854
11.9462
11.843
11.8746
12.0058
11.973
11.9351
11.8757
11.8594
11.9506
11.8409
11.9417
11.8787
11.9349
11.7975
11.8278
11.8987
11.8728
11.9162
11.9068
11.8363
11.8631
11.9133
11.7968
12.0148
11.8713
11.9786
11.7346
11.9071
11.7805
12.0009
11.7953
11.8602
11.9322
11.8081
11.8746
11.8954
11.8435
11.9
11.9394
11.9374
11.9078
11.7608
11.7917
11.8578
11.9352
11.8727
11.7898
11.7648
11.8338
11.991
11.8439
11.8692
11.8069
11.8166
11.8729
11.9073
11.776
11.913
11.8247
11.831
11.8196
11.8164
11.9072
11.9142
11.7808
11.8765
11.8886
11.8579
11.8809
11.8423
11.7882
11.9444
11.9717
11.8802
11.8188
11.8085
11.8979
11.9656
11.8367
11.854
11.8863
11.8427
11.951
12.0013
11.82
11.7766
11.8201
11.7567
11.9024
11.7832
11.8849
11.7825
11.8985
11.9589
11.8787
11.7947
11.8346
11.942
11.871
11.8827
11.8808
11.8746
11.8945
11.8836
11.8271
11.7819
11.8975
11.9718
11.8909
11.8773
11.8288
11.8457
11.9475
11.8444
11.8786
11.8293
11.8939
11.8952
11.8667
11.8396
11.9597
11.8604
11.8661
11.9453
11.8415
11.9408
11.8554
11.8447
11.865
11.8457
11.7294
11.8587
11.8705
11.8796
11.8563
11.963
11.8352
11.8338
11.8361
11.9621
11.9115
11.9368
11.8543
11.9039
11.8996
11.8821
11.949
11.9852
11.904
11.8749
11.9109
11.909
11.9095
11.8914
11.9142
11.9089
11.8758
11.8917
11.7368
11.7686
11.9379
11.8169
11.7299
11.9546
11.8377
11.929
11.9335
11.9254
11.8914
11.875
11.9522
11.9129
11.9504
11.767
11.9984
11.9894
12.0035
11.8648
11.9404
11.9577
11.9984
11.9283
11.823
11.8818
11.9146
11.9499
11.8697
11.9135
11.8821
11.8813
11.96
11.8922
11.8662
11.9714
11.9402
11.9114
11.9318
11.9791
11.8869
11.8671
11.9253
11.9346
12.0034
11.9207
11.9663
11.9499
11.9561
11.8933
11.7467
11.8515
11.9538
11.9059
11.933
11.8761
11.9984
11.9646
11.8497
11.9504
11.9268
11.9428
11.8111
11.8727
11.9285
