2107
2213
2231
2235
2252
2270
2192
2183
2228
2288
2119
2254
2061
2279
2228
2141
2178
2077
2163
2126
2186
2164
2178
2136
2238
2166
2170
2177
2203
2141
2184
2139
2072
2123
2113
2047
2205
2150
2234
2149
2123
2100
2224
2116
2117
2085
2084
2145
2061
2111
2122
2078
2034
2048
2089
2092
2083
1970
2106
2059
2092
2064
2087
1977
2008
1967
1967
2086
1967
1914
2006
1916
1971
2070
2027
2027
1970
1978
2037
1981
2047
2056
1998
2067
1994
2047
2044
2084
2053
1925
1966
2036
1919
2054
2052
1988
1930
2027
2025
2085
1944
1930
1906
1988
1852
2004
1944
2020
1971
2008
1966
2010
1972
1933
2007
1932
1998
1994
1916
1870
1924
1909
1962
1871
1987
2046
1939
1983
1934
1878
1972
1945
1967
1974
1979
1934
2034
2018
1988
1880
2007
1920
1933
2074
1968
1869
1954
2023
2016
1961
1976
1921
1957
1951
2021
2034
2099
1941
2045
2028
2155
2003
1999
2021
2014
1992
2038
1946
1954
2030
1998
2007
1976
2068
2120
2035
2092
2053
2099
2028
1996
1944
2123
2090
2130
1988
2067
2029
2029
2037
2080
2131
2026
2037
2048
2036
2114
2076
2072
2113
2130
2063
1970
2079
2130
2026
2013
2075
2038
2016
2067
2148
2083
2073
2101
2050
2194
2107
1991
2081
2146
2185
2075
2156
2016
2005
2026
2030
2113
2059
2079
2087
2112
2140
2000
2009
2086
2034
2023
2105
2004
2141
2137
2044
2073
2119
2147
2111
2102
2071
2095
2069
2160
2003
2069
2116
2081
2084
2079
2046
2085
2131
2103
2222
2222
2087
2084
2170
2078
2155
2100
2109
2136
2158
2196
2188
2163
2136
2187
2058
2123
2058
2158
2142
2117
2134
2168
2207
2178
2112
2149
2163
2109
2130
2228
2094
2160
2103
2087
