3.64592
3.63969
3.91452
3.65049
3.91791
3.93328
3.63729
3.63463
3.63673
3.64472
3.63796
3.91827
3.64103
3.49658
3.64873
3.78526
3.63969
3.76353
3.64027
3.62122
3.64964
3.63834
3.63839
3.52973
3.63803
3.52133
3.64493
3.93044
3.64207
3.637
3.64218
3.64618
3.63636
3.64637
3.6604
3.6317
3.63805
3.50556
3.63476
3.514
3.92008
3.91998
3.63084
3.64558
3.49925
3.63792
3.37638
3.6259
3.65134
3.62296
3.92496
3.51154
3.63005
3.63286
3.49702
3.77369
3.65292
3.63829
3.64218
3.63545
3.26487
3.51252
3.51044
3.64577
3.50123
3.49846
3.64107
3.76328
3.62395
3.51456
3.50636
2.86648
3.64979
3.49969
3.63675
3.52268
3.49846
3.63231
3.6358
3.5079
3.62573
3.51342
3.36955
3.52564
3.49679
3.51956
3.37629
3.49091
3.63536
3.49073
3.63948
3.64325
3.49601
3.63142
3.64715
3.63826
3.9213
3.63379
3.65126
3.26037
3.63122
2.86794
3.00616
3.66118
3.52105
3.37077
3.51058
3.64063
3.48267
3.62411
3.50452
3.9047
3.35614
3.12441
3.50815
3.36927
3.63617
3.36457
3.50294
2.8618
3.64683
3.2314
3.24242
2.86828
3.49533
3.36615
3.25466
3.6168
2.98318
2.99187
3.62557
3.62979
3.24469
3.49751
3.50811
3.2606
3.64308
3.62232
3.62777
3.36157
3.63155
3.12502
3.75383
3.51062
3.3643
3.49247
3.49114
3.01623
3.37864
3.50896
3.51689
3.49927
3.63695
3.37692
3.36858
3.49736
3.49387
2.87033
3.36623
3.49295
3.37196
3.3697
3.64251
3.50721
3.63231
3.62802
3.51271
3.50414
3.49336
3.49075
3.63729
3.36128
3.52636
3.50532
3.36204
3.63205
3.50148
3.50171
3.52744
3.63211
3.38371
3.50889
3.52339
3.36818
3.36966
3.23727
3.6298
3.49804
3.63629
3.26051
3.77233
3.63639
3.50043
3.38456
3.63042
3.74977
3.37318
3.50818
3.36818
3.49021
3.51974
3.6207
3.63667
3.50759
3.61781
3.36534
3.50746
3.48499
3.75727
3.49605
3.75861
3.63938
3.51552
3.75769
3.36853
3.50646
3.48764
3.5102
3.49868
3.50067
3.62838
3.6375
3.63452
3.61983
3.49152
3.37485
3.65416
3.5233
3.6302
3.62751
3.50304
3.515
3.4968
3.5094
3.3636
3.63413
3.63286
3.36693
3.62796
3.49952
3.50579
3.64642
3.90128
3.51931
3.63683
4.03477
3.62859
3.51053
3.5093
3.48709
3.50431
3.51052
3.50635
3.64386
3.51449
3.63486
3.51483
3.52085
3.51178
3.63624
3.63286
3.49853
3.63483
3.51053
3.48364
3.37305
3.63707
3.49608
3.63579
3.51601
3.50909
3.49835
3.50449
3.63669
3.50255
3.62041
3.63153
3.51164
3.62336
3.5079
3.50454
3.82014
3.48889
3.50232
3.63043
3.52193
3.62342
3.37401
3.64404
3.5045
3.62846
3.65019
3.6338
3.51349
3.5102
3.49356
3.64816
3.62661
3.37152
