93.1833
93.3535
98.1349
93.367
93.0594
93.0742
98.2188
93.4964
93.434
93.5346
98.5349
97.7975
98.2726
93.3391
93.0684
93.1859
101.007
93.2525
97.9811
97.6243
93.1317
93.3283
93.6133
98.1978
99.8355
100.559
98.0742
96.7252
99.4987
103.865
98.2282
93.2812
96.7083
93.366
93.5467
99.3314
98.3289
93.3527
99.6752
99.9604
93.0638
96.6573
98.8902
97.9076
98.8073
98.4232
93.0556
97.0324
98.2609
93.2264
93.1191
97.8158
98.1865
100.26
93.4679
96.5836
93.3945
93.059
98.0423
93.4857
98.9998
97.2791
93.351
100.534
93.1928
93.0944
98.9344
99.2606
93.1566
98.9252
93.1432
98.8298
98.2025
93.4813
99.4419
99.9309
93.2097
100.579
98.9234
98.2732
92.9641
93.2926
97.9387
98.6156
93.046
98.4668
97.5903
99.25
98.7459
100.698
93.3202
93.5826
100.465
93.0783
93.0886
100.061
97.8589
93.3997
93.1605
97.297
94.9214
93.2726
93.335
97.8273
93.6398
93.1905
93.2628
98.8852
102.349
96.4294
99.3202
99.5722
97.7053
97.9863
93.1858
101.437
99.6975
96.2763
93.6115
93.2982
100.961
96.9415
93.7029
93.2036
99.1672
93.1048
93.2763
93.201
93.1815
92.9055
99.4738
93.4128
93.6863
98.0598
92.9748
93.337
93.4384
98.3109
93.3664
93.4484
99.7189
99.0086
98.2992
93.7233
99.4795
93.797
98.5766
93.4124
92.8669
93.4003
93.1449
93.5928
100.26
93.3365
93.4931
93.5471
99.671
93.4273
99.4867
93.2409
99.794
93.4131
93.1787
93.4443
93.3051
100.107
93.2444
100.121
93.4886
99.4002
93.5343
93.3159
93.5926
93.4482
93.2986
93.1947
99.1447
99.5447
97.1844
96.877
93.456
93.3804
96.0563
93.374
93.0568
97.2657
98.5781
97.4398
98.3084
93.3224
93.1769
98.5666
93.4973
93.3214
93.5447
96.8815
97.7811
98.4425
96.9754
93.0594
93.0788
93.1913
93.2457
98.5559
93.2068
93.2608
98.7288
97.2071
93.4359
93.1138
93.2647
99.8406
96.8798
99.58
98.5395
93.3785
98.6246
98.2876
93.3545
93.6231
93.7251
97.3601
93.3375
99.2442
93.166
97.4269
93.3533
92.9896
93.2241
93.3618
93.3811
97.8835
93.0552
93.3442
97.9792
98.1197
98.1092
98.1428
93.2811
97.1328
93.3369
93.3007
93.3966
98.1622
93.4061
93.2995
98.7458
98.9414
97.4685
93.3121
93.0303
98.995
100.129
98.6103
93.3933
93.2697
97.7881
93.2622
93.3903
93.1888
93.2166
97.5748
98.1508
93.231
97.8421
97.7328
98.0199
97.91
93.4459
93.2902
96.6705
93.2949
96.8054
93.3193
93.3392
93.4355
97.5091
97.9207
93.2296
95.6491
92.9292
97.5284
96.5272
96.059
97.7667
97.8109
93.7501
96.7367
93.1729
97.4163
96.3639
96.2848
97.4214
93.3889
95.917
95.9847
93.3943
93.19
