2.92671
2.64947
5.15839
2.53982
2.67633
2.6257
4.85536
2.41659
2.68266
2.53776
4.97055
4.96676
5.064
2.6846
3.08692
3.01573
4.25002
2.57616
5.07952
4.75367
2.50251
2.80618
2.42955
4.95636
4.56644
4.24835
4.69929
5.49904
4.35624
3.18632
4.91922
2.79964
5.07885
2.90022
2.35296
4.82087
5.18266
2.73392
4.45664
4.57352
2.89732
5.29965
4.57277
5.26119
5.06125
4.57868
3.12162
5.24906
5.0748
2.92376
2.9413
4.89668
4.85398
4.24615
2.46295
5.04908
2.5664
3.09087
4.77946
2.24911
4.85839
5.07629
2.72466
4.13459
2.93214
2.91968
4.94515
4.85653
2.81744
4.4617
3.02604
4.89662
5.04244
2.6965
4.58051
4.34815
3.05249
4.13307
4.84618
4.70041
2.92842
2.43433
4.8223
4.57304
2.84965
4.91717
5.16906
4.45703
4.31098
4.24929
2.82081
2.29861
3.97699
2.99619
2.76425
4.46787
5.17425
2.76565
2.91842
5.17865
5.50654
3.04232
2.69162
5.04078
2.43768
2.5924
2.69384
5.18809
2.5378
5.61839
4.56653
4.60747
5.28898
4.97039
2.61967
4.2415
4.47022
5.83722
2.29232
2.76217
4.34976
5.19197
2.2697
2.56402
4.58621
2.73085
2.93827
2.65182
2.74914
3.04786
4.85984
2.72881
2.32789
5.1818
2.74641
2.87697
2.46449
5.16957
2.64322
2.60522
4.59308
4.74089
5.01367
2.36615
4.82222
2.26774
5.03804
2.39349
2.96061
2.7956
2.62601
2.39366
4.13438
2.63723
2.38614
2.38702
4.86167
2.43565
4.93807
2.78827
4.75004
2.71102
2.93297
2.42542
3.01599
4.46908
2.7658
4.46399
2.65964
4.6067
2.40829
2.87816
2.33033
2.65688
2.97468
2.45332
4.90118
4.57711
5.36633
5.4055
2.47913
2.69047
5.52939
2.52471
3.09629
5.61258
4.70082
5.0724
5.05001
2.87945
2.70708
5.07471
2.65997
2.58042
2.39211
5.55104
5.17885
5.02056
5.18775
3.13764
2.94028
2.70571
2.79094
5.17916
2.98357
2.84312
5.07116
5.06616
2.49738
3.03625
2.88784
4.57683
5.50376
4.57159
4.68069
2.76072
5.07971
5.17716
2.65291
2.4608
2.26282
5.51958
2.61378
4.68305
3.06354
5.2939
2.74866
3.03915
2.9986
2.84649
2.70422
5.03218
3.31415
2.97443
5.1857
5.30141
5.06262
4.96598
2.76679
5.61375
2.78373
2.73746
2.7463
5.06544
2.80752
2.94286
5.17237
5.04429
5.28434
2.91094
3.20101
4.68386
4.2478
5.07505
2.71538
2.94829
5.18502
2.88088
2.90837
2.80788
2.90736
5.50089
5.39671
2.88933
5.5006
5.39412
5.07761
5.51399
2.85181
2.98345
5.83411
2.84915
5.50276
2.93877
2.60935
2.73321
5.4096
5.39804
2.92536
6.06836
3.16873
5.38165
5.82135
5.72896
5.47677
5.46177
2.1809
5.50561
3.18045
5.18231
5.81685
5.73758
5.40451
2.79491
6.06828
5.96724
2.76686
2.98367
