9.56258
9.39541
9.4656
9.53178
9.3982
9.515
9.35025
9.62521
9.47868
9.43811
9.51498
9.4087
9.38165
9.39586
9.50457
9.366
9.483
9.49187
9.26953
9.38995
9.37511
9.40036
9.57501
9.48826
9.42101
9.4046
9.44599
9.28079
9.5842
9.45607
9.41142
9.52665
9.56559
9.51248
9.49783
9.50378
9.60234
9.47588
9.62406
9.70118
9.63214
9.55584
9.6013
9.61951
9.67621
9.56428
9.42827
9.36593
9.58925
9.48826
9.40477
9.50864
9.42305
9.60833
9.49383
9.5622
9.44413
9.62853
9.46923
9.56379
9.52645
9.56557
9.49501
9.49728
9.41681
9.56152
9.58066
9.53668
9.54221
9.58936
9.50378
9.5069
9.43485
9.65685
9.80499
9.53658
9.63257
9.56894
9.58537
9.65638
9.63533
9.53407
9.57812
9.58936
9.50683
9.55858
9.65273
9.65499
9.47008
9.48571
9.49168
9.54048
9.54221
9.74118
9.62496
9.55479
9.54753
9.64606
9.56039
9.53878
9.52483
9.69831
9.49572
9.53865
9.48422
9.42464
9.62923
9.53981
9.44223
9.56428
9.5299
9.53628
9.69474
9.53195
9.56557
9.56612
9.45841
9.6112
9.53362
9.54055
9.47052
9.5562
9.58026
9.49306
9.46746
9.45289
9.47925
9.78749
9.56557
9.44694
9.60069
9.46719
9.66364
9.67578
9.59769
9.48667
9.49004
9.486
9.51564
9.48138
9.48031
9.51643
9.48471
9.45581
9.47214
9.50457
9.42868
9.38244
9.51904
9.50248
9.515
9.50337
9.49421
9.54556
9.42574
9.43663
9.59797
9.45901
9.39711
9.48375
9.48773
9.45979
9.50899
9.44392
9.41676
9.43961
9.52754
9.44659
9.42761
9.4441
9.41026
9.38403
9.37409
9.40897
9.4193
9.35078
9.37106
9.37591
9.4851
9.51146
9.3863
9.42806
9.36626
9.53256
9.46373
9.49448
9.37473
9.48667
9.44881
9.48354
9.47521
9.42001
9.3789
9.47317
9.38282
9.46126
9.49638
9.4335
9.48827
9.45887
9.45853
9.33904
9.35965
9.39447
9.50636
9.39711
9.44288
9.38121
9.38099
9.31949
9.40583
9.49742
9.51699
9.46384
9.45059
9.41063
9.31326
9.43421
9.38595
9.48127
9.56229
9.48127
9.40909
9.39806
9.37424
9.39935
9.50829
9.45979
9.37914
9.45187
9.39789
9.28203
9.48976
9.27391
9.37473
9.37877
9.40287
9.33664
9.38924
9.41035
9.52485
9.48563
9.38869
9.41035
9.27249
9.39363
9.45134
9.42886
9.38941
9.30522
9.61897
9.49742
9.4877
9.48563
9.49152
9.40834
9.51518
9.45178
9.44141
9.31949
9.63163
9.4269
9.58951
9.52179
9.45599
9.45392
9.4667
9.36203
9.49247
9.37007
9.34919
9.38332
9.26337
9.41899
9.37681
9.38403
9.49136
9.37696
9.43426
9.52426
9.39061
9.42372
9.50273
9.36439
9.47396
9.57934
9.42113
9.44192
9.39262
9.42001
9.41912
9.46373
9.44538
9.38739
9.46717
9.48976
9.49554
9.36429
