46.4621
46.4593
10.6802
46.3531
45.9326
46.6377
10.5594
46.1823
46.6526
46.8429
10.6241
10.6521
10.6845
46.4292
45.9262
46.5709
10.6775
46.8727
10.6096
10.6857
46.6512
46.3275
46.3078
10.6042
10.692
10.6412
10.7284
10.6669
10.6392
9.89599
10.5979
46.4974
10.5243
46.366
46.3643
10.578
10.658
46.4971
10.6055
10.5373
46.4657
10.6947
10.5766
10.6571
10.6727
10.602
46.4985
10.6395
10.693
45.9379
46.2468
10.5668
10.5983
10.6283
46.493
10.6226
46.6802
46.7549
10.6091
46.253
10.6674
10.663
46.7361
10.6452
45.8952
47.047
10.6655
10.5439
46.1205
10.5949
45.886
10.6188
10.598
45.8503
10.2401
10.6671
45.8444
10.5963
10.7162
10.5723
46.2551
46.6043
10.6364
10.6187
46.533
10.6729
10.6795
10.5829
10.6556
10.1529
46.7908
46.3633
10.7291
46.4388
46.5027
10.7806
10.6041
46.4669
46.7909
10.6288
10.5484
45.7023
46.2523
10.718
46.1383
46.546
45.7342
9.76134
10.05
10.5788
10.6099
10.5844
10.6862
10.7171
46.7409
10.7675
10.5695
10.6593
46.791
46.3453
10.677
10.5712
46.6208
46.7842
10.5828
46.8315
45.9512
46.0314
46.3389
46.2929
9.47396
46.5671
46.3159
10.5733
46.7126
46.3878
46.1364
10.6483
46.2141
46.3613
10.7376
10.6009
10.6289
46.7594
10.5295
46.3773
10.6148
46.6559
46.3544
46.2434
46.7857
46.0632
10.6579
46.6985
46.7643
46.3829
9.71813
46.3373
10.6387
46.7138
10.5964
46.7778
46.427
46.5115
46.3548
10.6071
46.611
10.6512
46.8889
10.6845
46.734
46.4714
46.6488
46.3415
46.2766
46.6053
9.8724
10.7664
10.7703
10.7269
46.4261
46.4985
10.6036
46.4631
46.5133
10.6671
11.0088
10.7664
10.7762
46.5368
46.585
10.5851
46.337
46.6759
46.7339
9.68063
10.6819
10.6384
10.667
46.4462
46.3177
46.485
46.447
10.668
46.7103
46.7637
10.808
10.756
46.5783
46.6097
46.2493
10.7282
10.676
10.6907
10.7108
46.3275
10.7927
10.9221
46.4234
46.7227
46.4588
10.7492
46.1474
10.7334
46.7152
10.6753
46.3555
46.473
46.3689
45.6517
46.4012
10.6614
46.2242
46.4706
10.701
10.7328
10.6868
10.6559
46.324
10.7501
46.5138
46.2335
46.3377
10.7164
46.387
46.7945
10.6896
10.6831
10.7764
46.1432
46.4891
10.6865
10.7589
10.7254
46.2278
46.546
10.7084
46.4817
46.1736
46.5556
46.3384
10.7153
10.8366
46.2404
10.7342
10.6314
10.6977
10.729
46.363
46.2243
10.6802
46.4251
10.6986
46.0984
46.2203
45.9871
10.8343
10.7443
45.9218
10.6799
46.005
10.6696
10.8363
10.6765
10.7068
10.7256
46.5754
10.9213
46.2704
10.7089
10.7463
10.6935
10.7605
46.3308
10.7625
10.7153
46.3051
46.2162
