5274
5380
5153
5200
5351
4792
4750
5240
5325
4942
4636
4750
4919
5251
5124
5218
4869
5337
5106
4948
4900
5324
5205
4802
4811
5000
4565
4945
4842
4446
4999
5235
4501
5127
5142
5043
4925
5224
4857
4725
5406
4636
4522
7870
7697
4685
5432
4693
4739
4998
4883
4618
4962
5025
4942
4763
5094
5017
4753
5319
4929
4874
5126
4935
5060
5184
4502
4486
4944
4500
4869
4571
4537
5008
4352
4657
5194
4644
4612
4861
5165
5223
4803
4559
4943
4872
4824
4791
5116
4491
5220
5188
4817
5134
5048
4854
4864
5216
5082
5130
4450
5379
5184
4995
5261
5180
5047
4898
3953
7663
4980
4749
4958
5064
5287
4896
5089
4990
5084
5067
5009
5021
5514
5200
4949
5468
5383
5490
5123
4971
4736
5269
5327
4964
5199
5342
5326
4920
5572
5363
5119
5048
4944
5202
5045
5615
4980
5162
5285
5192
5555
5503
4967
5550
5566
5339
4868
5424
5397
5532
5091
5462
5593
5449
5430
5462
5724
5182
5469
5223
5689
5234
5418
5604
5576
5516
5152
5252
5406
8503
5585
5678
5463
5782
5729
5348
5609
5597
5485
5563
5602
5641
5617
5884
5873
5074
8797
5432
5495
5929
5624
5989
5920
5543
5950
6078
5676
5612
5761
6178
6014
5780
5602
5653
5780
5949
5957
5806
5924
6190
6123
5740
5963
5719
6117
5858
6094
6119
6171
6092
6184
5837
6308
6301
5853
9491
5854
5923
6277
9535
6240
6245
6328
6005
6191
6233
5940
5929
5887
6211
6174
5986
5737
5901
6343
6263
5917
6394
6451
6531
6393
6083
5928
6246
6027
9716
5869
6028
6501
6457
5975
6546
6130
6468
6404
6273
6038
6122
6350
9824
6388
6088
6165
5960
6090
6186
6389
6152
6489
6266
6053
6014
6017
6484
6192
5987
6437
6458
