8.09488
8.09421
8.21167
7.99402
7.58632
7.63511
7.9057
8.06
8.28162
8.32467
8.15933
7.88412
8.17098
8.1023
8.01067
8.20018
8.40382
7.9035
8.05454
7.61446
7.60729
8.19454
8.27799
8.01169
8.27375
8.21561
7.74317
8.01471
7.91653
8.07135
7.98422
8.13101
7.55459
8.35426
8.10037
8.2972
8.30332
8.18183
8.07289
8.27452
7.87139
7.79617
7.88158
8.22165
8.3685
7.71861
8.08595
7.874
8.17979
8.10292
7.98153
7.79756
7.90335
8.09361
8.09792
7.50109
8.10398
8.08815
7.77746
7.8838
8.23741
7.80032
8.19766
8.09343
8.05241
8.00642
8.29859
8.2949
7.9044
7.78947
8.06557
8.19569
8.09776
8.27517
7.98637
8.08341
8.19427
8.09118
8.2114
7.77498
7.71848
7.7967
7.78881
7.79081
7.80194
8.09467
8.01529
7.90408
7.58954
8.08555
8.24987
8.10422
7.94055
7.99091
7.7827
8.29354
8.10162
8.28643
8.08581
7.90069
7.32309
8.2689
8.08203
7.98754
8.30764
7.78152
7.90823
8.24009
6.93822
8.00259
8.04911
8.17736
8.18065
7.97754
7.82289
8.59812
8.08263
8.18186
8.19883
8.10369
8.4856
7.76603
8.30412
7.80123
8.00185
7.8113
8.19914
7.80049
7.90069
7.7469
8.02174
8.28296
8.29587
8.17626
7.60146
8.28644
8.00862
8.28057
8.08
8.19261
8.27117
8.1022
8.11454
8.45196
8.33855
8.42364
8.23984
7.95756
7.60333
8.29086
7.76716
8.17821
7.99283
8.08217
8.09529
8.1374
8.17385
7.98592
8.49361
8.07856
8.40837
8.29071
8.08967
8.02413
8.36992
8.25044
8.05022
8.26651
8.37655
8.14439
8.1812
8.26313
8.18798
8.24157
8.30901
7.656
8.07957
8.19775
8.08158
7.99297
8.08657
8.18358
7.77944
8.00321
8.06403
8.33255
8.02206
7.88422
8.19742
8.28253
7.87839
8.26379
8.32383
7.99798
8.18205
7.88765
8.09814
8.17856
7.79793
8.10255
7.9228
7.8894
8.05886
8.38913
8.21768
8.17166
8.38999
7.78646
8.09055
8.10739
8.16415
8.29866
8.07999
8.18033
7.89728
8.23063
8.35368
8.35906
8.09509
8.37771
8.31244
8.2965
7.99601
8.17688
8.2315
8.07703
8.18085
7.8933
8.22253
8.20985
8.18691
7.98469
8.24845
8.40534
8.18566
8.36396
8.10802
8.01536
8.07813
8.30425
8.20774
8.07014
8.2467
8.13953
8.32925
8.33829
8.46136
8.40599
8.10976
8.25174
8.12307
8.06709
8.09204
8.32314
8.19745
8.26657
8.11424
8.17962
8.37917
7.9954
8.1157
8.35075
8.50089
8.11004
8.45747
8.28136
8.09213
8.49536
8.43531
8.29813
8.33223
8.19451
8.05626
8.28595
8.00287
8.2547
8.26583
8.38775
8.10776
8.18119
7.87681
8.20179
8.30104
7.99548
8.39739
8.40439
8.2865
8.0857
8.31031
7.9702
8.21391
8.09299
8.20775
8.28209
8.29914
8.21391
8.25974
8.13529
