97.5346
96.6216
96.6213
97.001
97.001
96.9854
96.9852
96.9959
96.9959
96.9959
96.9926
97.4346
97.4341
97.4341
97.4341
97.4341
97.4341
97.4341
97.4341
97.3769
97.3769
97.3769
97.3769
97.3769
97.3769
97.3745
97.3745
97.3745
97.3745
97.3745
97.3745
97.3745
97.3745
97.3745
97.3727
97.3727
97.3727
97.3727
97.3727
97.3727
97.3727
97.3727
97.3727
97.3727
97.3727
97.3727
97.3727
97.3727
97.3603
97.3603
97.3603
97.3603
97.0224
97.0224
97.0174
97.0174
97.0174
97.0174
97.0174
97.0174
97.0174
97.0174
97.0174
97.0174
97.0174
97.0174
97.0174
97.0174
96.5632
96.331
96.536
96.536
96.536
96.536
96.5356
96.5356
96.5356
96.5356
96.5356
96.5356
96.5356
96.5356
96.5356
96.5356
96.2831
96.2831
96.0356
96.0356
96.0356
96.0356
96.0356
96.0356
96.0356
96.0356
96.0356
96.0356
96.0356
96.0356
96.0356
96.0356
96.0356
96.0356
96.0356
96.0356
96.0399
96.0399
96.0399
96.0399
96.0399
96.0399
96.0399
96.0399
96.0399
96.0399
96.0544
96.0544
96.0544
96.0544
96.0527
96.0527
96.0527
96.0527
96.0527
96.0527
96.0527
96.0527
96.0527
96.0527
96.0527
96.0527
96.0527
96.0527
96.0527
96.0527
96.0527
96.0527
96.0527
96.0527
96.0527
96.0527
96.0527
96.0527
96.0527
96.0527
96.0527
96.0527
96.0527
96.0527
96.0527
96.0527
96.0527
96.0527
96.0527
96.0527
96.0527
96.0521
96.0521
96.0521
96.0521
96.0521
96.0521
96.0521
96.0521
96.0521
96.0521
96.0521
96.0521
96.0521
96.0521
96.0521
96.0521
96.0521
96.0521
96.0521
96.0521
96.0521
96.0521
96.0521
96.0521
96.0521
96.0521
96.0521
96.0521
96.0521
96.0521
96.0521
96.0521
96.0521
96.0521
96.0521
96.0521
96.0521
96.0521
96.0521
96.0521
96.0521
96.0521
96.0521
96.051
96.051
96.051
96.051
96.051
96.051
96.051
96.051
96.051
96.051
96.051
96.051
96.051
96.051
96.051
96.051
96.051
96.051
96.051
96.051
96.051
96.051
96.051
96.051
96.051
96.051
96.051
96.051
96.051
96.051
96.051
96.051
96.051
96.051
96.051
96.051
96.051
96.051
96.051
96.051
96.051
96.051
96.051
96.051
96.051
96.051
96.051
96.051
96.051
96.051
96.051
96.051
96.051
96.051
96.051
96.051
96.051
96.051
96.051
96.051
96.051
96.051
96.051
96.051
96.051
96.051
96.051
96.051
96.051
96.051
96.051
96.051
96.051
96.051
96.051
96.051
96.051
96.051
96.051
96.051
96.051
96.051
96.051
96.051
96.051
96.051
96.051
96.051
96.051
96.051
96.051
96.051
