4.68972
5.07381
5.07395
5.07395
5.07395
5.07395
5.07395
5.07395
5.07395
5.07395
5.07395
5.07395
5.07395
5.07395
5.07395
5.07395
5.07395
5.07395
5.07395
5.07395
5.07395
5.07395
5.07395
5.07395
5.07395
5.07504
5.07504
5.07504
5.07504
5.07504
5.07504
5.07504
5.07504
5.07504
5.07586
5.07586
5.07586
5.07586
5.07586
5.07586
5.07586
5.07586
5.07586
5.07586
5.07586
5.07586
5.07586
5.07586
5.07586
5.07586
5.07586
5.07586
5.23096
5.23096
5.23326
5.23326
5.23326
5.23326
5.23326
5.23326
5.23326
5.23326
5.23326
5.23326
5.23326
5.23326
5.23326
5.23326
5.4414
5.54765
5.5521
5.5521
5.5521
5.5521
5.5521
5.5521
5.5521
5.5521
5.5521
5.5521
5.5521
5.5521
5.5521
5.5521
5.66763
5.66763
5.78074
5.78074
5.78074
5.78074
5.78074
5.78074
5.78074
5.78074
5.78074
5.78074
5.78074
5.78074
5.78074
5.78074
5.78074
5.78074
5.78074
5.78074
5.78074
5.78074
5.78074
5.78074
5.78074
5.78074
5.78074
5.78074
5.78074
5.78074
5.78074
5.78074
5.78074
5.78074
5.78074
5.78074
5.78074
5.78074
5.78074
5.78074
5.78074
5.78074
5.78074
5.78074
5.78074
5.78074
5.78074
5.78074
5.78074
5.78074
5.78074
5.78074
5.78074
5.78074
5.78074
5.78074
5.78074
5.78074
5.78074
5.78074
5.78074
5.78074
5.78074
5.78074
5.78074
5.78074
5.78074
5.78074
5.78074
5.78074
5.78074
5.781
5.781
5.781
5.781
5.781
5.781
5.781
5.781
5.781
5.781
5.781
5.781
5.781
5.781
5.781
5.781
5.781
5.781
5.781
5.781
5.781
5.781
5.781
5.781
5.781
5.781
5.781
5.781
5.781
5.781
5.781
5.781
5.781
5.781
5.781
5.781
5.781
5.781
5.781
5.781
5.781
5.781
5.781
5.781
5.781
5.781
5.781
5.781
5.781
5.781
5.781
5.781
5.781
5.781
5.781
5.781
5.781
5.781
5.781
5.781
5.781
5.781
5.781
5.781
5.781
5.781
5.781
5.781
5.781
5.781
5.781
5.781
5.781
5.781
5.781
5.781
5.781
5.781
5.781
5.781
5.781
5.781
5.781
5.781
5.781
5.781
5.781
5.781
5.781
5.781
5.781
5.781
5.781
5.781
5.781
5.781
5.781
5.781
5.781
5.781
5.781
5.781
5.781
5.781
5.781
5.781
5.781
5.781
5.781
5.781
5.781
5.781
5.781
5.781
5.781
5.781
5.781
5.781
5.781
5.781
5.781
5.781
5.781
5.781
5.781
5.781
5.781
5.781
5.781
5.781
5.781
5.781
5.781
5.781
5.781
