12.6246
12.7768
12.7768
12.7848
12.7848
12.8137
12.8142
12.8142
12.8142
12.8142
12.8204
12.8204
12.8212
12.8212
12.8212
12.8212
12.8212
12.8212
12.8212
12.9218
12.9218
12.9218
12.9218
12.9218
12.9218
12.9218
12.9218
12.9218
12.9218
12.9218
12.9218
12.9218
12.9218
12.9218
12.9218
12.9218
12.9218
12.9218
12.9218
12.9218
12.9218
12.9218
12.9218
12.9218
12.9218
12.9218
12.9218
12.9218
12.9438
12.9438
12.9438
12.9438
12.9438
12.9438
12.9438
12.9438
12.9438
12.9438
12.9438
12.9438
12.9438
12.9438
12.9438
12.9438
12.9438
12.9438
12.9438
12.9438
12.9438
12.9438
12.9438
12.9438
12.9438
12.9438
12.9447
12.9447
12.9447
12.9447
12.9447
12.9447
12.9447
12.9447
12.9447
12.9447
12.9447
12.9447
12.9447
12.9447
12.9447
12.9447
12.9447
12.9447
12.9447
12.9447
12.9447
12.9447
12.9447
12.9447
12.9447
12.9447
12.9447
12.9447
12.9447
12.9447
12.9447
12.9447
12.9447
12.9447
12.9447
12.9447
12.9447
12.9447
12.9447
12.9447
12.9447
12.9447
12.9447
12.9447
12.9483
12.9483
12.9483
12.9483
12.9483
12.9483
12.9483
12.9483
12.9483
12.9483
12.9483
12.9483
12.9483
12.9483
12.9483
12.9483
12.9483
12.9483
12.9483
12.9483
12.9483
12.9483
12.9483
12.9483
12.9483
12.9483
12.9483
12.9483
12.9483
12.9483
12.9483
12.9483
12.9483
12.9483
12.9483
12.9483
12.9483
12.9483
12.9483
12.9483
12.9483
12.9483
12.9483
12.9483
12.9483
12.9483
12.9483
12.9483
12.9483
12.9483
12.9483
12.9483
12.9483
12.9483
12.9483
12.9483
12.9483
12.9483
12.9483
12.9483
12.9483
12.9483
12.9483
12.9483
12.9483
12.9483
12.9483
12.9483
12.9483
12.9483
12.9483
12.9483
12.9483
12.9483
12.9483
12.9483
12.9483
12.9483
12.9483
12.9483
12.9506
12.9506
12.9506
12.9506
12.9506
12.9506
12.9506
12.9506
12.9506
12.9506
12.9506
12.9506
12.9506
12.9506
12.9506
12.9506
12.9506
12.9506
12.9506
12.9506
12.9506
12.9506
12.9506
12.9506
12.9506
12.9506
12.9506
12.9506
12.9506
12.9506
12.9506
12.9506
12.9506
12.9506
12.9506
12.9506
12.9506
12.9506
12.9506
12.9506
12.9506
12.9506
12.9506
12.9506
12.9506
12.9506
12.9506
12.9506
12.9506
12.9506
12.9506
12.9506
12.9506
12.9506
12.9506
12.9506
12.9506
12.9506
12.9506
12.9506
12.9506
12.9506
12.9506
12.9506
12.9506
12.9506
12.9506
12.9506
12.9506
12.9506
12.9506
12.9506
12.9506
12.9506
12.9506
12.9506
12.9506
12.9506
12.9506
12.9506
12.9506
12.9506
12.9506
12.9506
12.9506
12.9506
12.9506
12.9506
12.9506
12.9506
12.9506
12.9506
