5873
5810
5861
6023
6016
6006
6220
6084
6050
5999
6146
5965
5992
6048
5911
5938
6029
5775
5975
6073
6163
6026
6102
5873
5809
5784
5973
5948
5746
5698
5572
5519
5553
5471
5378
5385
5318
5458
5415
5270
5358
5335
5324
5386
5339
5334
5481
5418
5561
5591
5554
5625
5919
5617
5772
6049
5848
6220
5995
5917
6054
6128
6208
6090
6010
6025
5829
5899
5909
5910
5830
5965
5945
5983
5769
5772
5842
5753
5938
5748
5886
5656
5897
5526
5853
5682
5734
5683
5757
5465
5751
5687
5641
5824
5704
5698
5759
5533
5460
5497
5642
5550
5566
5613
5402
5533
5591
5455
5320
5514
5313
5454
5521
5475
5617
5473
5288
5447
5404
5338
5343
5366
5437
5448
5459
5681
5515
5775
5687
5591
5521
5483
5464
5552
5709
5582
5378
5555
5494
5606
5350
5651
5545
5657
5448
5595
5668
5798
5743
5569
5574
5513
5635
5640
5670
5555
5594
5609
5457
5467
5311
5401
5375
5443
5391
5287
5417
5124
5230
5427
5291
5471
5410
5474
5153
5410
5469
5287
5469
5375
5302
5411
5350
5169
5313
5432
5216
5486
5294
5642
5562
5645
5755
5538
5727
5781
5669
5606
5867
5784
5837
5793
5690
5797
5927
5781
5732
5736
5567
5623
5686
5653
5751
5433
5491
5600
5454
5716
5398
5387
5123
5378
5298
5383
5292
5314
5305
5365
5045
5158
5385
5306
5291
5306
5304
5349
5390
5389
5518
5437
5503
5629
5271
5327
5774
5799
5696
5622
5536
5357
5592
5560
5766
5807
5861
5661
5782
5640
5539
5929
5556
5859
5851
6018
6024
5924
5995
5702
5859
5728
5998
5870
5937
5772
6111
5995
5893
5987
5922
5909
5806
5875
6057
5874
5885
5957
5836
6151
5937
5988
