8.02934
8.04022
8.04022
8.21398
8.21398
8.21398
8.21398
8.21887
8.21887
8.21887
8.21887
8.41985
8.41985
8.41985
8.41985
8.41985
8.41985
8.41985
8.41985
8.41985
8.41985
8.41985
8.41985
8.41985
8.41985
8.41985
8.41985
8.41985
8.41985
8.41985
8.41985
8.41985
8.41985
8.41985
8.41985
8.41985
8.41985
8.41985
8.41985
8.41985
8.41985
8.41985
8.41985
8.41985
8.41985
8.41985
8.41985
8.41985
8.41985
8.41985
8.41985
8.41985
8.41985
8.41985
8.41985
8.41985
8.41985
8.41985
8.41985
8.41985
8.41985
8.41985
8.41985
8.41985
8.41985
8.41985
8.41985
8.41985
8.41985
8.41985
8.5181
8.5181
8.5181
8.5181
8.5181
8.5181
8.5181
8.5181
8.5181
8.5181
8.5181
8.5181
8.5181
8.5181
8.5181
8.5181
8.5181
8.5181
8.5181
8.5181
8.5181
8.5181
8.5181
8.5181
8.5181
8.5181
8.5181
8.5181
8.5181
8.5181
8.5181
8.5181
8.5181
8.5181
8.52006
8.52006
8.52006
8.52006
8.52006
8.52006
8.52006
8.52006
8.52006
8.52006
8.52666
8.52666
8.52666
8.52666
8.52666
8.52666
8.52666
8.52666
8.52666
8.52666
8.52666
8.52666
8.52666
8.52666
8.52666
8.52666
8.52666
8.52666
8.52666
8.52666
8.52666
8.52666
8.52666
8.52666
8.52666
8.52666
8.52666
8.52666
8.52666
8.52666
8.52666
8.52666
8.52666
8.52666
8.52666
8.52666
8.52666
8.52666
8.52666
8.52666
8.52666
8.52666
8.52666
8.52666
8.52666
8.52666
8.52666
8.52666
8.52666
8.52666
8.52666
8.52666
8.52666
8.52666
8.52666
8.52666
8.52666
8.52666
8.52666
8.52666
8.52666
8.52666
8.52666
8.52666
8.52666
8.52666
8.52666
8.52666
8.52666
8.52666
8.52666
8.52666
8.52666
8.52666
8.52666
8.52666
8.52666
8.52666
8.52666
8.52666
8.52666
8.52666
8.52666
8.52666
8.52666
8.52666
8.52666
8.52666
8.52666
8.52666
8.52666
8.52666
8.52666
8.52666
8.52666
8.52666
8.52666
8.52666
8.52666
8.52666
8.52666
8.52666
8.52666
8.52666
8.52666
8.52666
8.52666
8.52666
8.52666
8.52666
8.52666
8.52666
8.52666
8.52666
8.52666
8.52666
8.52666
8.52666
8.52666
8.52666
8.52666
8.52666
8.52666
8.52666
8.52666
8.52666
8.52666
8.52666
8.52666
8.52666
8.52666
8.52666
8.52666
8.52666
8.52666
8.52666
8.52666
8.52666
8.52666
8.52666
8.52666
8.52666
8.52666
8.52666
8.52666
8.52666
8.52666
8.52666
8.52666
8.52666
8.52666
8.52666
8.52666
8.52666
8.52666
8.52666
8.52666
8.52666
8.52666
8.52666
8.52666
8.52666
8.52666
8.52666
8.52666
8.52666
8.52666
8.52666
8.52666
8.52666
8.52666
8.52666
8.52666
8.52666
8.52666
8.52666
