90
90
90
90
90
90
90
90
90
90
86.923
87.3015
90
90
90
90
90
90
86.4362
90
90
90
90
90
87.3737
90
90
90
90
86.4344
90
90
90
90
86.7888
90
87.081
87.4335
87.3737
90
90
87.045
87.3989
90
90
90
90
84.572
87.5301
90
90
90
90
90
90
87.3009
90
86.4372
90
86.7508
90
90
90
90
90
86.3532
90
87.227
86.7311
90
87.3751
90
90
90
90
87.3138
90
90
90
90
90
90
90
86.9062
90
90
90
90
90
90
87.0941
90
86.893
87.4473
90
90
87.2058
90
90
90
90
90
90
90
90
90
90
90
90
90
90
90
87.3375
90
90
90
90
90
90
90
90
87.4831
90
90
90
90
87.2171
90
90
90
90
90
86.4974
86.8823
90
90
90
90
90
90
90
90
90
90
90
90
90
87.0733
87.186
87.4115
86.5588
90
90
90
90
90
90
90
90
90
90
87.0602
90
90
90
90
90
90
90
90
90
90
90
90
90
90
90
90
90
90
90
90
90
90
90
90
90
86.3768
90
90
90
90
90
90
90
90
90
90
90
90
90
86.6862
86.7103
90
90
90
90
90
90
90
90
90
90
90
90
90
90
90
90
87.4891
90
87.062
86.189
90
90
90
90
90
90
87.0659
90
90
90
90
90
90
90
90
90
90
86.816
90
90
90
90
90
90
90
90
90
90
90
87.1898
86.0909
90
87.073
90
87.1706
90
90
86.4244
90
90
87.0871
90
90
90
90
87.3819
90
87.0155
90
87.3508
90
90
90
90
87.2439
90
90
90
87.3971
90
90
90
87.3629
90
87.3337
90
90
90
90
90
87.1653
90
90
90
90
90
