4.19885
4.44318
3.57361
4.22049
3.06644
3.80097
4.26691
4.06165
3.75829
4.32576
4.73235
4.58441
4.02702
3.88773
3.77993
3.88219
4.07258
4.16765
4.68957
3.76799
4.18654
4.12635
4.05587
3.89561
4.54265
4.21073
4.1928
3.43741
4.0259
4.70396
4.19236
4.21237
4.21564
4.1721
4.40288
3.76791
4.5955
4.54143
4.18571
3.89854
3.56577
4.3316
4.53355
3.87871
4.17528
3.60952
4.36595
5.23611
4.36596
4.26932
3.8832
3.56964
3.63053
4.42172
4.17887
4.20761
4.18809
4.53674
3.88092
4.50034
4.21653
2.53633
3.89879
3.13711
3.85025
4.84861
4.19058
4.20852
4.58024
3.78154
4.17793
4.31691
4.20437
4.20327
3.2428
4.55122
4.08321
4.23965
3.78614
4.4049
3.94485
3.73635
3.94544
4.7166
4.28267
3.76651
4.39991
3.73874
4.42784
3.87251
4.43218
4.20293
4.74964
4.16524
4.04979
3.85558
4.38719
4.30868
4.37196
4.19142
3.66817
3.74348
3.91192
3.58539
4.05969
4.02021
4.00343
3.99905
4.19942
3.9517
3.89237
3.91856
4.56883
3.74856
3.76223
3.74504
3.70795
4.25258
3.59815
3.76982
3.71298
4.25498
3.72658
3.56606
4.20907
4.37787
4.47996
4.11689
4.02239
4.06345
3.85651
4.2567
4.9196
4.75358
3.90917
4.03112
4.19102
3.75557
4.25788
4.10512
3.54968
4.25435
3.63488
4.4211
3.90807
3.75225
4.05969
4.46129
4.1487
4.41198
4.89975
4.04424
4.21207
3.91473
4.18729
3.73782
3.88809
3.86267
3.86745
4.15235
4.11365
4.68834
3.70876
4.34363
3.6086
4.06326
3.62517
3.93021
4.1878
3.79809
4.04133
3.064
4.17573
3.75726
3.01992
3.65371
4.20578
3.75875
3.87875
3.55934
4.0686
4.02867
4.24728
4.13384
3.56238
4.18112
4.05312
4.83437
4.06032
3.47636
3.73287
3.54776
4.18464
4.42473
3.55574
4.06696
3.76428
3.53849
4.09406
4.23169
4.06856
4.85057
4.56381
4.43535
3.75284
4.03457
4.13599
4.05188
3.62503
3.72003
3.66856
3.74643
4.18551
3.85631
3.78435
4.25839
3.74327
4.08432
4.05439
4.26567
4.05681
4.56863
5.05692
3.71438
3.75035
3.88605
4.05066
3.74339
4.18704
4.42013
3.16659
3.75561
4.06632
3.88135
3.6381
4.10074
4.05246
3.90483
3.71738
4.11168
4.54503
3.89072
4.41681
4.04098
3.76159
4.06143
3.42592
3.88238
3.88534
4.09789
3.78692
4.04944
4.15659
5.07567
3.74372
4.68157
4.16545
4.53376
4.04108
4.41737
4.95108
4.16027
4.06636
4.40149
3.76952
4.04874
4.13755
4.05657
4.54069
4.03268
4.33123
3.78167
4.55256
3.88094
4.1765
3.55903
4.06528
4.3279
4.01992
3.75321
4.20488
4.53124
3.75433
4.22891
3.4297
4.54282
4.17498
4.58154
4.17777
4.19546
3.90395
4.07589
3.97181
4.35758
4.4351
4.06125
4.04389
4.3656
4.0248
