2.58338
3.11005
2.6715
3.01237
2.56708
2.75009
3.69471
2.41982
2.93823
2.56857
3.05027
3.28612
2.98201
2.2172
2.48548
2.60166
2.52616
2.87671
2.57022
2.70786
2.58963
2.89997
2.61853
2.78115
2.91455
2.35594
2.74165
2.91522
2.27491
3.64661
2.62765
2.81422
2.66901
2.5613
2.75144
2.82376
3.07064
2.82326
2.6732
2.49792
2.30733
2.31676
2.98876
2.69281
3.05481
2.63191
2.86034
3.31143
2.89933
2.71642
2.60783
2.71014
2.58613
2.67048
2.55855
2.14064
2.58697
2.54681
2.89196
2.74518
2.79076
2.23007
2.47949
2.63054
2.8936
2.7327
2.74842
2.58977
2.96181
2.1212
2.88552
2.2971
2.89351
2.67117
2.26748
2.76253
3.14844
2.48996
2.82996
2.54502
4.06604
2.74599
2.37947
3.24826
2.74217
2.70731
2.69262
2.54952
2.77413
2.65738
2.33795
2.79014
2.9627
2.7144
2.75015
2.3249
2.73048
2.62925
2.65223
2.2603
2.56491
2.80322
2.61212
2.56622
2.58654
2.62014
2.8496
3.35799
2.47387
2.66861
2.70603
2.73926
2.85216
2.2817
2.57082
2.7272
2.71279
2.47869
2.5915
2.68292
3.0405
2.81138
2.73356
3.41485
3.89894
2.65224
3.19039
2.5636
2.49504
2.82789
2.32191
3.2316
3.63119
2.6779
3.06272
2.78859
2.6461
2.61627
3.35657
2.66587
2.89131
2.79958
2.65067
2.81907
2.73021
2.42201
2.88076
3.14109
2.30899
2.83714
3.75252
2.53878
2.84023
2.57981
3.03246
2.67199
2.64057
2.68024
3.14759
2.76532
3.47327
2.63602
2.6809
2.77874
2.3109
2.77903
2.83792
2.83135
2.688
3.34935
2.28408
2.31134
2.78084
2.55364
2.43323
2.74924
2.75955
2.34118
3.15453
2.86883
2.73767
3.07026
2.54842
3.34013
2.35975
2.83961
2.9837
2.93427
2.96451
2.91618
3.0029
3.09318
2.82229
2.89453
2.90712
2.992
2.7764
3.34437
3.86187
2.66823
2.68331
2.76132
2.62466
2.67556
2.82763
2.74772
2.79186
2.7708
2.72494
2.79858
3.49163
2.71988
2.75112
2.89849
2.35857
3.09867
2.48845
2.50847
2.70496
3.27205
2.23658
3.01874
3.70573
2.90062
2.80178
2.68335
2.82671
2.69287
2.64087
2.63671
2.99491
2.26058
2.68307
2.64399
2.15813
3.36334
2.91103
2.42683
2.90924
3.64169
2.88252
2.91815
2.99891
2.6306
2.79267
3.77727
2.78272
2.74714
2.38417
2.33358
2.68036
2.97334
3.09135
3.82999
2.60504
3.25509
2.94454
3.09102
2.78239
2.41387
3.51189
2.77281
2.67447
2.44995
2.53031
2.79959
2.84526
2.64684
3.88128
2.91668
2.60643
2.18939
2.8926
2.15124
2.98092
2.79545
2.7725
2.92429
2.64943
2.89245
2.67353
2.82157
2.9236
3.02176
3.1065
2.75561
2.81463
2.52187
2.28859
2.9831
2.52888
2.83031
3.08861
2.41666
2.67975
2.43437
2.93463
2.98678
2.3506
