11.8448
11.8404
11.7512
11.8504
11.7935
11.8866
11.344
11.7999
11.8732
11.8291
11.7022
11.7583
11.7367
11.8617
11.8704
11.803
11.8291
11.7209
11.8378
11.8632
11.8299
11.8782
11.7797
11.4245
11.8627
11.5362
11.813
11.8383
11.8514
11.687
11.7659
11.7714
11.7507
10.9207
11.6886
11.8367
10.9679
11.8368
11.8163
11.8285
11.816
10.7812
11.7672
11.8264
11.6942
11.8069
11.4466
11.8291
11.8934
11.7999
11.7475
11.778
11.8389
11.7544
11.7854
10.6074
11.7503
11.7291
11.8394
11.2296
11.725
11.8834
10.5755
10.5318
10.5826
11.7641
11.804
11.5667
11.8514
10.7543
11.8175
10.8298
11.8401
11.3059
11.839
11.6368
10.5246
11.8696
11.8582
11.6286
10.764
11.9627
11.8246
11.5583
11.826
10.5317
11.5064
11.8878
11.907
11.7927
11.9297
11.7421
11.9403
11.8115
11.804
11.8698
11.8514
11.794
11.8071
10.7671
11.8525
11.8238
11.5202
11.8665
11.7949
11.815
11.8447
11.6941
11.1471
11.837
10.7057
11.8555
11.8446
11.9791
11.7203
10.9465
11.4066
11.8401
11.788
10.7961
10.8433
11.9653
11.8681
11.7716
11.8775
11.8789
11.5443
10.5549
11.0332
10.7864
11.8215
11.7928
11.8588
11.9725
11.7466
11.8821
11.8846
11.8588
11.8246
11.856
11.8252
11.932
11.8549
11.8864
11.9283
11.8809
12.0374
11.9436
10.6716
12.0043
11.7743
10.8292
11.8404
11.9131
11.9452
11.9132
11.0613
11.8864
10.5458
11.8842
11.8797
11.8352
11.833
11.3419
10.8544
11.1839
11.7635
11.8763
11.8531
11.7007
10.9351
11.8554
11.9166
11.922
11.8122
10.6387
10.9787
10.7104
11.8685
11.8298
10.7308
11.2933
11.3216
10.9424
10.8593
11.837
11.8452
11.7703
11.9217
11.9036
11.7839
11.8469
11.1088
11.7996
10.6983
10.9574
11.0097
11.8465
10.8514
11.8684
11.791
11.8836
11.7161
11.7154
11.8821
11.7522
11.7814
10.9033
11.9256
10.6048
11.997
11.8439
11.8473
11.8716
10.493
11.8927
11.0116
11.8886
11.833
11.8405
11.9687
11.8431
11.8343
11.9441
11.7782
11.8646
10.6141
11.8514
11.7702
11.9619
11.7101
10.9763
11.8885
11.8282
11.11
11.8134
11.9557
10.8779
11.7977
11.8122
11.892
10.9687
11.6628
11.8177
11.8534
11.7788
11.8629
11.7477
10.951
11.8131
10.5066
11.875
10.6857
11.8431
11.1296
11.8787
11.7343
11.8288
11.8704
11.8595
11.8637
11.8943
11.753
11.7462
11.8856
11.833
11.7986
11.8403
11.7937
11.8999
11.833
11.8509
11.7623
11.094
11.7833
11.969
11.9007
11.4806
11.7722
11.8371
11.3998
11.7612
10.5566
11.8497
11.8794
11.8217
11.8309
11.7662
11.8638
11.4492
11.045
11.3141
11.9163
11.557
11.1069
11.8717
11.7446
11.7833
11.7847
