2105
2075
2059
2119
1997
2061
1998
2123
2061
2098
2066
2051
2099
1988
2080
2059
2113
2060
2094
2011
2071
2042
2002
1940
2081
1984
2123
1988
2024
2006
1985
2046
2000
1972
2037
2009
2112
2145
2007
2007
2040
1949
2083
2045
2055
2086
2034
2098
2110
2116
2046
2064
1966
2131
2042
1891
2028
2101
2032
2017
2109
1981
1885
1928
1987
2103
2101
2070
2066
1964
2015
1903
2072
1966
1905
2062
1916
2062
2007
1986
1867
2040
2079
2074
2005
1921
1946
1999
2020
2055
2080
2003
2110
2011
2018
2008
2101
2062
2086
1930
2027
2109
2037
2071
2023
1967
1945
1965
1966
2059
1902
2052
2140
1979
2058
2011
2045
1956
2043
1930
1972
2002
2100
2046
1976
2070
1940
1966
1939
1935
1975
1894
2078
2072
1991
2129
1973
2004
2005
2066
2060
2093
2028
2018
2032
1980
2055
2053
1863
2045
1967
2012
2075
2023
2042
2012
1886
2012
1905
2045
2034
2065
1994
1934
1895
2022
2031
2044
2069
1967
1870
1936
2119
1963
1984
1867
1954
1925
2030
1965
1923
1963
1889
1941
1928
1957
2074
2000
2049
1978
2008
2053
1959
2004
1902
1902
1954
1984
1934
2004
2094
2117
1955
1971
2056
2046
2070
1957
2039
1952
2060
2085
2047
2009
1892
2018
1941
2062
2059
1977
2075
2050
2104
2032
1957
2054
1966
2080
2065
2055
2008
1962
2046
2076
1943
2044
2104
1972
1951
2046
2061
1976
2007
2055
2006
2095
1969
2087
1958
1954
1939
2038
1956
2086
1939
2031
2080
2025
2069
2041
2054
2018
2074
1998
2063
2029
2119
2078
2056
2080
2094
2031
2042
1977
2044
2011
2054
2105
1998
2042
2048
2071
1970
2059
2029
2013
2042
2095
2063
1995
2037
2051
2070
1941
1963
2080
2073
2093
2026
