3.4812
3.47233
3.09054
3.47233
3.22411
3.22985
3.49341
3.36057
3.45982
3.7218
3.47425
3.476
3.48476
3.22843
3.49212
3.47082
3.47935
3.48153
3.21503
3.46737
3.2194
3.47248
3.48942
3.23026
3.45436
3.3479
3.22248
3.45777
3.2219
3.24749
3.213
3.48133
3.47459
3.465
3.09129
3.24087
3.47698
3.4803
3.10167
3.45485
3.22471
3.21856
3.46439
3.4803
3.45873
3.48126
3.49383
2.98808
3.33993
3.45854
3.46428
3.45347
3.4803
3.48602
3.48233
3.20745
3.35381
3.07616
3.224
3.22532
3.47242
3.22631
3.33483
3.482
3.47111
3.34906
3.46721
3.08802
3.22644
3.47697
3.09438
3.47034
3.4591
3.46598
3.2279
3.45928
3.46829
3.49676
3.47594
3.48249
3.21443
3.19606
3.47033
3.46715
3.47018
3.45854
3.46697
3.47788
3.44006
3.46721
3.22105
3.21711
3.45338
3.11209
3.21426
3.22553
3.23031
3.46683
3.47266
3.22301
3.33736
3.47637
3.737
3.47597
3.21448
3.48414
3.35917
3.47458
3.47266
3.46108
3.23036
3.46965
3.46721
3.72595
3.46598
3.47397
3.47501
3.47927
3.34649
3.11271
3.46469
3.20308
3.45654
3.46839
3.47772
3.47182
3.35767
3.35644
3.44462
3.48884
3.22312
3.47376
3.46789
3.44936
3.24015
3.44562
3.44951
3.43349
3.47811
3.34861
3.48588
3.47594
3.45715
3.47094
3.46393
3.48067
3.22114
3.24008
3.09961
3.32656
3.48371
3.46798
3.43666
3.45205
3.47689
3.20594
3.48305
3.34349
3.46015
3.472
3.45116
3.47279
3.46147
3.37368
3.47556
3.46266
3.46842
3.46881
3.50014
3.11676
3.32459
3.21979
3.45874
3.46066
3.23534
3.47606
3.47935
3.47868
3.46354
3.48889
3.46392
3.33634
3.46251
3.47213
3.22909
3.46579
3.4828
3.34373
3.46386
3.36182
3.36725
3.11624
3.45315
3.48683
3.46827
3.35341
3.32718
3.4573
3.46097
3.45754
3.34596
3.47443
3.21696
3.46056
3.45823
3.48885
3.46124
3.45367
3.48439
3.47096
3.45653
3.48449
3.22405
3.44265
3.48182
3.47428
3.47902
3.44308
3.21005
3.22722
3.50064
3.35298
3.4803
3.46595
3.44139
2.9752
3.21463
3.22192
3.4591
3.19394
3.21693
3.09497
3.21157
3.46945
3.44753
3.21743
3.19709
3.46065
3.35175
3.46127
3.22197
3.44877
3.46597
3.46409
3.44792
3.46236
3.47233
3.47665
3.44574
3.46034
3.45327
3.43845
3.10755
3.45714
3.45682
3.46683
3.35292
3.36457
3.46683
3.48176
3.46842
3.45569
3.46928
3.20613
3.4812
3.46835
3.47358
3.4717
3.46214
3.21333
3.09735
3.46097
3.46405
3.47993
3.45295
3.19531
3.46138
3.22253
3.21431
3.47523
3.4546
3.46191
3.47793
3.47447
3.47606
3.45386
3.47791
3.48564
3.4699
3.46965
3.48475
3.45926
3.20584
3.21309
3.4953
3.45725
3.44064
3.47211
3.22452
