97.3632
98.6021
101.578
98.0145
98.148
99.6895
96.5597
99.3647
97.9674
97.4413
100.545
97.5079
96.9335
99.3159
96.1521
97.5685
98.6472
94.2451
101.665
95.4755
96.4716
102.392
99.0341
95.527
98.3851
99.2142
97.7101
97.5612
99.5097
97.1229
97.5319
96.3017
99.475
98.4845
100.049
96.4665
100.364
96.9018
95.4498
94.6889
95.6177
96.9108
96.5568
98.1118
98.9786
100.453
98.0324
97.7685
97.9485
97.2285
97.3086
96.4045
97.6792
96.5665
96.3005
98.4346
95.2426
99.113
96.8422
99.0453
94.8241
97.5442
96.4448
95.3399
97.8502
95.932
102.959
97.8066
98.3495
97.9219
96.9318
99.137
96.8505
96.4305
98.817
99.1177
97.5128
97.3769
97.5007
97.403
95.6576
98.4825
94.5923
97.0486
96.0143
95.6036
97.2356
96.2003
98.8138
98.3723
97.6372
96.9945
98.6481
95.309
95.6337
97.527
99.7543
98.5243
98.0467
99.7407
96.4242
101.513
96.9284
97.0841
98.613
96.5367
99.1987
96.4341
95.9367
95.603
101.131
97.3536
97.1043
109.125
96.8357
101.333
100.124
97.8128
97.3107
95.8423
96.5288
97.1967
97.9814
97.9657
97.8652
97.6605
97.3892
95.0192
98.709
93.9476
97.1736
97.0848
96.5149
94.6627
98.3983
98.5519
97.5779
97.6487
96.2486
96.0601
96.7411
97.4096
96.8546
98.2966
97.733
97.3992
98.1656
98.0977
95.9116
95.7388
97.3743
98.6318
95.8127
98.9462
96.531
93.8664
95.3417
98.9813
97.3111
96.6882
99.2179
97.8656
99.6185
95.6664
95.9428
98.1468
94.6991
97.9992
96.9073
97.8014
96.5669
98.164
97.2277
96.1863
95.337
97.0322
97.8896
96.8932
94.5479
98.2154
97.2684
94.3029
97.7587
94.6861
97.0316
95.2808
96.8719
94.6842
95.1049
95.3018
95.6088
99.2694
97.53
96.5891
97.3542
95.3574
96.7469
99.7898
97.3097
98.0007
95.7451
97.9636
96.8408
97.9031
99.0561
95.4727
95.6694
99.5424
97.4775
99.3214
99.1648
95.5023
92.8812
94.6244
99.1331
98.7927
98.9621
96.7457
97.6564
97.9664
97.6625
96.2542
97.213
97.5275
98.3219
96.4603
97.9507
97.1581
96.2239
96.5229
95.4764
99.4717
97.6648
97.5672
96.9822
98.6117
96.1126
94.2176
95.6653
96.2065
95.604
93.9993
98.8627
95.6242
98.2211
94.7036
99.1338
98.7496
96.8401
96.3445
99.8837
96.7785
96.5184
96.4309
96.7702
96.1167
99.0632
94.9602
98.1717
99.6192
99.1192
96.8274
95.8346
96.8652
99.1636
97.1907
100.253
97.3929
95.0215
98.2789
99.2863
95.8961
94.7146
96.9916
98.1756
99.4791
100.054
97.5976
98.1149
94.8028
97.9158
96.429
100.469
98.2382
98.0424
98.2522
99.5294
98.3403
97.4905
97.7769
97.041
97.669
98.5284
97.1831
96.2005
95.8155
98.0133
99.2142
99.3117
99.6235
