4.9581
4.50139
3.82689
4.6659
4.93649
4.82821
4.98419
4.80201
4.69392
4.68567
4.52559
5.43267
5.27298
4.97122
5.43691
5.43357
5.29906
5.56677
3.9786
5.69929
5.42925
4.10076
4.94917
5.57508
5.12846
4.79982
5.57
5.1221
4.85125
5.80075
4.79329
5.11045
4.98729
4.9358
3.97686
5.43105
5.12203
5.24212
5.70041
5.97116
6.13537
5.27144
5.42597
4.64337
4.97591
4.98685
5.25535
5.43252
5.29642
5.55701
4.84881
5.26737
5.43404
4.98295
5.57683
4.42213
5.7013
4.80828
5.42189
4.81189
5.80627
5.42591
5.84013
5.70243
5.41352
5.41839
3.8728
5.41658
5.23932
5.56435
5.41665
4.79379
5.42215
5.40037
5.13559
4.98001
4.93124
5.56392
5.57293
4.70746
5.29279
4.97935
5.42614
5.66678
6.12537
5.42873
5.10797
5.56414
4.51934
4.83789
5.57029
5.29026
5.11607
5.37299
5.56686
4.8487
4.64438
5.08685
4.86809
4.58003
5.57976
4.15658
5.56124
4.99849
5.12056
5.43094
4.92432
5.42772
5.57878
5.52934
4.6948
5.57139
6.27619
0.897003
5.27895
4.69563
4.44964
5.43237
5.21021
5.56212
5.84628
5.12091
5.56924
5.12198
4.93643
4.87346
5.55626
5.14465
5.11771
6.27441
4.97615
5.57685
5.57167
5.42723
5.29555
5.11894
5.56911
5.43708
5.43787
6.41118
5.2372
5.06416
5.72707
4.97213
5.57272
5.56722
4.79461
5.25427
5.42807
5.28004
5.4257
5.00998
6.13805
4.96112
5.42999
5.43469
5.71617
4.93187
5.72253
5.28208
5.56508
5.43486
4.82977
5.57414
5.57277
5.4255
6.13878
5.27444
5.28624
5.42634
5.26774
5.21701
5.57864
5.12337
6.13297
5.69558
5.57205
5.82005
5.70324
5.10034
4.9938
5.4496
5.43763
5.40769
5.5639
5.57327
5.81635
5.12136
5.4273
5.42766
5.56145
4.83231
5.57502
5.43638
5.27616
5.56334
5.2749
5.14993
5.56894
5.3998
5.56233
5.38354
5.84901
5.57697
5.55112
5.42267
5.4232
4.80106
5.57206
5.5412
4.78777
5.57053
5.57246
5.27321
4.92587
4.99648
5.57189
5.56266
5.42881
5.56735
5.57537
5.70729
5.72066
5.56435
5.57155
5.10903
5.56585
5.72355
5.5693
5.84661
5.71682
5.40103
5.57245
5.56558
4.79766
5.57143
4.98868
5.4354
5.56186
5.43442
5.69907
5.85955
4.92422
5.86491
5.26695
5.57149
4.93096
5.1079
4.88216
5.9669
4.65719
5.56624
4.9817
5.87185
5.39801
5.58095
5.12723
5.86576
4.93796
5.44134
5.1067
5.85864
5.67536
5.70486
4.88238
5.84027
4.50976
5.57568
5.56258
5.20405
5.43307
5.13384
5.5689
5.27334
4.65754
4.78586
4.53057
5.13169
5.23704
5.85914
5.56168
4.99002
4.70853
5.21571
5.56954
4.79386
4.7965
5.11521
5.56175
4.93229
5.56638
5.42816
4.7982
5.30057
4.98831
5.41799
5.28475
5.25346
4.79181
4.85444
