10.8256
11.0369
10.9623
10.8644
10.7771
10.9506
10.8772
10.8477
10.8743
10.9697
10.882
10.8864
10.8678
10.9084
10.8621
10.7973
10.7052
10.8691
10.8921
10.871
10.871
11.0235
10.8716
10.9861
10.9555
10.874
11.0694
10.9264
10.8127
11.0242
10.8122
10.8052
11.0405
10.8412
11.018
10.9208
10.8734
10.8828
10.7695
10.9098
10.9484
10.8023
10.8039
10.8273
10.7273
10.8423
11.1061
10.9204
10.792
10.8105
11.0586
10.9876
10.8298
10.8169
10.96
11.4074
10.8114
10.8704
10.7677
10.9994
11.1807
10.8771
10.9648
10.8249
10.7874
10.9693
10.7981
10.7702
10.8445
10.8333
10.7905
10.745
10.8781
10.9126
10.838
10.9387
10.9762
10.7243
10.9471
11.0855
10.8315
10.8067
10.9552
10.9711
10.94
10.9594
10.8629
10.7835
10.8754
10.8158
10.9542
11.0873
10.9373
11.1437
10.8942
11.1417
10.8405
10.8861
10.7744
11.0663
10.9049
10.8683
10.9717
10.894
10.8189
10.8394
9.55034
10.8856
11.0808
10.8091
10.8763
10.866
10.8953
10.8849
10.7314
10.7241
10.8499
10.764
10.7988
10.7849
10.8171
10.815
10.9931
10.7909
10.9585
10.9688
10.7981
10.8836
10.8153
10.8085
10.8307
10.899
10.809
10.8364
10.8212
10.8448
10.8857
10.9403
10.9931
10.7708
10.7418
10.7651
10.8041
10.8852
10.8141
10.881
10.6374
10.9782
10.8748
10.7604
10.887
10.8856
10.9564
10.8089
10.7701
10.8549
10.745
10.84
10.8373
10.891
10.8086
10.8576
10.7696
10.8215
10.9355
10.8621
10.8187
10.9948
10.755
10.8496
10.8169
10.7495
10.9534
10.8298
10.7829
10.8195
10.8967
10.7906
10.963
10.8399
10.8642
10.8048
11.1388
10.8706
10.8287
10.8129
10.8259
10.8079
10.8666
10.906
10.8953
10.7901
10.8545
10.7712
10.6691
10.7551
10.8566
10.917
10.8413
10.8484
10.7191
10.8709
10.8962
10.7795
10.7799
10.7719
10.8783
10.8294
10.9001
10.8572
10.8712
10.849
10.8679
10.8993
10.7456
10.7699
10.7755
10.6492
10.7552
10.8423
10.8657
10.9037
10.7794
10.839
10.7998
10.913
10.7524
10.7263
10.7223
10.715
10.7732
10.758
10.6658
10.8328
10.7604
10.7925
10.8789
10.8339
10.8464
10.7399
10.8849
10.8923
10.8109
10.726
10.7677
10.8642
10.8764
10.9132
10.9131
10.8266
10.7604
10.8342
10.8462
10.8263
10.787
10.8648
10.8827
10.8414
10.784
10.8594
10.8988
10.7419
10.8862
10.9462
10.7777
10.7658
10.7642
10.9073
10.8605
10.8347
10.8773
10.8226
10.732
10.8516
10.8326
10.8749
10.8732
10.7798
10.7126
10.929
10.8685
10.8604
10.8276
10.8439
10.7653
10.8677
10.801
10.716
10.8566
10.7949
10.829
10.8982
10.7677
10.8649
10.8399
10.7568
10.8531
10.7824
10.8761
10.9586
