3655
3544
3612
3731
3588
3778
3572
3783
3570
3696
3715
3734
3719
3596
3708
3676
3735
3598
3710
3752
3799
3691
3676
3785
3634
3731
3673
3758
3651
3862
3737
3715
3726
3839
3644
3817
3711
3608
3790
3663
3826
3699
3762
3770
3717
3765
3869
3788
3612
3752
3712
3710
3694
3606
3706
3637
3799
3720
3664
3846
3682
3711
3824
3621
3609
3571
3567
3808
3795
3846
3666
3731
3814
3629
3539
3728
3836
3699
3834
3646
3637
3755
3671
3819
3654
3672
3721
3709
3523
3626
3824
3682
3747
3695
3589
3707
3562
3686
3793
3639
3712
3640
3649
3635
3701
3570
3428
3811
3573
3794
3578
3592
3730
3443
3697
3626
3742
3702
3610
3502
3729
3596
3698
3650
3453
3538
3732
3565
3694
3736
3562
3587
3602
3596
3681
3500
3642
3741
3644
3658
3612
3576
3613
3545
3757
3655
3366
3769
3568
3554
3821
3717
3889
3736
3680
3693
3688
3651
3838
3742
3779
3782
3743
3745
3772
3798
3757
3780
3509
3758
3606
3820
3851
3717
3679
3801
3803
3892
3710
3742
3695
3760
3876
3806
3949
3783
3768
3601
3761
3844
3678
3800
3906
3730
3872
3731
3803
3795
3733
3825
3854
3783
3880
3890
3845
3835
3885
3589
3817
3850
3806
3688
3765
3759
3846
3855
3849
3746
3834
3845
3902
3854
3753
3822
3830
3744
3817
3905
3804
3959
3915
3803
3869
4019
3850
3985
3718
3698
3813
3705
3684
3845
3720
3876
3982
3878
3808
3830
3813
3935
3852
3865
3882
3852
3896
3821
3884
3932
3762
3945
3891
3839
3906
3819
3824
3855
3957
3895
3910
3910
4005
3728
3843
3900
3840
3787
3912
3804
3855
3965
4015
3784
3866
3961
3879
3895
3968
3866
3907
3904
3787
3956
3959
3951
3755
3793
3803
3964
3920
3871
