7.75595
7.84058
8.31849
7.72531
8.02252
8.5677
7.48575
8.37994
7.73787
7.55118
8.57708
8.30217
7.91615
8.55007
7.77855
8.30281
8.5551
7.18033
8.47609
7.78344
7.89551
8.94498
8.4062
7.7012
8.35818
8.32776
8.56725
8.02282
8.47385
8.55597
7.65246
7.49691
8.6725
8.17024
7.88167
7.90664
9.09926
7.87673
7.75533
7.76079
8.28921
7.89001
7.90956
7.72981
8.36578
8.98738
8.38988
8.4121
8.31008
8.29932
7.68548
7.73404
8.35455
7.47325
7.997
7.80519
7.68535
8.29566
8.00594
8.31399
7.69349
8.30698
8.31729
7.72602
8.38815
7.69789
8.84243
8.36978
8.42253
8.57928
8.0404
8.25018
8.03587
7.86024
8.4978
8.49112
7.82633
8.34083
8.45562
7.58816
7.43886
8.20277
7.18604
8.37984
8.43056
7.57929
7.86629
7.90718
7.89192
8.02148
8.50798
8.01083
8.44309
7.44404
7.71617
7.79303
8.37151
8.35016
7.9145
8.3794
8.03546
8.58411
8.22772
7.70619
8.39798
7.91499
8.0175
7.88285
7.88329
7.65015
8.97453
8.37601
8.992
8.44599
7.85181
8.99406
8.32444
8.38626
7.98101
7.76919
8.32222
7.85216
8.65191
8.14196
7.9641
7.82414
8.35698
7.0564
8.43113
7.76615
7.70249
8.28604
8.04042
7.19488
8.49076
8.38053
8.46547
8.37549
7.8452
8.69815
7.77654
7.8641
8.32457
8.14678
8.50965
8.39331
7.84731
8.37823
7.68012
7.44282
8.24372
8.31493
8.36877
8.36424
7.89597
6.90193
7.72554
8.35839
8.5034
7.83633
9.07322
8.43481
8.48
7.72159
7.84944
8.53542
7.91736
8.36459
7.89204
8.39931
7.75818
8.3013
8.35686
7.47111
8.14763
8.36487
8.59211
8.42908
7.44731
8.23042
7.76509
7.07553
8.47292
7.18985
8.23524
7.57211
8.42573
6.89249
7.36881
7.45178
7.70143
8.35436
8.44463
7.92476
8.03019
7.58052
7.84363
8.91732
8.35028
8.44936
7.71917
8.42507
8.46334
8.56972
8.9875
7.48674
7.58305
8.44199
8.43341
9.10539
8.29553
7.66067
6.66639
7.03642
8.38093
8.3282
8.97062
8.08186
8.32048
8.60196
8.49908
8.0972
8.44915
8.42891
8.73103
7.58044
8.5693
8.41771
7.90797
8.29694
7.78254
8.99066
8.44327
8.44377
7.43329
8.84039
7.31876
7.03326
7.71382
7.77034
7.83515
7.38261
8.29569
7.97744
8.37836
7.35925
8.42837
8.46714
7.50027
8.37447
8.40686
8.14179
7.46028
8.31243
7.95919
7.90959
8.59913
7.74756
8.03506
9.12228
8.6056
8.43084
7.90022
8.34064
8.35955
8.55679
8.40379
8.40614
7.47115
8.35713
8.99019
7.36915
7.33906
7.93494
7.77012
8.41737
8.38621
8.00746
8.29198
7.6957
8.58404
7.43753
8.7099
8.35575
8.61171
7.9462
8.42282
8.25719
8.4167
7.88087
8.24138
8.36315
8.0276
8.03918
7.34367
7.60912
8.34049
8.75169
8.35843
8.57071
