90
90
90
90
90
90
90
90
90
90
90
90
90
90
90
90
90
90
90
90
90
90
90
90
90
90
90
90
90
90
90
90
90
90
90
90
90
90
86.5334
90
90
90
90
90
86.8889
90
90
90
90
90
90
90
90
90
90
93.2551
90
90
90
90
90
90
90
90
90
90
90
90
90
90
90
90
90
90
90
90
90
90
90
94.6854
90
90
90
90
90
90
90
90
90
90
90
90
90
90
93.9224
90
90
90
90
90
90
90
90
94.3953
90
90
90
90
90
90
90
90
90
90
90
90
90
90
90
90
90
90
90
90
90
90
90
93.6134
90
90
90
90
90
90
90
90
90
90
93.4578
90
90
93.4338
90
90
90
90
90
90
90
92.8551
94.0199
94.6297
90
90
93.9025
90
90
90
90
90
94.9073
90
90
90
90
90
90
90
90
90
90
90
93.4471
90
93.6342
93.7542
90
94.5762
95.9119
85.9932
90
90
90
90
93.6882
90
90
94.8344
90
90
94.7372
90
90
94.9383
90
90
90
93.3196
90
94.2625
90
90
90
90
90
93.1966
90
93.3706
90
90
93.541
90
93.0087
94.2456
93.6832
94.5398
94.9157
90
92.8952
90
90
90
90
90
90
90
90
90
90
90
90
90
90
90
90
90
90
90
90
90
90
90
90
90
90
90
93.5637
90
90
90
90
90
90
90
90
90
90
90.7069
93.9483
90
90
90
90
90
90
90.7372
90
90
90
90
90
90
90
90
90
90
90
90
91.0262
90
94.4858
90
93.0469
90
90
90
90
90
90
90
90
93.5698
90
90
90
90
