3.94833
3.76165
4.01885
3.41472
4.07776
3.65637
3.66578
3.64735
4.19684
3.75126
4.39096
3.83943
2.82247
2.52919
3.70411
3.98912
4.28321
4.04223
3.84226
3.64823
4.40031
3.77524
4.25339
3.65677
3.46327
2.93719
3.76769
3.73241
3.82523
3.77473
2.85485
3.52952
3.74078
4.39039
4.3062
3.55807
2.93505
3.84068
4.3826
3.15994
2.90828
3.7422
4.11606
4.27982
4.59366
3.55374
4.19365
2.9565
2.83825
3.88405
3.07084
3.76477
3.96356
2.91565
2.92103
2.48913
3.04921
4.04961
4.04773
2.70036
3.52925
4.08932
3.50465
3.06316
3.05207
3.12544
3.67619
2.92488
3.58788
3.52707
3.85741
2.75265
2.78002
3.84061
3.71532
4.38468
3.84618
3.1383
3.83242
1.97081
3.55232
3.89574
3.71789
3.86329
2.83479
3.75189
2.74733
3.05444
2.94542
3.6768
2.87469
3.05421
3.05581
3.94239
2.0596
3.32297
3.51244
4.16812
3.6709
3.64702
2.97892
3.88074
3.65526
2.08522
2.84497
4.04865
4.03658
3.65455
4.09335
4.29047
4.03819
3.0692
2.58454
2.63746
4.19106
2.87343
3.88348
4.28893
3.5229
3.85168
3.74938
3.85436
2.97527
4.05564
3.98477
2.85697
3.7906
2.06613
2.91825
3.79004
3.68091
4.0848
4.05866
3.74825
4.13425
3.73234
3.73096
3.15686
2.34324
2.9283
4.04474
2.26336
4.26008
4.08202
2.85367
3.68484
4.05658
2.87147
4.28698
2.23347
1.97
1.98586
2.90818
2.57086
2.20902
2.50927
2.96894
3.56955
4.47703
4.06694
1.8805
3.68885
2.95805
2.71945
2.95635
4.39691
2.85944
3.08118
2.92583
4.04676
3.96737
2.86678
2.09566
2.87447
2.23589
1.99561
2.9619
1.71938
1.44693
4.29561
2.96315
3.84394
3.85521
4.04714
2.13798
2.87938
3.14211
2.00514
4.39874
4.05261
1.85569
2.87189
4.25705
1.87046
2.96338
4.29303
3.79267
2.25938
3.07619
2.02222
3.08052
3.17488
3.15259
4.248
2.9317
2.19977
3.65417
2.30128
4.46959
3.67418
2.0782
4.26908
1.98369
2.00115
2.20866
1.90995
1.88003
2.92257
2.28144
3.65758
2.83411
4.04536
2.8327
4.2939
2.86709
4.27608
3.58581
2.96798
3.03785
2.87965
2.8473
2.96454
2.81128
3.80476
3.98669
3.75237
4.03929
4.05772
3.66484
2.85068
2.84369
2.75643
3.62924
2.84784
3.06733
3.68701
2.05913
3.09215
2.87041
2.95343
2.91841
4.04761
2.91262
3.68091
2.86667
3.38161
2.96424
2.49877
2.12615
2.96748
2.77656
3.79279
3.99424
2.97588
3.03361
2.60376
2.79261
2.9848
3.1533
4.107
3.17407
3.79087
3.17027
2.98507
3.84704
2.85908
2.7405
4.1125
1.92462
2.71863
2.12848
2.70961
2.14731
3.9798
3.71646
2.64404
3.77285
3.72499
3.79172
3.07924
3.78601
2.06347
4.09226
2.80198
2.85333
2.58841
