3.05874
4.02077
4.43204
4.40162
3.84345
4.70794
3.31328
4.45701
4.30149
4.27249
4.14407
4.2349
4.74566
4.66021
4.79333
3.99599
3.00651
4.38333
4.43562
4.89625
3.98752
4.8163
4.41242
4.69081
3.54216
3.21822
4.50584
4.8626
4.49668
4.41147
4.6247
4.48568
5.01881
4.09106
3.95704
4.85772
4.63105
4.25172
2.96392
4.76784
5.01593
5.0878
3.7744
4.28646
3.28494
4.79322
3.7147
4.40666
4.3143
4.63682
4.97936
4.32319
4.02383
2.82324
3.05662
5.04018
2.62204
2.94651
4.54365
2.36838
4.91053
4.57815
4.44644
3.28564
4.80178
3.67178
2.54774
2.36402
3.98836
4.20813
4.60112
2.46589
4.78947
4.63441
4.92124
4.47999
3.18468
5.04827
3.68636
4.26688
4.33874
4.50842
4.93149
4.01874
4.9062
5.02961
2.66038
4.97278
2.58362
2.28491
5.16421
2.49199
5.06401
4.09835
2.34616
5.00084
2.67919
3.78981
4.94344
2.55788
4.74878
3.77243
4.62888
4.84189
3.8273
2.18201
3.71454
4.62333
2.0728
2.5211
3.9592
3.33647
2.64307
2.58049
3.99193
4.99452
2.28031
4.71375
4.73493
2.27763
4.72679
4.68971
2.72809
2.27344
2.27763
5.2149
3.07434
2.91321
4.25191
2.79692
4.49559
4.54563
4.61222
2.49012
4.74007
4.42101
2.57321
2.68231
3.41174
4.09248
2.1899
2.43613
4.59002
4.58959
3.51446
4.93489
2.93092
4.97073
2.0073
2.70201
2.3164
4.15869
3.98889
2.62989
4.88305
4.92125
4.2349
2.56975
4.66089
4.94151
4.91877
4.74042
4.28486
3.32097
4.49219
3.90855
4.37213
4.23103
2.6907
2.26666
3.97568
3.40092
2.82449
3.41128
4.84542
4.32522
2.45655
3.15681
4.35966
2.07683
4.10758
4.17593
5.02937
4.5599
3.45829
5.06195
4.43044
4.64544
4.68713
3.83967
4.40204
2.74358
2.00653
5.01401
4.94151
3.89942
4.76802
4.94735
4.68432
2.61395
5.0597
2.6907
4.76854
2.35724
4.42652
2.66475
5.01591
2.53623
2.03179
4.97166
4.46114
4.65306
3.71652
4.89357
5.14013
5.20499
5.10528
5.12499
2.7189
4.54145
2.29054
3.87978
4.18866
4.06275
4.47314
4.62896
5.08037
2.43511
2.40653
4.44749
4.16123
4.52507
4.42871
4.31568
2.37372
4.32989
4.20956
2.13014
4.73822
2.82009
4.96278
4.82569
4.09826
4.24435
5.04723
4.89357
2.63929
4.37321
4.83108
4.99508
4.42963
4.54166
4.72656
5.04033
4.86622
5.10713
4.97237
6.8803
4.10388
4.858
4.49512
5.057
2.39685
4.83533
4.42843
6.76112
6.79809
4.99595
5.00856
4.88777
2.49137
2.3398
4.90738
2.39426
4.82895
6.63204
6.66631
4.95492
6.92887
4.6615
4.73381
6.68628
3.91703
5.07792
4.88375
6.90131
5.00587
4.77201
4.92245
4.98952
2.31962
4.7684
4.99746
7.05883
6.45337
4.74044
