8.70713
8.21799
10.5481
10.2391
9.32441
10.2816
10.2842
10.3165
8.81512
10.2752
8.77718
8.85386
10.3545
10.2871
10.362
8.81549
8.81757
8.89968
10.314
10.1766
8.76238
10.6099
8.58952
10.3248
10.3088
10.4715
10.2539
10.2006
10.1818
10.0342
10.4386
10.7163
10.2528
9.03426
8.42172
10.2679
10.2599
8.65863
8.55182
10.3458
10.3055
10.3116
8.50395
8.71992
9.25607
10.35
9.11509
10.3118
10.4046
9.05253
10.2858
8.62023
8.68392
10.3391
10.3163
10.2368
10.2924
8.57949
8.60376
10.2159
10.1993
8.53679
10.281
10.229
10.2695
11.2307
10.1806
10.2489
10.3105
10.3863
8.43539
10.2123
11.2402
7.7014
10.2832
8.81157
8.93291
10.2607
8.58963
10.3104
10.2515
8.93551
10.3728
8.57319
10.2927
10.2902
10.4582
10.2719
10.3372
10.2825
10.276
10.2745
10.3522
8.81852
10.8247
10.28
10.2856
9.13014
10.2991
10.1764
10.3124
8.56808
10.1115
10.2868
10.2844
8.52602
8.66737
10.2685
8.69095
9.36213
8.93958
10.3154
10.2482
10.393
8.84589
10.2817
8.55657
8.59567
10.2661
8.671
10.2971
8.60879
10.221
8.72357
8.20548
10.2201
10.2102
10.2744
10.2661
10.3636
10.1749
8.60732
9.07798
10.5671
9.32607
10.2978
10.2663
10.4642
11.1407
10.3184
8.4398
10.5763
8.86414
8.36483
10.2556
10.2743
8.89886
10.2482
9.09224
11.2435
11.7854
10.3993
10.255
10.2335
10.3704
10.2937
10.3348
10.1821
9.08055
10.2503
10.2963
10.3663
10.2508
10.5322
10.277
8.84306
10.255
10.2743
10.28
8.47541
8.4266
10.2199
10.2558
10.2792
10.6976
10.289
10.2335
11.7396
10.228
8.90216
10.2961
9.07903
10.6264
8.49811
11.1051
10.2735
10.4495
10.3826
8.89069
8.69493
10.3188
10.2813
8.08336
10.2742
10.2881
7.94846
10.3155
10.788
10.2478
10.2829
10.2665
10.291
10.3197
8.98018
10.2711
10.2808
10.2747
10.2295
8.5235
10.3111
10.3998
8.93945
11.7755
10.4014
10.3197
10.2787
10.3137
10.3218
10.329
10.4058
10.2279
8.89069
10.338
9.0048
10.1564
8.80453
10.3188
10.2983
10.1373
10.3289
10.32
10.2529
10.2792
10.3385
10.3363
10.259
9.04562
8.44767
10.2469
10.2037
10.2511
10.3653
10.6065
10.3626
10.3503
10.2586
11.7939
10.2729
10.2679
10.2669
10.291
8.91341
10.278
10.2718
10.3114
10.2844
10.3137
47.8931
10.2968
10.2509
10.3163
10.3158
10.3191
10.3002
10.2947
47.3373
47.4569
10.3188
10.4355
10.2339
10.1724
10.3356
10.2514
10.4145
10.3175
47.7192
46.403
10.3988
47.8732
10.5156
10.2807
47.2503
11.1765
10.5883
10.4157
48.0781
10.4106
10.4
10.4244
10.3205
10.2881
11.9321
10.4101
47.8001
47.3291
11.8404
