1824
1996
2268
2178
2055
2156
2006
2249
1953
2252
2029
1962
2302
2045
2136
1964
1940
1997
2173
2154
1911
2169
2045
2181
1960
2049
2114
2332
2236
2159
1963
2138
2287
1914
1901
2125
2167
1911
1724
2094
1993
2202
1845
1917
1923
2303
1973
2167
2203
2083
2259
1924
1984
1952
1916
2190
1909
1789
1967
1925
2306
1927
2172
1984
2278
2181
1821
1990
2026
2153
1931
1906
2239
1938
2256
2118
1872
2242
1847
2084
2164
2063
2250
1973
2183
2254
1965
2107
1986
1950
2170
1866
2201
2033
1859
2036
1987
1970
3452
1963
2165
1857
2138
2153
2107
1754
1895
2241
1712
3132
1954
2021
2045
1920
1976
2132
1673
1985
2133
1751
2242
1891
2007
1862
1593
2068
1972
1932
2232
2022
2125
2060
2185
1940
1948
2222
1858
2019
2046
2081
1638
1982
1972
1907
1968
2057
1671
2126
1706
2315
2077
3321
1964
1955
2123
2164
2208
2048
2081
2160
2265
2136
2141
2026
2298
1953
2096
2138
2022
1734
1772
1715
1966
2006
2124
2000
1941
1957
2106
1773
2138
1923
2235
1902
1996
2368
2278
2208
1999
1926
2246
2053
1708
2251
2149
1972
2190
2065
2139
1891
2242
1894
2205
1742
2108
1820
2257
1914
1740
2291
2078
1952
1893
2124
2099
2228
2177
2153
1908
2234
1976
1970
2141
2027
2236
2115
2374
1986
1901
2391
2155
2228
2130
2076
2069
2189
2147
1669
2451
1987
2223
2280
2387
2240
2346
2177
1984
2293
2311
2323
2365
2220
2382
2410
2497
2456
2416
2772
2313
2468
2358
4932
2279
2507
2631
2818
2975
2552
2686
2653
2218
2299
2628
2389
2555
2912
2765
2690
3046
2610
2599
3021
2442
5071
2671
2983
2734
2706
2605
5194
2401
2739
2733
3106
3062
2624
