3.15844
3.67836
3.67298
3.56237
3.5656
3.60952
3.53094
3.66796
3.52993
3.73346
3.56002
3.65792
3.56231
3.32826
3.56308
3.65135
3.3202
3.55457
3.64781
3.21707
3.57925
3.67849
3.65533
3.56896
3.53095
3.34901
3.61264
3.56516
3.65764
3.66719
3.5412
3.54899
3.63721
3.54944
3.56469
3.34694
3.56909
3.76686
3.34649
3.55071
3.65247
3.63841
3.74452
3.52978
3.58747
3.59184
3.62948
3.56557
3.75089
3.63414
3.56481
3.56303
3.75157
3.52802
3.53902
3.65355
3.54834
3.52771
3.66267
3.66146
3.65369
3.6361
3.56308
3.52347
3.6572
3.74849
3.31551
3.32875
3.52977
3.65794
3.33446
3.52645
3.55729
3.6466
3.65678
3.65914
3.65297
3.66351
3.53902
3.66087
3.65677
3.66015
3.65445
3.56738
3.64667
3.62952
3.53942
3.62121
3.53593
3.3675
3.5609
3.14811
3.64739
3.66731
3.54403
3.34123
3.58913
3.56896
3.64854
3.35292
3.56415
3.6572
3.65768
3.6666
3.65074
3.63627
3.75627
3.73255
3.24225
3.54768
3.55693
3.65676
3.53146
3.56579
3.66101
3.65794
3.55426
3.60674
3.52831
3.34173
3.63717
3.60818
3.63329
3.54427
3.24089
3.53201
3.64045
3.36377
3.64736
3.56413
3.52322
3.55959
3.62434
3.53281
3.59052
3.6584
3.54641
3.65327
3.68957
3.5494
3.35174
3.53256
3.66577
3.33245
3.60199
3.54105
3.32249
3.65413
3.5066
3.35495
3.62644
3.67014
3.36146
3.23499
3.62388
3.34599
3.57702
3.60954
3.65947
3.14187
3.64855
3.65369
3.32556
3.2382
3.55782
3.55501
3.67117
3.55486
3.26244
3.35316
3.35639
3.65226
3.33117
3.51874
3.59479
3.34588
3.53593
3.59866
3.56516
3.04848
3.55382
3.65235
3.63843
3.33088
3.56966
3.66953
3.56
3.76141
3.64949
3.33881
3.56589
3.26338
3.32602
3.64591
3.34358
3.56
3.65962
3.51085
3.32676
3.55504
3.55268
3.14172
3.66308
3.31411
3.34162
3.34811
3.57823
3.50625
3.51892
3.65605
3.36528
3.53626
3.22151
3.54547
3.53727
3.54222
3.65413
3.53241
3.32619
3.53843
3.23029
3.58702
3.63601
3.6572
3.33022
3.34274
3.56665
3.31634
3.50932
3.55839
3.62948
3.65239
3.68069
3.54031
3.43373
3.65032
3.6584
3.32105
3.65611
3.63915
3.56308
3.54754
3.64348
3.34281
3.65605
3.33469
3.52816
3.63726
3.56345
3.58788
3.56164
3.56025
3.54369
3.566
3.55854
3.56639
3.65515
3.68054
3.54751
3.57233
3.5553
3.66777
3.65724
3.54429
3.5778
3.82189
3.56426
3.76138
3.5635
3.6515
3.62687
3.55554
3.6537
3.65441
3.6603
3.65884
3.68245
3.65838
3.63972
3.66058
3.74156
3.62754
3.33714
3.56426
3.56503
3.56426
3.77327
3.73983
3.53535
3.6603
3.65325
3.55224
3.66704
3.67373
3.66265
3.56398
