103.7
100.544
102.235
102.612
101.722
102.364
101.495
102.695
101.396
102.153
102.011
101.712
101.297
103.276
102.242
103.043
103.915
101.982
101.58
102.339
102.403
102.223
103.889
101.42
100.775
102.689
102.838
102.137
101.282
101.808
101.336
102.474
102.76
102.073
104.226
100.95
99.5418
102.69
102.775
103.108
101.411
102.944
101.984
102.658
102.639
102.691
102.218
102.263
102.141
97.2125
101.852
101.967
102.541
100.987
102.688
102.388
101.528
99.9851
101.751
102.149
102.174
102.35
101.073
103.512
101.861
101.42
101.302
99.2816
101.469
101.781
101.686
102.923
103.073
102.256
101.708
101.664
100.81
100.479
100.255
101.005
101.276
100.217
102.188
97.9759
102.15
100.502
101.241
102.629
101.52
101.969
102.123
102.886
100.586
101.846
101.599
102.776
101.017
102.384
100.693
103.157
100.305
103.604
101.972
103.462
102.274
102.348
102.582
101.272
101.406
100.654
99.2088
100.95
99.2843
103.211
100.452
101.732
101.865
102.405
100.566
100.858
100.667
101.697
101.942
100.784
101.055
101.198
100.436
101.137
101.224
101.302
101.449
101.155
101.726
99.9454
102.414
100.919
102.495
103.206
100.964
100.408
102.088
100.675
102.393
101.639
101.648
101.506
101.982
101.406
101.571
101.327
102.369
101.929
102.67
100.941
99.6854
99.2836
102.106
102.432
100.066
100.649
103.097
101.817
100.189
100.495
100.721
101.308
103.222
100.618
103.835
100.132
101.759
101.814
100.989
100.439
100.336
101.971
99.9813
100.296
102.295
100.536
100.963
102.567
99.9497
101.733
102.965
99.6465
100.439
100.286
100.692
101.12
99.4022
98.9884
101.35
99.6282
96.6369
102.201
101.067
100.323
99.8914
100.505
101.779
101.437
100.871
101.474
99.344
100.303
99.8954
101.481
100.476
101.302
101.403
102.321
102.602
102.365
102.227
101.055
100.887
100.476
100.571
103.005
100.649
103.407
102.551
100.704
100.655
101.323
102.586
101.26
101.012
101.671
102.5
99.987
100.361
101.879
101.099
101.776
100.695
100.632
101.393
98.9735
101.034
100.79
101.371
99.9735
100.305
100.003
100.984
100.092
99.661
101.108
102.77
101.307
102.549
101.137
102.334
98.7734
101.065
101.499
100.75
102.394
100.631
101.215
99.777
103.476
100.495
102.383
101.482
101.819
101.866
101.467
100.831
101.333
102.777
100.996
100.858
101.495
102.726
101.128
101.429
100.925
99.9677
99.6803
102.286
100.87
102.624
100.48
99.372
100.261
102.231
97.8871
102.242
103.901
100.757
100.44
102.309
102.06
100.689
102.018
