4.53269
5.27034
4.98295
4.70382
4.98613
4.84696
5.14639
4.83987
4.98352
4.8565
4.98007
5.12106
4.84037
4.56881
4.82504
4.69412
4.40588
4.98354
5.01205
4.84992
4.98252
4.84567
4.533
5.11819
5.28846
4.81996
4.76243
5.00721
4.99691
4.97872
4.98728
4.83327
4.68553
4.98735
4.40282
4.83488
5.44694
4.97384
4.84851
4.55822
4.97909
4.68482
4.99875
4.8361
4.69966
4.68715
4.84562
4.86021
4.86774
4.70747
4.77794
4.82352
4.83036
4.84685
4.83602
4.81965
5.13935
5.13214
5.00592
4.81523
4.98065
4.84172
5.13792
4.68433
4.99775
5.00206
4.96973
4.68627
4.90319
4.8584
4.84428
4.83551
4.68401
4.69581
4.69073
4.97088
5.14447
4.90925
4.98823
5.14413
4.85773
4.83669
4.99304
5.00336
4.84129
4.98233
4.82445
4.71809
4.97516
4.85272
4.90358
4.54408
5.01174
4.54852
4.51622
4.83581
5.01386
4.84869
5.13688
4.63632
4.98681
4.69893
4.83461
4.41528
4.83813
4.69716
4.85779
4.99793
4.75288
5.72132
4.99797
4.40518
5.1554
4.67911
5.01197
4.97931
5.0032
4.84931
4.99399
4.98813
5.00842
4.85833
4.70186
4.97565
4.83935
4.82588
4.98512
5.16739
4.84045
5.13244
5.13221
4.69143
4.7056
4.97899
4.4215
4.84038
4.69322
4.64633
4.84352
4.98644
4.83855
4.8509
4.82139
4.86294
4.8495
4.77302
4.97616
4.98924
5.12374
4.98731
4.8498
4.65889
4.86196
4.90118
4.98556
5.28754
4.85373
4.54976
5.14198
4.83896
4.40446
5.01397
4.98096
4.83148
5.16751
5.02553
4.91025
4.85083
4.55069
5.28651
5.14177
4.85105
4.85091
5.13511
5.0091
4.829
5.44491
4.84092
4.83939
5.00695
4.65103
4.65432
4.9911
5.00758
4.64532
4.83928
4.84124
4.988
5.13273
5.01332
5.28678
4.9818
5.13327
5.1422
5.43303
4.68886
5.00743
4.53989
4.99399
4.99282
4.86317
4.99976
4.99571
4.5758
5.16186
4.97177
5.0152
5.13426
4.86333
5.01414
4.98791
4.69406
4.70068
4.69146
4.83521
4.9836
5.13702
4.98786
4.97746
4.70568
4.99116
4.51254
4.72115
4.99573
4.98486
5.0147
4.7327
4.8489
4.99823
5.147
4.41831
5.01908
4.63948
5.00281
4.85608
4.85695
4.71464
4.98325
5.00376
4.98582
4.84028
5.1549
4.85458
5.14494
5.13044
5.15693
4.85189
5.45788
5.43289
4.87098
4.84557
4.73056
4.56337
4.83621
4.49764
5.43098
4.84586
4.99353
4.65646
4.85337
4.84862
5.15901
5.00448
4.36209
5.01894
4.98985
4.91539
4.86616
4.86144
5.00549
5.01351
5.01079
4.69783
4.85666
4.86879
5.01376
4.688
5.30475
5.14283
4.86398
5.15219
5.01368
4.84853
5.1451
4.41096
4.8541
5.3013
5.15422
4.84957
5.30552
4.84464
4.41111
5.15551
5.1568
4.84553
4.829
4.83912
4.8459
