8.54082
8.55676
8.55028
8.62959
8.56923
8.28156
8.38872
8.48297
8.56243
8.32537
8.37101
8.22614
8.34857
8.3429
8.45103
8.30421
8.49452
8.62201
8.51021
8.49761
8.52953
8.40366
8.3038
8.59553
8.59478
8.11063
8.64027
8.59855
8.44344
8.51939
8.58964
8.48994
8.36945
8.34367
8.44664
8.34091
8.539
8.19334
8.76551
8.61337
8.58026
8.62688
8.45712
8.44778
8.04992
8.51291
8.48317
8.44777
8.43075
8.65566
8.50147
8.58909
8.64886
8.59472
8.00958
8.15377
8.62052
8.67386
8.58077
8.42378
8.5308
8.5522
8.41063
8.43887
8.51153
8.76437
8.64709
8.3638
8.04029
8.67611
8.51346
8.54062
8.39689
8.54855
8.54185
8.59845
8.56713
8.06125
8.25368
8.51987
8.76763
8.21118
8.72427
8.2722
8.75734
8.05956
8.5529
8.11549
8.39885
8.4902
8.16376
8.78257
8.55887
8.48313
8.4648
8.91296
8.20053
8.89342
8.53203
8.44558
8.6425
8.25936
8.66113
8.29425
8.50729
8.63953
8.79373
8.43796
8.40957
8.35516
8.81949
8.3614
8.43112
8.34821
8.44418
8.69485
8.01096
8.74731
8.44901
8.22179
8.55725
8.66914
8.91296
8.41712
8.59883
7.95072
8.61664
8.69442
8.08036
8.10435
8.54595
8.94932
8.18074
8.70617
8.75037
8.62473
8.19616
8.37546
7.96672
8.58287
8.6935
8.64936
8.1804
8.49125
8.56628
8.24961
8.62656
8.71882
8.35313
8.60426
8.56584
8.6675
8.5541
8.10012
8.20602
8.54983
8.78469
9.2916
8.31724
9.00742
8.68462
8.54909
8.60958
8.36036
8.17905
8.07695
8.2159
8.13171
8.58335
8.65726
8.58676
8.18622
8.60135
9.12156
9.07084
8.7119
8.60382
8.58635
8.7424
8.83017
8.66884
8.92209
8.52913
8.56586
8.74028
8.66849
9.01338
8.80331
8.6636
8.80402
8.59358
8.75734
9.01188
9.13649
9.11809
8.14652
8.606
9.19546
8.89962
8.80303
8.73563
9.02009
8.73871
8.71185
8.54099
8.06559
8.55908
8.97245
8.78744
8.58287
8.4377
8.99727
8.84397
8.35131
8.75734
9.18214
8.64394
8.81312
8.70607
9.16288
8.96774
8.77439
8.63254
9.10352
8.68782
8.56484
8.47269
8.24045
8.63595
8.63212
8.68765
8.90784
8.78463
9.18342
8.30895
8.71185
8.68456
8.81354
9.1412
8.2157
8.76763
9.08615
8.25024
9.05903
8.65642
9.15033
8.74726
8.75734
8.67991
9.16162
8.25743
8.80403
8.82102
8.93849
8.74034
8.74141
9.04077
8.58422
8.9335
8.64394
8.75734
9.11425
8.83017
8.58335
8.8222
9.05163
8.27183
9.14235
8.69412
8.71115
9.26343
9.24135
9.17429
8.52043
9.17772
9.00768
9.22104
8.80402
8.68682
9.28356
8.81312
8.90865
8.95165
8.82109
8.62443
9.08642
8.83017
8.80169
9.16046
8.83343
8.80867
8.54791
9.08642
9.51763
8.77749
9.15033
8.87561
8.84718
