8.14349
8.69315
8.38948
8.46657
8.49125
8.37065
8.56028
8.42694
8.44257
8.42756
8.27218
8.47407
8.45506
8.34022
8.16703
8.48549
8.25188
8.36314
8.47047
8.63603
8.32606
8.45095
8.30583
8.3997
8.50477
8.20147
8.15907
8.45875
8.41078
8.41415
8.4493
8.33129
8.42179
8.50804
8.35595
8.22444
8.70742
8.09624
8.35603
8.20345
8.36885
8.32104
8.23054
8.16616
8.18107
8.47791
8.44672
8.38194
8.41768
8.48429
8.24273
8.38021
8.23951
8.38473
8.18724
8.10466
8.27092
8.42304
8.47305
8.27346
8.18594
8.3322
8.57834
8.20716
8.35086
8.34024
8.51303
8.3565
8.194
8.41357
8.49089
8.25548
8.25818
8.4719
8.21351
8.53539
8.46945
8.0391
8.56463
8.36181
8.43798
8.27496
8.42809
8.26469
8.53269
8.17265
8.26593
8.39153
8.263
8.37445
8.08295
8.36945
8.30272
8.47088
8.31729
8.36373
8.55033
8.33943
8.53996
8.28192
8.52499
7.61397
8.35041
8.23896
8.38672
8.35378
8.4489
8.53076
7.87003
7.08649
8.66941
8.13655
8.47245
8.12485
8.41965
8.14534
8.28473
8.3296
8.26685
8.17316
8.22833
8.47088
8.30987
8.17263
8.30224
8.2722
8.48018
8.50821
8.17041
8.12485
8.62722
8.32305
8.1286
8.43545
8.37698
8.47379
8.29183
8.24524
7.97701
8.14661
8.23811
8.43158
8.0791
8.51303
8.14063
8.15805
8.31386
8.38253
8.26137
8.48774
8.33392
8.48044
8.3821
7.81597
8.02889
8.61994
8.52083
8.10165
8.37669
8.32165
8.23835
8.37698
8.30823
8.1113
8.47578
7.05327
7.72728
8.35654
8.35722
8.60552
8.39821
8.08063
8.33979
8.35975
8.44031
8.36593
8.32897
8.48774
8.40794
8.29208
8.4489
8.35893
8.06646
8.44218
8.41672
8.25622
8.37101
8.53269
8.5553
8.55059
8.48324
8.21196
8.37052
8.65532
8.83489
8.25238
8.56325
8.28282
8.45803
8.37415
8.44672
8.37926
8.43394
8.24904
8.48371
8.06801
8.41436
8.29828
8.35015
8.35341
8.06252
8.41221
8.19949
8.17719
8.22676
8.33842
8.41763
8.29701
8.36459
8.24862
8.37817
8.36539
8.20192
8.25032
8.39545
8.38655
8.46267
8.33063
8.14664
8.19907
8.2219
8.34285
8.30744
8.35525
8.28107
8.40102
8.30357
8.24673
8.37101
8.15516
8.37101
8.48738
8.35107
8.25574
8.13665
8.32317
8.35961
8.54507
8.59681
8.37297
8.06662
8.37424
8.23984
8.30165
8.21437
8.55756
8.32512
8.33482
8.29052
8.34654
8.16312
8.42481
8.50089
8.33602
8.33927
8.33997
7.75696
8.37817
8.31122
8.31427
8.38655
8.40112
8.37698
8.3786
8.37383
8.29132
8.20597
8.44293
8.34225
8.31621
8.34454
8.49347
8.39362
8.41818
8.20072
8.36741
8.43121
8.48977
8.19232
8.42666
8.41782
8.20198
8.39243
8.32309
8.08672
8.29131
8.1622
8.28448
