2457
2556
2566
2433
2550
2544
2605
2648
2575
2516
2559
2460
2508
2483
2514
2659
2626
2568
2419
2558
2516
2561
2536
2638
2647
2473
2450
2667
2569
2493
2575
2635
2510
2538
2623
2515
2594
2475
2512
2553
2638
2561
2562
2436
2417
2551
2537
2541
2467
2443
2496
2466
2552
2550
2370
2453
2650
2443
2590
2504
2471
2478
2581
2491
2605
2565
2494
2350
2441
2489
2470
2517
2587
2482
2494
2505
2449
2459
2409
2568
2630
2316
2624
2265
2507
2371
2492
2375
2494
2528
2311
2544
2468
2426
2552
2719
2468
2746
2634
2509
2584
2487
2590
2413
2497
2591
2648
2505
2377
2499
2406
2336
2594
2446
2445
2642
2475
2640
2519
2431
2593
2543
2512
2481
2581
2481
2543
2671
2514
2478
2535
2682
2452
2589
2542
2515
2500
2495
2375
2470
2498
2610
2536
2558
2689
2433
2647
2567
2564
2585
2654
2620
2704
2402
2490
2472
2540
2543
2527
2684
2490
2604
2535
2396
2598
2324
2465
2429
2554
2647
2672
2505
2535
2631
2507
2614
2603
2680
2666
2545
2460
2524
2587
2540
2486
2585
2547
2448
2788
2588
2598
2525
2547
2627
2505
2412
2632
2594
2615
2606
2697
2692
2560
2626
2598
2466
2473
2638
2551
2659
2545
2479
2547
2517
2635
2651
2600
2627
2621
2604
2653
2584
2664
2567
2667
2699
2511
2588
2589
2605
2551
2639
2483
2624
2473
2628
2537
2543
2584
2508
2620
2625
2479
2739
2555
2674
2504
2629
2633
2582
2584
2578
2626
2662
2636
2716
2605
2740
2567
2796
2625
2671
2510
2497
2594
2697
2470
2662
2584
2602
2621
2804
2604
2633
2662
2686
2618
2634
2700
2711
2689
2716
2647
2503
2630
2599
2733
2662
2687
2666
2659
2416
2549
2797
2602
2565
2569
2638
