8.50293
8.50666
8.62151
8.49246
8.50997
8.51673
8.62796
8.63649
8.38691
8.48623
8.50004
8.63443
8.21844
8.50446
8.36911
8.62559
8.49476
8.53331
8.48351
8.62805
8.64466
8.50723
8.64068
8.51151
8.52563
8.51317
8.48108
8.64555
8.35278
8.4969
8.37486
8.51942
8.50006
8.62684
8.63958
8.01729
8.37424
8.61996
8.63783
8.37851
8.35734
8.5097
8.49285
8.50422
8.36869
8.50558
8.50364
8.5039
8.48944
6.85488
8.23756
8.37606
8.49602
8.10268
8.52264
8.3799
8.5133
8.09805
8.53111
8.37745
8.51268
8.49026
8.49561
8.62859
8.5054
8.37158
8.37252
7.41762
8.22813
8.36803
8.35656
8.62415
8.51929
8.3765
8.09499
8.49498
8.37866
7.88319
8.08724
8.39626
8.22267
7.81968
8.63364
7.31931
8.51528
8.01235
8.11014
8.47844
8.34333
8.40343
8.37614
8.37344
8.11523
8.10192
7.93066
8.62889
8.34321
8.5108
8.36193
8.5081
8.08682
8.38397
8.37599
8.35979
8.48725
8.35481
8.62924
8.3985
7.92824
8.3875
7.80897
7.55357
7.92546
8.49377
8.11827
8.36248
8.48434
8.51367
8.07803
8.12361
8.10818
8.36589
8.21692
8.0889
8.08359
8.10112
8.1091
8.51725
8.08317
8.38009
8.62655
7.97391
8.08007
7.93721
8.1093
8.10993
8.36829
8.51589
7.93433
7.97906
8.36715
8.02975
8.37199
8.36984
8.20579
8.09446
8.5051
8.37146
8.50658
8.38762
8.50503
8.24222
8.63086
7.92304
7.72616
8.1056
8.50904
8.12189
8.11589
7.96837
8.2378
8.51932
7.96747
7.83675
8.37685
7.8463
8.54146
7.98415
8.66683
8.36223
8.63811
8.23144
8.08972
8.21553
8.08765
8.37657
8.37653
7.92467
8.50435
8.09133
7.92433
8.38121
7.82118
8.51419
8.52085
7.64595
7.92584
8.08509
8.3632
8.37455
8.09623
7.57968
8.49358
8.07883
7.48904
8.25763
8.35741
7.55729
7.94369
8.09836
8.38601
8.39018
8.23501
7.92462
7.95377
7.90503
7.95089
8.505
7.95118
8.35304
8.24025
8.36886
8.36697
8.27675
8.4007
8.24191
8.37503
8.0563
8.09936
8.51601
8.14199
8.50041
8.37322
8.11477
8.1439
8.37339
8.51154
8.16599
8.16891
8.53436
8.06372
7.95732
7.67716
8.51779
8.10521
8.35961
7.8512
8.07947
8.37748
7.56137
8.10504
8.38992
8.21341
8.04848
8.08915
8.09301
8.09698
8.4995
8.35982
8.15893
8.50194
8.07944
8.23149
8.10477
8.09
8.07241
8.10186
8.38455
7.8045
8.52177
7.91325
8.5
7.93416
8.35738
8.1087
8.65197
8.06654
8.3724
8.35412
8.3786
8.22259
8.37819
8.49713
8.11276
8.08104
8.38616
8.39442
8.62611
8.51583
8.07447
8.08523
7.91131
8.50448
8.37813
8.08433
7.94982
8.08439
8.22813
8.40147
7.64024
8.4975
8.47095
8.34443
8.22407
8.37445
8.37201
7.92029
8.37309
