100.466
100.298
99.458
101.272
99.0319
98.9804
98.6932
100.04
99.1123
98.798
100.998
98.8785
99.9841
99.1479
99.4496
98.9582
99.5853
99.0277
100.362
99.0118
98.9973
100.494
98.7676
101.089
99.082
98.9808
99.5321
99.0504
99.0324
101.266
99.0418
100.55
99.1439
101.016
99.2598
100.321
100.001
98.628
100.862
100.903
100.199
99.946
98.9768
99.7574
100.397
98.6727
99.1563
99.1241
100.954
98.168
101.294
99.9065
99.3601
99.5571
100.46
100.408
100.253
99.0258
99.0646
100.721
100.08
99.0645
100.382
99.4776
99.4878
100.319
100.451
100.698
99.1376
98.5524
98.6235
98.9909
99.5146
99.9483
99.0221
98.6573
98.9438
99.6047
99.0766
100.186
98.6378
99.067
98.6802
98.9881
99.0171
98.5421
99.5122
98.3369
99.0439
98.5344
99.6077
100.356
99.543
100.17
101.236
99.2098
101.093
99.1246
99.5064
99.0925
99.0909
100.245
99.8257
100.441
99.8092
99.9317
98.9478
99.4765
99.9705
99.052
99.1286
99.7402
99.4962
99.6867
99.3913
99.5723
99.8002
99.5065
98.6582
99.4482
100.288
99.2405
100.665
98.9311
100.459
99.0608
99.8694
99.6667
99.2457
100.313
99.5032
99.4384
98.5974
99.1104
100.268
99.544
100.614
99.925
100.424
99.0563
99.836
98.8909
99.995
98.5666
98.9977
101.245
99.1042
98.9617
99.6477
98.6817
99.9525
99.7033
100.016
98.9165
98.6208
99.1616
100.735
99.7475
98.626
98.9925
100.258
98.8357
98.8856
98.548
99.0542
99.4125
99.5229
99.9549
99.079
98.5713
98.9164
98.162
98.9511
98.7256
100.752
99.4026
99.0051
99.1866
99.0189
99.0451
99.0461
99.9493
98.6764
99.4909
99.087
98.5894
98.0529
99.0441
99.9704
98.5638
98.2163
99.074
98.9215
98.9237
99.8388
101.309
99.0461
99.1234
99.4455
98.9325
98.6155
98.5574
98.9587
100.43
99.1668
98.1712
99.9599
98.9025
99.5426
99.5574
99.8679
99.8676
99.3271
98.5594
98.7059
99.7934
100.225
98.6643
98.9959
98.9536
98.9711
100.003
99.9582
101.191
100.376
100.025
101.643
99.5232
99.7983
99.1759
99.1452
101.308
99.487
99.9888
98.9083
100.3
99.7848
98.0715
100.346
98.9559
98.3934
99.5702
98.5449
98.1959
99.8866
99.4771
99.8559
99.4644
100.306
99.5821
100.314
98.5637
100.39
98.6466
98.6239
99.8878
101.453
101.975
99.0745
99.2739
98.7339
99.8171
100.003
100.512
98.9739
99.2008
100.043
99.0711
99.9483
99.3766
99.8439
99.0494
99.3959
99.4161
98.7112
99.1074
98.7818
98.7058
99.9271
99.3979
98.2851
100.744
98.158
98.6734
100.414
98.9973
99.9856
99.139
100.274
100.293
100.723
100.318
100.906
99.1679
99.0238
100.338
98.5357
99.3826
98.9205
