5.27867
5.29125
5.30491
5.30623
5.44652
5.44884
5.43623
5.40088
5.4446
5.41107
4.85067
5.44419
5.44083
5.40674
5.30384
5.45748
5.29648
5.44999
5.44943
5.44074
5.4621
5.40215
5.43942
5.44234
5.44212
5.4519
5.30332
5.43816
5.4378
5.30081
5.45463
5.00497
5.41367
5.44237
5.4002
5.44047
5.44075
5.4576
5.30847
5.44329
5.29813
5.57613
5.45801
5.41183
5.45067
5.44904
5.43076
5.43283
5.28788
5.73267
5.14777
5.45243
5.58543
5.30523
5.44228
5.43672
5.28488
5.43834
5.43922
5.45396
5.44485
5.4483
5.30087
5.30492
5.29659
5.30864
5.44901
5.43425
5.44764
5.58824
5.5839
5.45204
5.30652
5.42187
5.45456
5.57977
5.45217
5.27582
5.44538
5.30598
5.59187
5.45373
5.44388
5.4503
5.44193
5.45251
5.44629
5.58868
5.44452
5.60386
5.30032
5.28377
5.27436
5.30846
5.58411
5.45092
5.45044
5.44162
5.30607
5.4448
5.3024
5.45457
5.44855
5.29403
5.4557
5.44169
5.44026
5.30285
5.45188
5.44652
5.44115
5.45
5.30915
5.44984
5.58025
5.29874
5.44292
5.30276
5.58615
5.30347
5.30089
5.41046
5.59278
5.44842
5.3043
5.45119
5.4584
5.45555
5.5891
5.45252
5.157
5.31027
5.44164
5.41549
5.30795
5.44098
5.30619
5.14999
5.30408
5.45175
5.58257
5.44046
5.61941
5.58988
5.44055
5.44915
5.44511
5.45424
5.45747
5.44621
5.45382
5.45456
5.14911
5.47192
5.59447
5.41656
5.16988
5.26269
5.57388
5.45034
5.58187
5.6294
5.45558
5.43143
5.44851
5.58785
5.5956
5.30268
5.43549
5.44492
5.44578
5.58895
5.45534
5.44809
5.2885
5.59411
5.45109
5.29038
5.44678
5.43387
5.45311
5.44052
5.44995
5.29293
5.4453
5.44418
5.58703
5.44634
5.43857
5.45743
5.61996
5.45097
5.44528
5.44756
5.4517
4.97177
5.45279
5.44539
5.4498
5.45064
5.82541
5.58071
5.44995
5.43529
5.57705
5.72596
5.45328
5.4482
5.44434
5.44155
5.45211
5.43942
5.6157
5.57876
5.4387
5.45335
5.29222
5.58501
5.43337
5.44239
5.42981
5.3047
5.44574
5.44468
5.44524
5.30299
5.02802
5.45091
5.44356
5.41588
5.30098
5.29464
5.30519
5.44633
5.47211
5.44496
5.45037
5.61736
5.4455
5.44359
5.49722
5.29737
5.60868
5.5892
5.45127
5.42515
5.59022
5.59273
5.30378
5.44393
5.44812
5.62459
5.44017
5.85855
5.44039
5.59227
5.30167
5.02808
5.44367
5.27312
5.73757
5.02912
5.44768
5.45429
5.44654
5.44804
5.45303
5.30434
5.30238
5.59398
5.45152
5.58195
5.58963
5.59406
5.45708
5.44958
5.43457
5.45374
5.44187
5.45548
5.58723
5.30246
5.72388
5.45766
5.45305
5.85905
5.29869
5.44116
5.44781
5.45899
5.44842
5.45181
5.4389
5.4453
5.45264
5.45506
5.47904
5.45711
5.47942
