8.35887
8.22245
9.74425
7.87863
8.61639
8.64091
7.90492
7.98723
8.85944
8.16106
8.18756
8.222
8.18543
8.10938
8.17671
8.71962
7.83686
8.21717
9.48347
8.04296
8.2032
8.93072
8.20655
7.9625
8.11269
8.26753
8.66866
8.25449
8.15409
8.64844
7.96296
7.82665
9.34822
7.98569
8.2105
8.53723
8.0637
8.30634
8.09022
8.61132
8.35103
8.3749
7.95469
8.4487
8.26935
7.99246
8.09305
8.23274
7.95556
7.91222
7.9881
8.02199
7.99245
7.99541
8.12859
8.12117
7.93438
8.93602
8.77053
8.40178
8.09305
9.45671
8.46222
8.08191
8.0282
8.54167
8.46605
8.17801
8.44222
7.97992
8.78506
8.02198
8.37104
8.21671
8.11939
8.09859
7.99882
9.1601
7.97918
9.11884
8.07168
9.32823
8.02613
8.38668
8.46367
8.12321
8.4675
8.09229
7.77025
8.4675
8.21637
8.11134
8.04732
8.12286
8.21584
8.14764
7.95814
8.15313
8.05187
7.92193
8.30445
9.09327
7.94709
7.82842
7.95531
7.93972
8.09758
8.08514
9.36056
8.04732
9.20447
7.95674
9.42594
7.95484
7.91248
7.9131
8.63165
7.86149
8.09345
8.35764
7.85331
7.99854
8.52598
7.99159
8.27301
8.01717
7.98237
8.94253
8.00737
8.2754
7.87325
9.06712
8.09112
8.02335
9.10836
8.00519
8.00607
7.99541
8.04442
8.0346
8.23979
7.8994
8.03339
7.82866
8.04123
7.83293
8.23302
8.23259
8.04732
8.09555
8.0357
9.33151
8.25216
8.0637
8.07347
7.8947
8.32826
9.90077
8.85841
7.9117
8.85502
7.8327
8.14708
7.88933
7.99541
7.71409
7.77645
9.90157
7.78408
7.85475
8.08551
7.98421
7.76426
9.42464
8.13494
7.67998
7.98366
7.97366
8.12185
9.73449
9.71109
8.28347
7.87791
8.0577
9.07359
8.25475
7.91841
7.92308
7.89989
9.33333
9.41949
7.79237
8.28847
9.64251
7.78317
7.79245
8.0106
8.04991
7.83833
8.12185
7.7739
7.83833
7.89019
8.31259
7.98421
7.84492
7.8755
8.02532
7.83968
7.7837
7.73658
7.91131
7.88922
7.95136
8.34884
7.9259
7.87651
8.00591
9.17829
7.89436
8.08879
7.90535
8.07886
9.07956
9.5875
8.05532
7.90601
8.00458
7.77947
7.91566
9.31627
8.08996
7.99761
7.80036
8.06814
7.91913
8.12368
8.25127
7.92841
7.80176
8.00585
7.70302
7.79997
7.94767
7.97065
9.20318
7.85041
7.68587
8.1961
9.35872
7.69361
9.60204
8.18853
9.62468
8.43846
7.74612
7.88971
7.78167
7.805
7.80981
8.20932
8.05532
7.9119
7.78679
7.95113
7.90859
7.91038
7.99043
7.8111
7.9584
7.63766
7.74649
7.8662
7.61231
7.6857
7.89289
9.17215
8.00591
7.93772
7.70904
7.77771
7.73228
8.06734
9.79565
7.75367
7.97342
7.78046
7.74031
7.63112
7.72521
7.88891
7.83409
7.70913
7.81925
7.67354
7.73996
7.8213
7.73498
9.49878
