8.84317
8.82439
8.84343
8.83589
8.83141
8.8791
8.82272
8.7425
8.75103
8.8431
8.75417
8.78169
8.79926
8.85061
8.85818
8.90518
8.78625
8.82565
8.82276
8.86035
8.81544
8.82888
9.10652
8.84355
8.80302
8.86994
8.78896
8.85245
8.88547
8.84003
8.84343
8.74216
8.82488
8.71237
8.74731
8.84595
8.72993
8.81527
8.83185
8.80414
8.85402
8.857
8.86997
8.72991
8.79091
8.83603
8.78851
8.82549
8.75099
8.8172
8.80267
8.8353
8.88854
8.78996
8.83431
8.79067
8.99507
8.90857
8.82281
8.74704
9.02218
8.80666
8.8361
8.8229
8.86462
8.79207
8.80038
8.95595
8.77597
8.84708
8.87154
8.85988
8.86654
8.78208
8.86127
8.78998
8.8681
8.83607
8.77062
8.86062
8.76356
8.80434
8.827
8.81788
8.86336
8.83044
8.87154
9.04492
8.8688
8.85548
8.72688
8.82234
8.87804
8.87309
8.77527
8.69791
8.83781
8.8025
8.81297
8.84051
8.87858
8.9143
8.89457
8.81469
8.82342
8.82091
8.94118
8.87234
8.77925
8.81372
8.78107
8.85398
8.81941
8.94621
8.82061
8.80814
8.86988
8.8176
8.78926
8.89252
8.91828
8.75237
8.86452
8.92013
8.80849
8.81941
8.82354
8.95181
8.89337
8.81141
8.86318
8.86263
8.89447
8.86062
8.88676
8.85788
8.93526
8.8798
8.77293
8.77763
8.91883
9.04051
8.70759
8.8588
8.88591
8.7448
8.81272
8.9212
8.94743
8.81592
8.81681
8.8875
8.82887
8.8427
8.82327
8.79415
8.82504
8.73751
8.86221
8.87791
8.85071
8.9374
8.91884
9.01618
8.86221
8.86578
8.7931
8.86529
8.84638
8.92389
9.00741
8.83105
8.92549
8.76861
8.91058
8.91217
8.84096
8.78472
8.90496
8.87447
8.84789
8.8599
8.83812
8.92145
8.83276
8.92129
9.01909
8.87533
8.8119
8.89773
8.7328
8.7748
8.9374
8.96241
8.89768
8.83959
8.84385
8.81738
8.92548
8.91666
8.97818
8.91973
8.85638
8.79548
8.80801
8.78738
8.84125
8.93555
8.78323
8.83044
8.88414
8.88612
8.86503
8.89044
8.84397
8.92713
8.88336
8.81166
8.91283
8.97987
8.97002
8.83573
8.83985
8.78922
8.8524
9.05209
8.814
8.84944
8.96668
8.83954
8.84274
8.84877
8.85127
8.81228
8.95392
8.89393
8.933
8.90556
8.86344
8.92547
8.91648
8.84621
8.87821
8.84609
8.84307
8.95108
8.91741
8.87849
8.90202
8.834
8.85303
8.74372
8.83308
8.84273
8.87494
8.80758
8.88927
8.97769
8.88232
8.78297
8.88398
9.02861
8.79422
8.73889
8.91423
8.77803
8.77988
8.87536
8.86175
8.93154
8.90322
8.89014
8.81321
8.85682
8.81737
8.845
8.78403
8.79095
8.85
8.93582
8.78859
8.83243
8.82236
8.80799
8.75906
9.00071
8.84659
8.77481
8.90713
8.83728
8.85277
8.86576
8.78762
8.72036
8.85862
8.74961
8.89901
8.83198
8.84852
