3030
2993
3072
3101
3087
3069
3000
3039
3118
3015
2997
3110
3122
3049
3117
3215
3087
3102
3134
3060
3144
3150
3122
3076
3040
3010
3077
3068
3143
3130
2999
3066
3087
3033
3104
3071
3109
3058
3028
3114
3082
3151
3098
3063
3054
3094
3119
3096
3065
3082
3006
3137
3078
3076
3078
3155
3157
3159
3063
3136
3163
3151
3208
3143
3082
3112
3054
3202
3109
3096
3120
3110
3125
3093
3109
3243
3132
3097
3103
3100
3072
3019
3088
3164
3037
3044
3009
3182
3053
3067
3023
3063
3119
3140
3097
3041
3144
3053
3094
3072
3127
3043
3100
3110
3130
3034
3176
3129
3129
3092
3112
3019
3040
3150
2979
3062
3118
3135
3100
3064
3047
3088
3192
3090
3101
3148
3213
3123
3082
3131
3081
3105
3097
3081
3085
3129
3091
3194
3113
3131
3090
3086
3076
3086
3076
3121
3118
3045
3170
3112
3041
3168
3117
3157
3057
3103
3123
3055
3159
3101
3059
3077
3023
3122
3068
3094
3068
3011
3074
3083
3097
3103
3063
3059
3065
3128
3115
3077
3101
3059
3095
3190
3073
3090
3147
3025
3135
3091
3110
3151
3077
3101
3072
3067
3012
3054
3183
3038
3116
3212
3097
3106
3109
3112
3104
3065
3102
3092
3056
3096
3074
3143
3023
3019
3177
3082
3010
3125
3002
2938
3006
3016
3051
3112
3167
3026
3056
3064
3048
3039
2990
3052
3055
3084
2967
2989
3099
3032
3120
3016
3033
2975
3064
3043
3121
2994
3124
3049
3080
2980
3024
3011
3054
3122
3018
3031
2988
3073
3021
3034
3038
2950
3062
3082
3065
3024
3020
2991
3009
3056
3050
3074
3023
3126
3058
3014
2974
2959
3074
2960
3025
3070
2989
3007
3014
3027
2949
3021
2973
2940
2972
3016
2887
2953
2877
2991
2882
2913
2905
