8.54576
8.49787
8.25134
8.82848
8.25411
8.25522
8.13421
8.49662
8.25181
8.1484
8.25332
8.18778
8.5389
8.2572
8.25253
8.26505
8.26402
8.25443
8.67601
8.25118
8.25372
8.67281
8.24841
8.90896
8.25649
8.25554
8.25498
8.25831
8.26275
8.82257
8.26917
8.26132
8.25459
8.83441
8.25245
8.66223
8.51969
8.13279
8.69778
8.83496
8.48392
8.68236
8.26037
8.4143
8.67662
8.14463
8.26386
8.26766
8.67546
8.26378
8.66368
8.53849
8.51568
8.26513
8.70422
8.6659
8.53916
8.26853
8.25443
8.76615
8.65268
8.25831
8.5387
8.2507
8.25958
8.51012
8.69544
8.818
8.27083
8.2492
8.27472
8.2557
8.27868
8.50258
8.26853
8.25649
8.24349
8.26632
8.24769
8.49004
8.25443
8.26378
8.13909
8.23977
8.25498
8.10521
8.41933
8.23961
8.26782
8.26164
8.25483
8.50825
8.25942
8.49201
9.07052
8.27147
8.91611
8.26925
8.25768
8.27448
8.14373
8.67698
8.5295
8.5426
8.50674
8.53075
8.25586
8.26481
8.53858
8.25483
8.26315
8.48967
8.25966
8.50398
8.49798
8.26957
8.50718
8.25593
8.26291
8.26315
8.53858
8.25831
8.93151
8.25205
8.5564
8.2641
8.5286
8.50518
8.48448
8.65916
8.1244
8.25689
8.13115
8.25728
8.52756
8.41959
8.655
8.25752
8.53202
8.24991
8.6752
8.26893
8.6886
8.25887
8.25459
8.92645
8.26957
8.26798
8.4995
8.13851
8.54804
8.49395
8.26782
8.24658
8.2698
8.25316
8.51618
8.26465
8.26267
8.26021
8.78549
8.40797
8.24429
8.14185
8.27297
8.52727
8.54576
8.41465
8.26275
8.13499
8.2721
8.12215
8.26703
8.13969
8.67274
8.54576
8.25324
8.13179
8.27361
8.25934
8.27044
8.54884
8.14734
8.2759
8.27075
8.13924
8.13911
8.27178
8.53675
8.13725
8.14187
8.25379
8.25126
8.26212
8.53791
8.50729
8.26885
8.27741
8.41959
8.25364
8.54601
8.26513
8.2423
8.67325
8.41974
8.24952
8.55841
8.24753
8.39738
8.41515
8.54293
8.53082
8.52772
8.25498
8.14719
8.5352
8.49704
8.27052
8.25538
8.27202
8.26196
8.42162
8.54985
8.92238
8.68691
8.50337
8.66044
8.42007
8.54064
8.27163
8.14805
8.83357
8.26346
8.55047
8.27907
8.67765
8.53149
8.14322
8.68182
8.25681
8.12845
8.28034
8.27662
8.13739
8.53373
8.41358
8.68875
8.5529
8.54117
8.42657
8.6703
8.25799
8.67941
8.54795
8.13239
8.66275
8.90353
8.83643
8.28098
8.14143
8.46723
8.1537
8.54994
8.69729
8.26196
8.29175
8.56301
8.13837
8.41103
8.5437
8.54128
8.41379
8.50638
8.53165
8.1591
8.28541
8.14855
8.14598
8.53963
8.41343
8.14681
8.65428
8.25332
8.1449
8.67259
8.70931
8.4139
8.26441
8.67674
8.66869
8.80143
8.67977
8.82522
8.26006
8.26632
8.6473
8.15032
8.37585
8.2572
