101.13
101.821
102.228
101.418
102.63
99.9033
101.364
102.041
101.866
102.434
101.224
101.789
101.55
100.667
102.402
102.237
101.544
101.801
100.104
102.402
101.943
101.582
101.219
102.077
103.167
100.961
100.817
102.218
99.5662
102.346
102.097
100.663
102.578
101.852
99.4125
101.899
102.427
101.803
103.023
99.9654
101.441
100.743
101.387
101.679
101.948
101.46
102.462
101.962
101.762
101.496
102.118
101.993
103.247
102.956
100.28
101.785
101.85
101.777
102.525
101.496
100.609
102.715
102.793
102.314
102.47
101.313
101.913
101.974
102.328
102.02
103.012
102.558
101.958
101.218
101.017
101.272
102.48
101.503
101.832
102.081
102.741
102.17
102.917
102.182
104.891
102.882
101.823
101.744
101.833
102.51
102.373
102.397
102.452
103.43
101.551
102.64
102.623
101.608
101.51
101.371
101.408
102.413
101.637
101.708
102.329
102.017
101.873
102.195
101.923
101.191
101.292
102
101.616
101.865
101.39
102.134
103.313
101.951
101.67
102.556
101.901
102.274
101.744
103.01
102.172
102.382
101.31
101.373
101.385
103.545
101.24
102.896
102.019
101.785
101.156
102.612
102.341
101.791
102.142
102.197
102.315
102.169
102.143
102.021
101.77
102.648
101.713
102.309
102.261
101.992
102.181
101.219
102.693
102.099
102.494
101.82
102.056
102.456
101.624
102.263
102.563
101.511
102.305
102.581
103.118
102.306
101.795
102.46
102.345
101.995
102.086
102.323
102.199
102.093
102.319
102.055
102.158
101.905
102.755
102.1
102.368
102.047
101.945
102.258
101.977
101.348
101.78
101.741
102.004
101.493
101.119
101.687
101.831
100.833
102.119
101.761
101.895
101.944
102.283
101.994
101.608
101.922
102.366
102.2
101.896
102.124
101.279
101.759
102.26
102.088
101.993
102.222
102.011
101.439
101.886
101.914
102.097
101.635
102.08
101.445
101.467
102.148
102.016
101.618
102.228
101.825
102.464
102.108
101.916
101.714
102.17
101.8
101.93
101.647
102.071
101.836
102.184
101.843
101.757
101.798
101.838
101.794
102.256
102.428
101.941
102.226
99.8738
102.933
101.781
101.469
102.027
101.66
102.258
102.012
102.14
102.069
101.736
101.234
101.619
100.422
101.792
101.274
101.708
101.776
100.905
101.778
102.382
101.391
101.855
101.647
102.377
101.137
102.193
102.225
101.267
101.568
101.155
101.314
101.025
102.071
101.123
101.642
101.793
101.278
101.522
102.029
101.637
101.674
102.242
101.611
102.914
99.7018
101.455
102.126
101.342
101.625
102.357
101.937
100.32
101.121
