5.22496
5.01104
4.8942
5.12302
4.99913
5.87746
5.23992
5.01004
5.22811
5.12063
5.23941
5.11966
5.22486
5.44466
4.89369
5.11754
5.3428
5.13184
5.10633
5.10582
5.12444
5.1007
5.00408
5.11206
4.89244
5.33211
5.37651
5.12679
5.2491
5.13075
5.00421
5.16238
5.11651
5.00898
5.28572
5.10157
5.10786
5.11754
5.00561
5.87866
5.21639
5.43439
5.10757
5.15818
5.22381
5.18544
5.16131
5.00788
5.11769
5.10969
5.16924
5.09413
4.89405
4.57087
5.23356
5.27347
5.11966
5.1019
5.10821
5.36988
5.1668
5.09493
5.06112
5.15416
5.10851
5.15079
5.14078
5.26112
5.116
5.25435
4.97456
5.11056
5.10806
5.10045
5.3714
5.38036
5.11754
5.22347
5.17066
5.12504
5.10124
5.22347
5.00012
5.24827
4.81405
4.89086
5.10765
5.24379
5.17187
5.15076
5.17888
5.22641
5.1649
4.68135
5.23193
5.10027
5.11622
5.2162
5.23835
5.25842
5.28223
5.13293
5.20985
5.16067
5.20101
5.25112
5.20821
5.25201
5.22421
5.33337
5.27861
5.23438
5.42606
5.33574
5.23666
5.21128
4.89072
5.0977
5.1866
5.11843
5.28579
5.1077
5.12739
4.95021
5.20097
5.14512
5.2307
5.14062
5.24297
4.78
5.26463
4.98946
5.25216
5.15775
5.26937
5.15467
5.1574
5.09811
5.22296
5.25698
5.09892
5.1508
5.24906
5.17555
5.25701
5.11676
5.36029
5.22099
5.13519
5.27761
5.17527
5.23341
5.1785
5.13861
5.16596
5.16253
5.24971
5.09758
5.3709
5.14874
5.10968
5.10367
5.13967
5.07861
4.99917
5.12592
5.26366
5.17425
5.13894
5.24803
5.25607
5.23466
5.16346
5.26135
5.14632
5.14728
5.27761
5.34863
4.98185
5.25941
5.16811
5.26248
5.23767
5.21693
5.27502
5.28295
5.25617
5.15213
5.26179
5.36152
5.35383
5.37379
5.35919
5.49073
5.24011
5.27039
5.26937
5.28221
5.13913
5.25262
5.26677
5.24819
5.17319
5.16113
5.26735
5.14996
5.25062
5.08672
5.18814
5.27101
5.28477
5.25723
5.25449
5.25034
5.2934
5.1076
5.1927
5.3785
5.26294
5.43316
5.49346
5.28294
4.99941
5.36821
5.23851
5.36249
5.1695
5.28256
5.26044
5.06845
5.23248
5.28587
5.25707
5.2524
5.17002
5.26699
5.17466
5.26624
5.15566
5.27747
5.14122
5.36994
5.25261
5.1187
5.05945
5.20675
5.72636
5.00064
5.25461
5.36155
5.10576
5.26009
5.17676
5.12652
5.23586
5.26023
5.26748
5.18379
5.37797
5.4921
5.28
5.41508
5.31147
5.28204
5.36226
5.16053
5.15512
5.18319
5.26937
5.11594
5.18329
5.28874
5.15982
5.10736
5.26091
5.27162
5.27282
5.15447
5.24934
5.24065
5.43885
5.34691
5.29124
5.27633
5.21826
5.2881
5.10644
5.28433
5.15165
5.09528
4.94819
5.88784
5.14533
5.15661
5.35907
5.28373
5.11071
5.17762
5.48508
5.2549
