9.22754
9.34547
9.22126
9.26249
9.14314
9.19779
9.15866
9.22519
9.33746
9.38382
9.3762
9.19403
9.15866
9.43097
9.21344
9.228
9.22754
9.47399
9.20009
9.20478
9.22754
9.17727
9.1734
9.35673
9.17828
9.43992
9.4082
9.14191
9.15008
9.19703
9.14972
9.29164
9.14614
9.23615
9.22126
9.3584
9.30356
9.1812
9.14736
9.11776
9.18895
9.1734
9.1812
9.34034
9.1812
9.17727
9.73454
9.27606
9.35446
9.31096
9.1812
9.14343
9.40296
9.14736
9.17727
9.24367
9.14972
9.16786
9.5133
9.17866
9.17491
9.08046
9.73521
9.07688
9.06278
9.36661
9.0792
9.28346
9.09971
9.11946
9.06587
9.27165
9.08785
9.63718
9.03591
9.06115
9.05694
9.18194
9.04003
9.00874
9.24523
9.00161
9.27088
8.98606
9.01313
9.27948
9.07623
9.32988
9.00953
9.29528
9.12375
9.73516
9.16483
9.09971
9.22025
9.21296
9.28504
9.1186
9.67237
9.06408
9.09211
9.49147
9.31096
9.34452
9.35008
9.36189
9.13083
9.09935
9.09227
9.1933
9.11277
9.31383
9.09935
9.11903
9.32741
9.26059
9.72047
9.27068
9.14264
9.09227
9.2724
9.09935
9.1694
9.09935
9.10051
9.11449
9.15846
9.033
9.60561
9.08446
9.13394
9.10246
9.11887
9.09935
9.11903
9.13776
9.1161
9.06837
8.97582
9.11985
9.06823
9.18822
9.09561
9.07266
9.13083
9.14264
9.16652
9.19105
9.21666
9.14264
9.07266
9.15064
9.17453
9.12073
9.08739
9.13483
9.11619
9.11566
9.16159
9.14264
9.16231
9.13562
9.09935
9.13424
9.1734
9.12318
9.06995
9.06823
9.0956
9.09935
9.14207
9.05704
9.04554
9.22946
9.10662
9.11619
9.16263
9.04396
9.13499
9.08388
9.10979
9.18278
9.09277
9.13883
9.32691
9.07281
8.98117
9.18119
9.05332
9.09561
9.05661
9.12703
9.07623
9.02587
9.10027
9.06529
9.08698
9.33339
9.13394
9.0909
9.09268
9.05661
9.0856
9.10979
9.13082
9.08497
9.15832
9.09276
9.12703
9.00028
9.09935
9.07212
9.12318
9.1447
9.10051
9.08804
9.1535
9.06443
9.1535
9.06823
9.06587
9.07966
9.11536
9.25773
9.18291
9.13082
9.07467
9.13883
9.1535
9.0909
9.07379
9.24814
9.07623
9.10411
9.09341
9.06332
9.11379
9.0723
9.20742
9.09276
9.033
9.11601
9.13883
9.16637
9.10499
9.04239
9.1623
9.08504
9.08846
9.14763
9.13883
9.07134
9.09341
9.19217
9.12416
9.14021
9.08082
9.12735
9.1303
9.13335
9.15099
9.12661
9.14133
9.13883
9.14069
9.14763
9.1535
9.1623
9.21377
9.11536
9.1623
9.10253
9.20638
9.18749
9.25637
9.11438
9.09735
9.17453
9.15994
9.12708
9.04234
9.22001
9.18253
9.1623
9.1623
9.18984
9.1535
9.20638
9.1623
9.1623
9.1186
9.14192
9.03648
9.24054
9.20142
9.1623
9.07693
9.21038
9.20387
9.19105
