8.35219
8.36843
8.32817
8.36344
8.26167
8.35432
8.31513
8.37479
8.2798
8.2601
8.39829
8.29208
8.2392
8.33847
8.31513
8.42126
8.35557
8.32607
8.33847
8.34184
8.3953
8.34321
8.34595
8.34184
8.27771
8.36338
8.41444
8.4301
8.35687
8.32817
8.40838
8.25572
8.25085
8.40126
8.35522
8.26802
8.37478
8.25422
8.21839
8.36145
8.29921
8.30365
8.3127
8.34441
8.37142
8.37092
8.2618
8.39603
8.37518
8.31987
8.25772
8.25772
8.29799
8.39603
8.36785
8.38549
8.27594
8.40026
8.33028
8.38137
8.43309
8.26107
8.27421
8.36752
8.33663
8.32427
8.17934
8.35725
8.37341
8.31987
8.26409
8.23641
8.30538
8.41503
8.3487
8.23175
8.33651
8.31987
8.2577
8.20411
8.21711
8.29242
8.25772
8.27146
7.52125
8.25909
8.38761
8.34053
8.2324
8.26493
8.24747
8.24326
8.29208
8.25733
8.24431
8.32548
8.26938
8.29346
8.25909
8.31987
8.24203
8.32822
8.25832
8.25422
8.25422
8.34515
8.31939
8.26107
8.25167
8.26107
8.32966
8.37852
8.25432
8.29633
8.33866
8.35282
8.24747
8.31029
8.30307
8.35239
8.35157
8.48182
8.34554
8.32072
8.31939
8.31399
8.38951
8.36113
8.29391
8.36003
8.3974
8.30002
8.37816
8.24747
8.44351
8.19015
8.34607
8.36824
8.31987
8.29208
8.45048
8.4915
8.24747
8.26936
8.30249
8.26696
8.28734
8.25019
8.47754
8.27623
8.38455
8.48038
8.2282
8.51125
8.18875
8.28912
8.30285
8.44118
8.29116
8.40926
8.29432
8.58775
8.4576
8.29112
8.19931
8.44768
8.4273
8.24881
8.37064
8.34742
8.31089
8.20621
8.45621
8.27623
8.4125
8.51481
8.24363
8.2282
8.46969
8.2319
8.31301
8.29854
8.4242
8.31687
8.29853
8.27255
8.32765
8.28295
8.36559
8.23385
8.29854
8.26696
8.21978
8.40926
8.30249
8.45621
8.36559
8.34985
8.49992
8.31913
8.42752
8.30002
8.31642
8.33757
8.36954
8.44879
8.27794
8.36052
8.30249
8.26954
8.30507
8.22681
8.31913
8.2773
8.31913
8.29854
8.32037
8.20519
8.23522
8.29991
8.23797
8.21213
8.38989
8.33786
8.245
8.19522
8.22301
8.21583
8.29991
8.43527
8.24483
8.33092
8.29853
8.29854
8.45811
8.24088
8.28408
8.32038
8.28616
8.24483
8.25581
8.11758
8.17934
8.24209
8.37639
8.25186
8.26142
8.26827
8.42036
8.25019
8.42036
8.40359
8.30798
8.42342
8.2856
8.26696
8.39716
8.37934
8.27092
8.27092
8.31642
8.34368
8.27255
8.23813
8.31067
8.23353
8.30387
8.33683
8.36559
8.32215
8.24895
8.27092
8.39597
8.36954
8.24315
8.49219
8.27092
8.45453
8.32629
8.297
8.32981
8.28464
8.2765
8.24895
8.29991
8.21737
8.37383
8.29306
8.30249
8.44124
8.36308
8.17934
8.32476
8.27778
8.4214
8.3569
8.3714
8.34905
8.39669
8.35591
