4284
4147
4135
4200
4041
4100
4167
4108
4145
4095
4150
4098
4210
4167
4052
4063
4131
3908
3770
4012
3935
3875
3777
3952
3859
3849
4086
3958
3755
3909
3994
3884
3866
3782
3747
3794
3798
3819
3870
3619
3878
3638
3443
3841
3845
3863
3759
3762
3549
3702
3507
3660
3590
3409
3320
3453
4029
3530
3359
3991
3282
3288
3562
3461
3369
3327
3888
3481
3330
5966
3330
3413
3252
3295
5205
3116
3831
5912
3151
3431
3822
3365
3494
3414
3071
3416
3413
6036
3429
3945
3510
3517
3569
3416
3581
3632
3600
3668
4034
3710
3763
3782
3678
3831
4011
3772
3783
3933
3978
3977
4077
3882
3973
3999
4059
4051
4089
4191
4118
4233
4144
4046
4293
4149
4112
4304
4150
4039
4160
4191
4154
4180
4131
4207
4302
4307
4385
4066
4332
4389
4402
4268
4285
4325
4227
4258
4375
4418
4447
4374
4368
4513
4341
4455
4351
4389
4431
4343
4402
4485
4395
4473
4273
4446
4472
4404
4417
4436
4461
4549
4640
4496
4379
4370
4612
4424
4618
4531
4514
4538
4552
4461
4485
4668
4506
4450
4515
4631
4531
4465
4539
4502
4536
4574
4602
4595
4589
4593
4608
4528
4497
4502
4662
4615
4593
4629
4695
4561
4608
4556
4522
4512
4725
4571
4663
4699
4606
4628
4695
4586
4586
4641
4577
4767
4578
4780
4682
4669
4610
4749
4725
4753
4699
4725
4671
4814
4912
4670
4747
4741
4697
4765
4830
4693
4737
4837
4716
4734
4715
4637
4679
4695
4775
4736
4680
4733
4608
4642
4781
4638
4718
4602
4581
4694
4672
4583
4576
4548
4560
4445
4529
4589
4573
4575
4621
4515
4494
4572
4503
4511
4518
4511
4522
4475
4476
4520
4314
4392
4447
4376
4426
4438
4551
4440
4267
4329
4442
4398
4168
4332
