8.51132
8.5139
8.50397
8.50126
8.70175
8.79459
8.5823
8.5828
8.70761
8.7632
8.57268
8.58093
8.59247
8.58571
8.55063
8.7704
8.7562
8.61091
8.07816
8.7747
8.67603
8.5205
8.31484
8.68187
8.76534
8.57152
8.59181
8.77757
8.06586
8.77631
8.6085
8.27109
8.79854
8.53502
8.05586
8.58586
8.79876
8.56718
8.80718
8.81694
8.57572
8.58526
8.45601
8.60801
8.76676
8.57937
8.8129
8.56563
8.60547
8.49376
8.71526
8.60242
8.80091
8.43392
8.26906
8.77259
8.59269
8.60455
8.80926
8.77898
8.32584
8.82294
8.81877
8.80735
8.79558
8.48146
8.59205
8.80585
8.77587
8.79745
8.79405
8.78
8.62602
8.43844
8.6221
8.66165
8.80769
8.60988
8.63067
8.63684
8.81715
8.80015
8.78791
8.81948
8.81389
8.66871
8.61928
8.71165
8.62144
8.81831
8.7973
8.8502
8.82684
8.62492
8.602
8.83452
8.82001
8.62335
8.60215
8.6047
8.60843
8.79904
8.61138
8.58174
8.8091
8.80399
8.70632
8.82283
8.70887
8.60227
8.605
8.79615
8.81947
8.82173
8.59641
8.80297
8.79394
8.61568
8.61665
8.83904
8.80602
8.79824
8.59734
8.7952
8.78981
8.7955
8.58655
8.50431
8.58329
8.80799
8.60227
8.79006
8.81951
8.59936
8.59951
8.81971
8.80933
8.59177
8.80297
8.84155
8.78853
8.81295
8.79823
8.69739
8.71676
8.82704
8.79659
8.82123
8.81982
8.79368
8.79493
8.59749
8.88495
8.78755
8.79505
8.63184
8.79646
8.8267
8.78197
8.80431
8.8063
8.60164
8.82917
8.77937
8.82062
8.81161
8.78313
8.81951
8.80299
8.79517
8.81512
8.8202
8.8196
8.8078
8.82066
8.78424
8.82957
8.81806
8.81653
8.78908
8.81384
8.80459
8.80201
8.83094
8.79595
8.6033
8.72958
8.59501
8.81925
8.70996
8.61586
8.79385
8.80299
8.70912
8.80554
8.79145
8.79352
8.81468
8.84045
8.78728
8.72893
8.75291
8.81976
8.76645
8.79354
8.78002
8.55263
8.56744
8.79646
8.81296
8.81329
8.82112
8.79427
8.60014
8.7955
8.60946
8.75934
8.75745
8.78777
8.79398
8.83568
8.81841
8.57111
8.79672
8.8121
8.79415
8.80463
8.80773
8.7635
8.56661
8.78867
8.76665
8.76361
8.6734
8.78744
8.72094
8.752
8.75582
8.60475
8.72163
8.60222
8.75998
8.8062
8.75153
8.60222
8.78269
8.60227
8.79815
8.76713
8.70915
8.69375
8.72841
8.78679
8.71098
8.80041
8.79548
8.75653
8.51249
8.77927
8.53468
8.75234
8.74153
8.74031
8.71687
8.56455
8.594
8.80119
8.54232
8.78132
8.54662
8.80356
8.54527
8.78821
8.73414
8.54527
8.74806
8.53477
8.53763
8.49372
8.78931
8.71422
8.7608
8.74727
8.56645
8.60222
8.79003
8.5556
8.71142
8.75444
8.56424
8.78331
8.68462
8.51921
8.71375
8.73732
8.72209
8.7787
8.70777
8.54303
8.53987
