85.1758
85.3275
85.9122
85.8982
85.9156
85.9156
85.9171
85.9171
85.9171
85.4363
85.4368
85.4368
85.4925
85.6217
85.3333
85.3333
85.3333
85.3334
85.3334
85.3334
85.3334
85.3334
85.3334
85.3354
85.3354
85.3354
85.3354
85.3354
85.3354
85.3354
85.3354
85.3354
85.3354
85.3354
85.3354
85.3354
85.3354
85.3354
85.3354
85.3354
85.3354
85.3354
85.3354
85.3354
85.3354
85.3354
85.3354
85.3354
85.3354
85.3354
85.3354
85.3354
85.3354
85.3354
85.3354
85.3354
85.3354
85.3354
85.3354
85.3354
85.3354
85.3354
85.3354
85.3354
85.3354
85.3354
85.3354
85.3354
85.3354
85.3354
85.3354
85.3354
85.3354
85.3354
85.3354
85.3354
85.3354
85.3354
85.3354
85.3354
85.3354
85.3354
85.3354
85.3354
85.3354
85.3354
85.3354
85.3354
85.3354
85.3354
85.3354
85.3354
85.3354
85.3354
85.3354
85.3354
85.3354
85.3361
85.3361
85.3361
85.0375
85.0394
85.0394
85.0394
85.0394
85.0394
85.0394
85.0394
85.0394
85.0394
85.0394
85.0394
85.0394
85.0394
85.0394
85.0394
85.0394
85.0394
85.0394
85.0394
85.0394
85.0394
85.0394
85.0394
85.0394
85.0394
85.0394
85.0394
85.0394
85.0394
85.0394
85.0394
85.0394
85.0394
85.0394
85.0394
85.0394
85.0394
85.0394
85.0394
85.0394
85.0394
85.0394
85.0394
85.0394
85.0394
85.0394
85.0394
85.0394
85.0394
85.0394
85.0394
85.0394
85.0394
85.0394
85.0394
85.0394
85.0394
85.0394
85.0394
85.0394
85.0394
85.0394
85.0394
85.0394
85.0394
85.0394
85.0394
85.0394
85.0394
85.0394
85.0394
85.0394
85.0394
85.0394
85.0394
85.0394
85.0394
85.0394
85.0394
85.0394
85.0394
85.0394
85.0394
85.0394
85.0394
85.0394
85.0394
85.0394
85.0394
85.0394
85.0394
85.0394
85.0394
85.0394
85.0394
85.0394
85.0394
85.0394
85.0394
85.0394
85.0394
85.0394
85.0394
85.0394
85.0394
85.0394
85.0394
85.0394
85.0394
85.0394
85.0394
85.0408
85.0408
85.0408
85.0408
85.0408
85.0408
85.0408
85.0408
85.0408
85.0408
85.0408
85.0408
85.0408
85.0408
85.0408
85.0408
85.0408
85.0408
85.0408
85.0408
85.0408
85.0408
85.0408
85.0408
85.0408
85.0408
85.0408
85.0408
85.0408
85.0408
85.0408
85.0408
85.0408
85.0408
85.0408
85.0408
85.0408
85.0408
85.0408
85.0408
85.0408
85.0408
85.0408
85.0408
85.0408
85.0408
85.0408
85.0408
85.0408
85.0408
85.0408
85.0408
85.0408
85.0409
85.0409
85.0409
85.0409
85.0409
85.0409
85.0409
85.0409
85.0409
85.0409
85.0409
85.0409
85.0409
85.0409
85.0409
85.0409
85.0409
85.0409
85.0409
85.0409
85.0409
85.0409
85.0409
85.0409
85.0409
85.0409
85.0409
85.0409
85.0409
85.0409
85.0409
