5.00998
5.00998
5.00998
5.01639
5.03251
5.03251
5.03251
5.03251
5.03251
5.21338
5.21338
5.21338
5.21338
5.21338
5.32654
5.32654
5.32654
5.32654
5.32654
5.32654
5.32654
5.32654
5.32654
5.32654
5.32654
5.32654
5.32654
5.32654
5.32654
5.32654
5.32654
5.32654
5.32654
5.32654
5.32654
5.32654
5.32654
5.32654
5.32654
5.32654
5.32654
5.32654
5.32654
5.32654
5.32654
5.32654
5.32654
5.32654
5.32654
5.32654
5.32654
5.32654
5.32654
5.32654
5.32654
5.32654
5.32654
5.32654
5.32654
5.32654
5.32654
5.32654
5.32654
5.32654
5.32654
5.32654
5.32654
5.32654
5.32654
5.32654
5.32654
5.32654
5.32654
5.32654
5.32654
5.32654
5.32654
5.32654
5.32654
5.32654
5.32654
5.32654
5.32654
5.32654
5.32654
5.32654
5.32654
5.32654
5.32654
5.32654
5.32654
5.32654
5.32654
5.32654
5.32654
5.32654
5.32654
5.32654
5.32654
5.32654
5.4438
5.4438
5.4438
5.4438
5.4438
5.4438
5.4438
5.4438
5.4438
5.4438
5.4438
5.4438
5.4438
5.4438
5.4438
5.4438
5.4438
5.4438
5.4438
5.4438
5.4438
5.4438
5.4438
5.4438
5.4438
5.4438
5.4438
5.4438
5.4438
5.4438
5.4438
5.4438
5.4438
5.4438
5.4438
5.4438
5.4438
5.4438
5.4438
5.4438
5.4438
5.4438
5.4438
5.4438
5.4438
5.4438
5.4438
5.4438
5.4438
5.4438
5.4438
5.4438
5.4438
5.4438
5.4438
5.4438
5.4438
5.4438
5.4438
5.4438
5.4438
5.4438
5.4438
5.4438
5.4438
5.4438
5.4438
5.4438
5.4438
5.4438
5.4438
5.4438
5.4438
5.4438
5.4438
5.4438
5.4438
5.4438
5.4438
5.4438
5.4438
5.4438
5.4438
5.4438
5.4438
5.4438
5.4438
5.4438
5.4438
5.4438
5.4438
5.4438
5.4438
5.4438
5.4438
5.4438
5.4438
5.4438
5.4438
5.4438
5.4438
5.4438
5.4438
5.4438
5.4438
5.4438
5.4438
5.4438
5.4438
5.4438
5.4438
5.4438
5.4438
5.4438
5.4438
5.4438
5.4438
5.4438
5.4438
5.4438
5.4438
5.4438
5.4438
5.4438
5.4438
5.4438
5.4438
5.4438
5.4438
5.4438
5.4438
5.4438
5.4438
5.4438
5.4438
5.4438
5.4438
5.4438
5.4438
5.4438
5.4438
5.4438
5.4438
5.4438
5.4438
5.4438
5.4438
5.4438
5.4438
5.4438
5.4438
5.4438
5.4438
5.4438
5.4438
5.4438
5.4438
5.4438
5.4438
5.4438
5.4438
5.4438
5.4438
5.4438
5.4438
5.4438
5.4438
5.4438
5.4438
5.4438
5.4438
5.4438
5.4438
5.4438
5.4438
5.4438
5.4438
5.4438
5.4438
5.4438
5.4438
5.4438
5.4438
5.4438
5.4438
5.4438
5.4438
5.4438
5.4438
5.4438
5.4438
5.4438
5.4438
5.4438
5.4438
5.4438
