5.9875
6.06094
6.15312
6.15312
6.15312
7.02187
7.02969
7.02969
7.02969
7.02969
7.02969
7.02969
7.02969
7.02969
7.02969
7.02969
7.02969
7.02969
7.02969
7.02969
7.02969
7.02969
7.02969
7.02969
7.02969
7.02969
7.02969
7.02969
7.3125
7.3125
7.3125
7.3125
7.3125
7.3125
7.3125
7.3125
7.3125
7.3125
7.3125
7.3125
7.3125
7.3125
7.3125
7.3125
7.3875
7.3875
7.3875
7.3875
7.3875
7.3875
7.3875
7.3875
7.3875
7.3875
7.3875
7.3875
7.3875
7.3875
7.3875
7.3875
7.3875
7.3875
7.3875
7.3875
7.3875
7.3875
7.3875
7.3875
7.3875
7.3875
7.3875
7.3875
7.3875
7.3875
7.3875
7.3875
7.3875
7.3875
7.3875
7.3875
7.3875
7.3875
7.3875
7.3875
7.3875
7.3875
7.3875
7.3875
7.3875
7.3875
7.3875
7.3875
7.3875
7.3875
7.3875
7.3875
7.3875
7.3875
7.3875
7.3875
7.3875
7.3875
7.3875
7.3875
7.3875
7.3875
7.3875
7.3875
7.3875
7.4125
7.4125
7.4125
7.4125
7.4125
7.4125
7.4125
7.4125
7.4125
7.4125
7.4125
7.4125
7.4125
7.4125
7.4125
7.4125
7.4125
7.4125
7.4125
7.4125
7.4125
7.4125
7.4125
7.4125
7.4125
7.4125
7.4125
7.4125
7.4125
7.4125
7.4125
7.4125
7.4125
7.4125
7.4125
7.4125
7.4125
7.4125
7.4125
7.4125
7.4125
7.4125
7.4125
7.4125
7.4125
7.4125
7.4125
7.4125
7.4125
7.4125
7.4125
7.4125
7.4125
7.4125
7.4125
7.4125
7.4125
7.4125
7.4125
7.4125
7.4125
7.4125
7.4125
7.4125
7.4125
7.4125
7.4125
7.4125
7.4125
7.4125
7.4125
7.4125
7.4125
7.4125
7.4125
7.4125
7.4125
7.4125
7.4125
7.4125
7.4125
7.4125
7.4125
7.4125
7.4125
7.4125
7.4125
7.4125
7.4125
7.4125
7.4125
7.4125
7.4125
7.4125
7.4125
7.4125
7.4125
7.4125
7.4125
7.4125
7.4125
7.4125
7.4125
7.4125
7.4125
7.4125
7.4125
7.4125
7.4125
7.4125
7.4125
7.4125
7.4125
7.4125
7.4125
7.4125
7.4125
7.4125
7.4125
7.4125
7.4125
7.4125
7.4125
7.4125
7.4125
7.4125
7.4125
7.4125
7.4125
7.4125
7.4125
7.4125
7.4125
7.4125
7.4125
7.4125
7.4125
7.4125
7.4125
7.4125
7.4125
7.4125
7.4125
7.4125
7.4125
7.4125
7.4125
7.4125
7.4125
7.4125
7.4125
7.4125
7.4125
7.4125
7.4125
7.4125
7.4125
7.4125
7.4125
7.4125
7.4125
7.4125
7.4125
7.4125
7.4125
7.4125
7.4125
7.4125
7.4125
7.4125
7.4125
7.4125
7.4125
7.4125
7.4125
7.4125
7.4125
7.4125
7.4125
7.4125
7.4125
7.4125
7.4125
7.4125
7.4125
7.4125
7.4125
