10.1032
10.4327
10.5455
10.5541
10.7121
10.7121
10.7159
10.7159
10.7159
10.7159
10.7173
10.7173
10.8501
11.1716
11.1716
11.1716
11.1716
11.1716
11.1716
11.1716
11.1716
11.1716
11.1716
11.1716
11.1716
11.1716
11.1716
11.1716
11.1716
11.1716
11.1716
11.1716
11.1716
11.1716
11.1716
11.1716
11.1716
11.1716
11.1716
11.1716
11.1716
11.1716
11.1716
11.1716
11.1716
11.1716
11.1716
11.1716
11.1716
11.1716
11.1716
11.1716
11.1716
11.1716
11.1716
11.1716
11.1716
11.1716
11.1716
11.1716
11.1716
11.1716
11.1716
11.1716
11.1716
11.1716
11.1716
11.1716
11.1716
11.1716
11.1716
11.1716
11.1716
11.1716
11.1716
11.1716
11.1716
11.1716
11.1716
11.1716
11.1716
11.1716
11.1716
11.1716
11.1716
11.1716
11.1716
11.1716
11.1716
11.1716
11.1716
11.1716
11.1716
11.1716
11.1716
11.1716
11.1716
11.1732
11.1732
11.1732
11.1732
11.1732
11.1732
11.1732
11.1732
11.1732
11.1732
11.1732
11.1732
11.1732
11.1732
11.1732
11.1732
11.1732
11.1732
11.1732
11.1732
11.1732
11.1732
11.1732
11.1732
11.1732
11.1732
11.1732
11.1732
11.1732
11.1732
11.1732
11.1732
11.1732
11.1732
11.1732
11.1732
11.1732
11.1732
11.1732
11.1732
11.1732
11.1732
11.1732
11.1732
11.1732
11.1732
11.1732
11.1732
11.1732
11.1732
11.1732
11.1732
11.1732
11.1732
11.1732
11.1732
11.1732
11.1732
11.1732
11.1732
11.1732
11.1732
11.1732
11.1732
11.1732
11.1732
11.1732
11.1732
11.1732
11.1732
11.1732
11.1732
11.1732
11.1732
11.1732
11.1732
11.1732
11.1732
11.1732
11.1732
11.1732
11.1732
11.1732
11.1732
11.1732
11.1732
11.1732
11.1732
11.1732
11.1732
11.1732
11.1732
11.1732
11.1732
11.1732
11.1732
11.1732
11.1732
11.1732
11.1732
11.1732
11.1732
11.1732
11.1732
11.1732
11.1732
11.1732
11.1732
11.1732
11.1732
11.1732
11.1732
11.1732
11.1732
11.1732
11.1732
11.1732
11.1732
11.1732
11.1732
11.1732
11.1732
11.1732
11.1732
11.1732
11.1732
11.1732
11.1732
11.1732
11.1732
11.1732
11.1732
11.1732
11.1732
11.1732
11.1732
11.1732
11.1732
11.1732
11.1732
11.1732
11.1732
11.1732
11.1732
11.1732
11.1732
11.1732
11.1732
11.1732
11.1732
11.1732
11.1732
11.1732
11.1732
11.1732
11.1732
11.1732
11.1732
11.1732
11.1732
11.1732
11.1732
11.1732
11.1732
11.1732
11.1732
11.1732
11.1732
11.1735
11.1735
11.1735
11.1735
11.1735
11.1735
11.1735
11.1735
11.1735
11.1735
11.1735
11.1735
11.1735
11.1735
11.1735
11.1735
11.1735
11.1735
11.1735
11.1735
11.1735
11.1735
11.1735
11.1735
11.1735
11.1735
11.1735
11.1735
11.1735
11.1735
11.1735
