3168
3144
3226
3185
3136
3140
3205
3134
3237
3153
3212
3180
3139
3189
3244
3292
3300
3261
3209
3263
3333
3257
3262
3285
3335
3330
3248
3408
3377
3362
3325
3313
3303
3267
3298
3363
3119
3211
3104
2962
3021
3078
2996
2929
2736
2816
2698
2598
2715
2922
2908
2965
3096
2989
3004
3021
2977
3013
3014
3079
3133
3093
3161
3174
3234
3262
3281
3231
3236
3229
3278
3220
3134
3095
3071
3151
3087
3040
3037
3026
2940
3083
3058
2893
3021
3088
3103
3067
2991
3135
3015
3195
3103
3048
3066
3152
3061
3126
3168
3124
3182
3244
3152
3199
3131
3166
3119
3022
3124
3046
3097
3096
3034
3050
3090
3039
3070
3081
3108
3126
3095
3091
3117
3044
3015
3097
3032
3121
3077
3103
3010
3104
3039
3134
3102
3025
3168
2975
2968
3017
3043
2964
3051
3017
3046
3018
3035
3032
3008
2911
3078
3045
3010
3028
2966
2994
3105
3011
2930
2982
3021
3006
2950
3000
2963
2976
2964
3012
3078
3046
3012
3046
2946
3053
2972
2978
2984
2951
2911
2949
2853
2917
2855
2923
2801
2889
2805
2930
2844
2864
2865
2853
2885
2996
2791
2876
2962
2986
3021
3042
2966
3031
2977
3096
3069
3044
3073
3040
3107
3048
3057
3028
3095
3062
3046
3044
3101
3112
3094
3165
3169
3031
3088
3000
3233
3086
3198
3141
3231
3118
3101
3119
3092
3163
3109
3186
3066
3198
3212
3224
3165
3218
3102
3214
3280
3240
3209
3100
3096
3147
3162
3244
3229
3286
3218
3168
3223
3129
3092
3298
3053
3100
3081
3251
3266
3154
3038
3105
3160
3065
3128
3130
3142
3268
3127
3083
3139
3155
3145
3072
3173
3180
3026
3126
3177
3111
2993
3066
2986
2954
3127
2954
3039
3185
3160
3039
