3.30463
3.30463
3.50267
3.50267
3.50267
3.50267
3.50267
3.50267
3.50267
3.50267
3.50267
3.50267
3.50267
3.50267
3.50267
3.50267
3.50267
3.50272
3.50272
3.50272
3.50272
3.50272
3.50272
3.50348
3.50348
3.50348
3.50348
3.50348
3.50348
3.50348
3.50348
3.50348
3.50348
3.50348
3.50348
3.50348
3.50348
3.50348
3.50348
3.50348
3.50348
3.50348
3.50348
3.50348
3.50348
3.50348
3.50348
3.50348
3.50348
3.50348
3.50348
3.50348
3.50348
3.50348
3.50348
3.50348
3.50348
3.50348
3.50348
3.50348
3.50348
3.50348
3.50348
3.50348
3.50348
3.50348
3.50348
3.50348
3.50348
3.50348
3.50348
3.50348
3.50348
3.50348
3.50348
3.50348
3.50348
3.50348
3.50348
3.50348
3.50348
3.50348
3.50348
3.50348
3.50348
3.50348
3.50348
3.50348
3.50348
3.50348
3.50348
3.50348
3.50348
3.50348
3.50348
3.50348
3.50348
3.50348
3.50348
3.50348
3.50348
3.50423
3.50423
3.50423
3.50423
3.50423
3.50423
3.50423
3.50423
3.50423
3.50423
3.50423
3.50423
3.50423
3.50423
3.50423
3.50423
3.50423
3.50423
3.50423
3.50423
3.50423
3.50423
3.50423
3.50423
3.50423
3.50423
3.50423
3.50423
3.50423
3.50423
3.50423
3.50423
3.50423
3.50423
3.50423
3.50423
3.50423
3.50423
3.50423
3.50423
3.50423
3.50423
3.50423
3.50423
3.50423
3.50423
3.50423
3.50423
3.50423
3.50423
3.50423
3.50423
3.50423
3.50423
3.50423
3.50423
3.50423
3.50423
3.50423
3.50423
3.50423
3.50423
3.50423
3.50423
3.50423
3.50423
3.50423
3.50423
3.50423
3.50423
3.50423
3.50423
3.50423
3.50423
3.50423
3.50423
3.50423
3.50423
3.50423
3.50423
3.50423
3.50423
3.50423
3.50423
3.50423
3.50423
3.50423
3.50423
3.50423
3.50423
3.50423
3.50423
3.50423
3.50423
3.50423
3.50423
3.50423
3.50423
3.50423
3.50423
3.50423
3.50423
3.50423
3.50423
3.50423
3.50423
3.50423
3.50423
3.50423
3.50423
3.50423
3.50479
3.50479
3.50479
3.50479
3.50479
3.50479
3.50479
3.50479
3.50479
3.50479
3.50479
3.50479
3.50479
3.50479
3.50479
3.50479
3.50479
3.50479
3.50479
3.50479
3.50479
3.50479
3.50479
3.50479
3.50479
3.50479
3.50479
3.50479
3.50479
3.50479
3.50479
3.50479
3.50479
3.50479
3.50479
3.50479
3.50479
3.50479
3.50479
3.50479
3.50479
3.50479
3.50479
3.50479
3.50479
3.50479
3.50479
3.50479
3.50479
3.50479
3.50479
3.50479
3.50479
3.50479
3.50479
3.50479
3.50479
3.50479
3.50479
3.50479
3.50479
3.50479
3.50479
3.50479
3.50479
3.50479
3.50479
3.50479
3.50479
3.50479
3.50479
3.50479
3.50479
3.50479
3.50479
3.50479
3.50479
3.50479
3.50479
3.50479
3.50479
3.50479
3.50479
3.50479
