90
90
90
90
90
46.8606
46.8606
46.8606
46.8606
48.3546
48.3546
48.3546
48.3546
76.6707
76.6707
76.6738
76.6738
76.8343
76.8343
76.8343
76.8356
76.8356
76.8753
76.8753
76.8753
76.8753
76.8753
76.8753
76.8753
76.8753
76.8753
76.8753
76.8753
76.8753
76.8753
76.8753
76.8753
76.8753
76.8753
76.8753
76.6391
76.6391
76.6391
76.6391
76.6391
76.6391
76.6391
76.6391
76.6391
76.6391
76.6391
76.6391
76.6391
76.6391
76.6391
76.6391
76.6391
76.6974
76.6974
76.6974
76.6974
76.6974
76.6974
76.6974
76.6974
76.9798
76.9798
76.9798
76.9798
76.9798
76.9798
76.9798
76.9798
76.9798
76.9798
76.9798
76.9798
76.9798
76.9798
76.9798
76.9798
76.9798
76.9798
76.9798
76.9798
76.9798
76.9798
76.9798
76.9798
76.9798
76.9798
76.9798
76.9817
76.9817
76.9817
76.9817
76.9817
76.9817
76.9817
76.9817
76.9817
76.9817
76.9817
76.9817
76.9817
76.9848
76.9848
76.9848
76.9848
76.9848
76.9848
76.9848
76.9848
76.9848
76.9848
76.9848
76.9859
76.9859
76.9859
76.9859
76.9859
76.9859
76.9859
76.9859
76.9859
76.9859
76.9859
76.9859
76.9859
76.9859
76.9859
76.9859
76.9859
76.9859
76.9859
76.9859
76.9859
76.9859
76.9859
76.9859
76.9859
76.9859
76.9859
76.9859
76.9859
76.9859
76.9859
76.9859
76.9859
76.9859
76.9859
76.9859
76.9859
76.9859
76.9859
76.9859
76.9859
76.9859
76.9859
76.9859
76.9859
76.9859
76.9859
76.9859
76.9859
76.9859
76.9859
76.9859
76.9859
76.9859
76.9859
76.9859
76.9859
76.9859
76.9859
76.9859
76.9859
76.9859
76.9859
76.9859
76.9859
76.9859
76.9859
76.9859
76.9859
76.9859
76.9859
76.9859
76.9859
76.9859
76.9859
76.9859
76.9859
76.9859
76.9859
76.9859
76.9859
76.9859
76.9859
76.9859
76.9859
76.9859
76.9859
76.9859
76.9859
76.9859
76.9859
76.9859
76.9859
76.9859
76.9859
76.9859
76.9859
76.9859
76.9859
76.9859
76.9859
76.9859
76.9859
76.9859
76.9859
76.9859
76.9859
76.9859
76.9859
76.9859
76.9859
76.9859
76.9859
76.9859
76.9859
76.9859
76.9859
76.9859
76.9859
76.9859
76.9859
76.9859
76.9859
76.9859
76.9859
76.9859
76.9859
76.9859
76.9859
76.9859
76.9859
76.9859
76.9859
76.9859
76.9859
76.9859
76.9859
76.9859
76.9859
76.9859
76.9859
76.9859
76.9859
76.9859
76.9859
76.9859
76.9859
76.9859
76.9859
76.9859
76.9859
76.9859
76.9859
76.9859
76.9859
76.9859
76.9859
76.9859
76.9859
76.9859
76.9859
76.9859
