4.20425
4.20425
4.20425
4.29123
4.29123
33.5002
33.5002
33.5002
33.5002
33.5002
33.5002
33.5002
33.5002
33.7503
33.7503
33.7503
33.7503
33.7503
33.7503
33.7503
33.7503
33.7503
33.7503
33.7503
33.7503
33.7503
33.7503
33.7503
33.7503
33.7503
33.7503
33.7503
33.7503
33.7503
33.7503
33.7503
33.7503
33.7503
33.7503
33.7503
34.2878
34.2878
34.2878
34.2878
34.2878
34.2878
34.2878
34.2878
34.2878
34.2878
34.2878
34.2878
34.2878
34.2878
34.2878
34.2878
34.2878
34.2878
34.2878
34.2878
34.2878
34.2878
34.2878
34.2878
34.2878
34.2878
34.2878
34.2878
34.2878
34.2878
34.2878
34.2878
34.2878
34.2878
34.2878
34.2878
34.2878
34.2878
34.2878
34.2878
34.2878
34.2878
34.2878
34.2878
34.2878
34.2878
34.2878
34.2878
34.2878
34.2878
34.2878
34.2878
34.2878
34.2878
34.2878
34.2878
34.2878
34.2878
34.2878
34.2878
34.2878
34.2878
34.2878
34.2878
34.2878
34.2878
34.2878
34.2878
34.2878
34.2878
34.2878
34.2878
34.2878
34.2878
34.2878
34.2878
34.2878
34.2878
34.2878
34.2878
34.2878
34.2878
34.2878
34.2878
34.2878
34.2878
34.2878
34.2878
34.2878
34.2878
34.2878
34.2878
34.2878
34.2878
34.2878
34.2878
34.2878
34.2878
34.2878
34.2878
34.2878
34.2878
34.2878
34.2878
34.2878
34.2878
34.2878
34.2878
34.2878
34.2878
34.2878
34.2878
34.2878
34.2878
34.2878
34.2878
34.2878
34.2878
34.2878
34.2878
34.2878
34.2878
34.2878
34.2878
34.2878
34.2878
34.2878
34.2878
34.2878
34.2878
34.2878
34.2878
34.2878
34.2878
34.2878
34.2878
34.2878
34.2878
34.2878
34.2878
34.2878
34.2878
34.2878
34.2878
34.2878
34.2878
34.2878
34.2878
34.2878
34.2878
34.2878
34.2878
34.2878
34.2878
34.2878
34.2878
34.2878
34.2878
34.2878
34.2878
34.2878
34.2878
34.2878
34.2878
34.2878
34.2878
34.2878
34.2878
34.2878
34.2878
34.2878
34.2878
34.2878
34.2878
34.2878
34.2878
34.2878
34.2878
34.2878
34.2878
34.2878
34.2878
34.2878
34.2878
34.2878
34.2878
34.2878
34.2878
34.2878
34.2878
34.2878
34.2878
34.2878
34.2878
34.2878
34.2878
34.2878
34.2878
34.2878
34.2878
34.2878
34.2878
34.2878
34.2878
34.2878
34.2878
34.2878
34.2878
34.2878
34.2878
34.2878
34.2878
34.2878
34.2878
34.2878
34.2878
34.2878
34.2878
34.2878
34.2878
34.2878
34.2878
34.2878
34.2878
34.2878
34.2878
34.2878
34.2878
34.2878
34.2878
34.2878
34.2878
34.2878
34.2878
34.2878
34.2878
34.2878
34.2878
