5.5875
5.5875
5.63751
5.63751
5.66251
38.975
38.975
38.975
38.975
40.0266
40.0266
40.0266
40.0266
55.8625
55.8625
55.8625
55.8625
55.8625
55.9625
55.9625
55.9625
55.9625
55.9625
55.9625
55.9625
55.9625
55.9625
55.9625
55.9625
55.9625
55.9625
55.9625
55.9625
55.9625
55.9625
55.9625
55.9625
55.9625
55.9625
55.9625
55.9625
55.9625
55.9625
55.9625
55.9625
55.9625
55.9625
55.9625
55.9625
55.9625
55.9625
55.9625
55.9625
55.9625
55.9625
55.9625
55.9625
56.55
56.55
56.55
56.55
56.55
56.55
56.55
56.55
56.55
56.55
56.55
56.55
56.55
56.55
56.55
56.55
56.55
56.55
56.55
56.55
56.55
56.55
56.55
56.55
56.55
56.55
56.55
56.55
56.55
56.55
56.55
56.55
56.55
56.55
56.55
56.55
56.55
56.55
56.55
56.55
56.55
56.55
56.55
56.55
56.55
56.55
56.55
56.55
56.55
56.55
56.55
56.55
56.55
56.55
56.55
56.55
56.55
56.55
56.55
56.55
56.55
56.55
56.55
56.55
56.55
56.55
56.55
56.55
56.55
56.55
56.55
56.55
56.55
56.55
56.55
56.55
56.55
56.55
56.55
56.55
56.55
56.55
56.55
56.55
56.55
56.55
56.55
56.55
56.55
56.55
56.55
56.55
56.55
56.55
56.55
56.55
56.55
56.55
56.55
56.55
56.55
56.55
56.55
56.55
56.55
56.55
56.55
56.55
56.55
56.6891
56.6891
56.6891
56.6891
56.6891
56.6891
56.6891
56.6891
56.6891
56.6891
56.6891
56.6891
56.6891
56.6891
56.6891
56.6891
56.6891
56.6891
56.6891
56.6891
56.6891
56.6891
56.6891
56.6891
56.6891
56.6891
56.6891
56.6891
56.6891
56.6891
56.6891
56.6891
56.6891
56.6891
56.6891
56.6891
56.6891
56.6891
56.6891
56.6891
56.6891
56.6891
56.6891
56.6891
56.6891
56.6891
56.6891
56.6891
56.6891
56.6891
56.6891
56.6891
56.6891
56.6891
56.6891
56.6891
56.6891
56.6891
56.6891
56.6891
56.6891
56.6891
56.6891
56.6891
56.6891
56.6891
56.6891
56.6891
56.6891
56.6891
56.6891
56.6891
56.6891
56.6891
56.6891
56.6891
56.6891
56.6891
56.6891
56.6891
56.6891
56.6891
56.6891
56.6891
56.6891
56.6891
56.6891
56.6891
56.6891
56.6891
56.6891
56.6891
56.6891
56.6891
56.6891
56.6891
56.6891
56.6891
56.6891
56.6891
56.6891
56.6891
56.6891
56.6891
56.6891
56.6891
56.6891
56.6891
56.6891
56.6891
56.6891
56.6891
