2.84681
2.90441
2.90441
2.92082
2.9706
15.4848
15.4848
15.4848
15.4848
16.3174
16.3174
16.3174
16.3174
61.7711
61.7711
61.786
61.786
61.786
61.786
61.786
61.786
61.786
61.786
61.786
61.786
61.786
61.786
61.786
61.786
61.786
61.786
61.786
61.786
61.786
61.786
61.786
61.786
61.786
61.786
61.786
61.786
61.786
61.786
61.786
61.786
61.786
61.786
61.786
61.786
61.786
61.786
61.786
61.786
61.786
61.786
61.786
61.786
61.8607
61.8607
61.8607
61.8607
61.8607
61.8607
61.8607
61.8607
61.8607
61.8607
61.8607
61.8607
61.8607
61.8607
61.8607
61.8607
61.8607
61.8607
61.8607
61.8607
61.8607
61.8607
61.8607
61.8607
61.8607
61.8607
61.8607
61.8607
61.8607
61.8607
61.8607
61.8607
61.8607
61.8607
61.8607
61.8607
61.8607
61.8607
61.8607
61.8607
61.8607
61.8607
61.8607
61.8607
61.8607
61.8607
61.8607
61.8607
61.8607
61.8607
61.8607
61.8607
61.8607
61.8607
61.8607
61.8607
61.8607
61.8607
61.8607
61.8657
61.8657
61.8657
61.8657
61.8657
61.8657
61.8657
61.8657
61.8657
61.8657
61.8657
61.8657
61.8657
61.8657
61.8657
61.8657
61.8657
61.8657
61.8657
61.8657
61.8657
61.8657
61.8657
61.8657
61.8657
61.8657
61.8657
61.8657
61.8657
61.8657
61.8657
61.8657
61.8657
61.8657
61.8657
61.8657
61.8657
61.8657
61.8657
61.8657
61.8657
61.8657
61.8657
61.8657
61.8657
61.8657
61.8657
61.8657
61.8657
61.8657
61.8657
61.8657
61.8657
61.8657
61.8657
61.8657
61.8657
61.8657
61.8657
61.8657
61.8657
61.8657
61.8657
61.8657
61.8657
61.8657
61.8657
61.8657
61.8657
61.8657
61.8657
61.8657
61.8657
61.8657
61.8657
61.8657
61.8657
61.8657
61.8657
61.8657
61.8657
61.8657
61.8657
61.8657
61.8657
61.8657
61.8657
61.8657
61.8657
61.8657
61.8657
61.8657
61.8657
61.8657
61.8657
61.8657
61.8657
61.8657
61.8657
61.8657
61.8657
61.8657
61.8657
61.8657
61.8657
61.8657
61.8657
61.8657
61.8657
61.8657
61.8657
61.8657
61.8657
61.8657
61.8657
61.8657
61.8657
61.8657
61.8657
61.8657
61.8657
61.8657
61.8657
61.8657
61.8657
61.8657
61.8657
61.8657
61.8657
61.8657
61.8657
61.8657
61.8657
61.8657
61.8657
61.8657
61.8657
61.8657
61.8657
61.8657
61.8657
61.8657
61.8657
61.8657
61.8657
61.8657
61.8657
61.8657
61.8657
61.8657
61.8657
61.8657
61.8657
61.8657
61.8657
61.8657
61.8657
61.8657
61.8657
61.8657
61.8657
61.8657
