827
558
683
742
637
764
381
357
0
300
0
0
370
847
483
788
788
930
813
1076
839
595
1223
937
889
510
585
588
485
906
723
623
936
594
1201
409
392
410
415
321
688
389
511
374
513
491
467
393
573
933
426
412
443
416
763
392
742
1772
995
674
704
688
592
606
604
634
547
546
489
440
472
507
334
483
382
382
420
400
390
340
321
421
455
318
352
338
396
375
313
417
399
476
385
389
668
301
648
506
306
365
406
0
398
0
354
348
0
0
0
340
0
412
0
381
0
0
577
354
0
0
362
0
346
346
0
0
0
0
0
0
0
0
0
0
0
0
0
0
0
0
0
0
0
0
0
0
0
0
0
0
0
0
0
0
0
0
0
0
0
0
480
308
0
0
357
398
585
668
493
561
480
380
728
728
707
998
655
479
676
737
578
614
667
416
632
620
653
632
594
586
617
661
612
661
581
583
555
610
563
622
568
536
550
557
563
531
336
318
574
468
868
561
573
565
635
311
559
554
367
387
593
380
610
639
383
563
580
492
366
660
561
685
570
627
663
559
661
457
427
639
634
396
653
586
639
551
652
596
617
697
619
603
607
646
651
677
597
695
690
703
597
574
637
601
382
650
616
401
693
737
607
549
582
550
461
653
411
321
