3.9251
3.92766
3.93661
4.10963
4.47283
4.47948
4.47948
4.47948
4.47948
4.47948
4.47948
4.47948
4.47948
4.47948
4.47948
4.47948
4.47948
4.84474
4.84474
4.84474
4.84769
4.84769
4.938
4.938
4.938
4.938
4.938
4.938
4.938
4.938
4.938
4.938
4.938
4.938
4.938
4.938
4.938
4.938
4.938
4.938
4.938
4.938
4.938
4.938
4.938
4.938
4.938
4.938
4.938
4.938
4.938
4.938
4.938
4.938
4.938
4.938
4.938
5.03551
5.03551
5.03551
5.03551
5.03551
5.03551
5.03551
5.03551
5.67854
5.67854
5.67854
5.67854
5.67854
5.67854
5.67854
5.67854
5.67854
5.67854
5.67854
5.67854
5.67854
5.67854
5.67854
5.67854
5.67854
5.67854
5.67854
5.67854
5.67854
5.67854
5.67854
5.67854
5.67854
5.67854
5.67854
5.68295
5.68295
5.68295
5.68295
5.68295
5.68295
5.68295
5.68295
5.68295
5.68295
5.68295
5.68295
5.68295
5.69003
5.69003
5.69003
5.69003
5.69003
5.69003
5.69003
5.69003
5.69003
5.69003
5.69003
5.69003
5.69003
5.69003
5.69003
5.69003
5.69003
5.69003
5.69003
5.69003
5.69003
5.69003
5.69003
5.69003
5.69003
5.69003
5.69003
5.69003
5.69003
5.69003
5.69003
5.69003
5.69003
5.69003
5.69003
5.69003
5.69003
5.69003
5.69003
5.69003
5.69003
5.69003
5.69003
5.69003
5.69003
5.69003
5.69003
5.69003
5.69003
5.69003
5.69003
5.69003
5.69003
5.69003
5.69003
5.69003
5.69003
5.69003
5.69003
5.69003
5.69003
5.69003
5.69003
5.69003
5.69003
5.69003
5.69003
5.69003
5.69003
5.69003
5.69003
5.69003
5.69003
5.69003
5.69003
5.69003
5.69003
5.69003
5.69003
5.69003
5.69003
5.69003
5.69003
5.69003
5.69003
5.69003
5.69003
5.69003
5.69003
5.69003
5.69003
5.69003
5.69003
5.69003
5.69003
5.69003
5.69003
5.69003
5.69003
5.69003
5.69003
5.69003
5.69003
5.69003
5.69003
5.69003
5.69003
5.69003
5.69003
5.69003
5.69003
5.69003
5.69003
5.69003
5.69003
5.69003
5.69003
5.69003
5.69003
5.69003
5.69003
5.69003
5.69003
5.69003
5.69003
5.69003
5.69003
5.69003
5.69003
5.69003
5.69003
5.69003
5.69003
5.69003
5.69003
5.69003
5.69003
5.69003
5.69003
5.69003
5.69003
5.69003
5.69003
5.69003
5.69003
5.69003
5.69003
5.69003
5.69003
5.69003
5.69003
5.69003
5.69003
5.69003
5.69003
5.69003
5.69003
5.69003
5.69003
5.69003
5.69003
5.69003
5.69003
5.69003
5.69003
5.69003
5.69003
5.69003
5.69003
5.69003
5.69003
5.69003
5.69003
