95.4882
93.8314
96.2143
94.6732
94.8124
94.0624
92.926
90
90
94.7145
94.213
95.0864
93.0997
93.8559
96.4674
95.7027
94.6773
93.7925
94.9398
93.5733
92.7431
90
92.8451
93.5709
94.5147
95.2307
90
90
90
94.3194
93.8491
94.663
94.6697
93.6135
93.9665
93.7893
90
90
90
93.7705
90
95.4642
94.8017
94.0616
94.1482
94.8623
94.3261
93.6785
90
93.1634
93.8864
90
92.7654
93.449
94.8586
93.1787
90
92.9379
93.5283
90
93.0834
94.0653
90
94.4649
90
90
92.7854
90
93.019
96.1629
93.1984
95.6563
96.027
94.36
94.2265
92.7289
95.0433
90
93.7656
95.9015
90
95.017
94.7272
94.6686
92.8754
94.4935
94.7816
94.2568
94.0592
93.9953
93.9794
92.6744
95.741
94.2187
93.3935
92.9463
90
92.8877
90
92.7308
94.6412
95.8546
94.0024
90
94.4266
93.5737
95.354
93.9565
92.6686
90
90
93.483
94.1618
94.9924
94.0964
93.9689
95.3717
93.4177
94.4156
92.7461
90
94.1779
93.5721
95.2895
94.0222
93.8424
96.0928
93.2457
93.1175
95.2393
95.472
94.6491
93.4135
93.7072
92.7349
95.8987
94.5334
90
94.2307
94.6421
93.8632
95.744
93.8638
95.1162
94.5295
94.2001
95.1857
97.0963
94.7683
93.243
93.0133
93.6421
93.19
93.9236
95.0597
92.7637
93.6835
93.18
93.3858
95.2689
95.2084
95.9785
93.5731
96.8023
94.9745
93.1971
94.3565
93.9842
95.9886
94.2831
93.1111
93.5611
90
94.4819
93.8648
93.9058
95.4387
94.683
94.9773
95.3902
93.1376
93.1986
94.6195
90
93.6091
93.4861
93.8747
90
94.4513
92.8029
93.3109
93.9346
94.4698
92.9325
95.1091
93.1678
93.3164
94.0512
92.9139
92.7721
93.2133
94.3234
90
94.4056
93.224
94.5302
93.7898
90
93.0661
95.2308
90
94.5207
94.2606
93.4727
95.2914
96.1999
94.2192
93.6695
93.4097
93.7956
90
93.8409
93.203
94.1664
94.862
93.669
93.7325
93.4834
94.3153
93.8019
94.9736
92.7704
92.8373
95.4849
94.9821
90
92.8104
93.2719
94.5851
94.4307
93.5833
90
94.6043
93.8989
94.746
93.1567
96.1741
94.3264
94.9604
95.5817
94.9797
90
93.9946
93.632
94.818
93.8698
95.3153
93.8476
94.228
93.9607
94.9047
95.7554
92.6946
93.5327
95.527
94.4909
94.7205
92.9978
93.9978
93.1399
90
90
93.8816
95.0943
93.678
90
94.1334
94.1942
93.2116
93.5978
93.9954
90
92.7762
95.9805
93.8459
93.8169
93.9634
93.2241
94.3277
90
93.9999
95.8989
95.7027
93.8535
92.8055
95.8445
96.3705
93.9481
