5.95695
6.59494
5.46466
6.28273
5.74763
6.19656
6.7484
6.56797
6.97822
6.11246
5.91846
5.75144
6.33061
6.03886
5.58463
5.76826
5.90122
6.07413
5.68135
5.90521
6.48182
6.54723
6.6056
6.33657
6.19763
5.45769
6.76118
6.55534
6.7504
6.31663
6.19894
5.75412
5.7471
6.55215
6.17358
6.47655
6.7642
6.97874
6.88049
6.32499
6.47166
5.77262
5.75639
6.08682
6.47297
5.76154
5.90411
6.42936
6.47518
6.48417
6.19563
6.98347
6.47733
6.24277
5.90365
6.04122
6.70049
6.76065
5.91608
6.7572
6.33734
6.46619
6.88965
5.96628
6.89986
6.88974
6.46131
6.47658
5.96902
6.12506
6.04379
5.7887
5.60246
5.73367
5.9051
6.48301
5.75564
6.60033
6.05238
5.59782
6.70007
5.93682
6.27248
5.7601
6.48338
5.86294
6.10073
5.89286
6.05
6.058
5.92077
6.26281
5.34241
6.23869
6.20443
6.15748
6.75714
6.47779
6.53499
6.4699
5.9096
5.61185
5.90691
6.68782
5.913
6.1557
5.8818
6.05641
6.55805
6.68709
6.90373
6.2039
6.46842
6.04751
6.27359
6.16562
5.91728
6.3627
6.26041
6.20345
6.84363
6.26488
6.47114
6.0436
6.05254
6.0425
5.3269
6.26655
6.04909
5.53066
5.77266
6.84076
6.26766
6.03434
6.46887
5.59883
6.33915
6.88943
5.89882
5.75374
6.47958
5.76369
6.46533
5.61402
6.10314
5.91772
5.87461
5.90888
5.45422
6.32974
6.75673
6.26369
6.0481
6.3961
5.74099
6.17175
6.26193
6.05151
6.1967
5.49222
5.87055
5.47231
6.4684
6.03972
5.75776
6.31977
5.90307
6.5496
6.33357
6.2329
6.33202
5.88946
6.75763
5.81547
6.39458
6.06051
5.67781
5.89567
6.40529
6.3271
6.55848
6.04814
6.19218
6.75236
5.88388
6.75387
6.05561
6.18868
5.87205
6.4721
6.0478
5.75761
5.74183
6.5621
5.60004
6.48152
6.04188
6.04781
6.47007
6.472
6.33362
6.04376
6.89269
5.97574
6.33818
5.95402
6.11375
6.19629
6.47026
5.90614
6.59693
6.1985
5.90458
6.2676
6.05068
5.68504
6.0504
6.3396
6.36149
6.4764
6.74906
6.47561
6.04729
6.33513
6.06102
6.26884
6.26028
6.19917
6.04082
6.05025
5.75205
6.61083
6.47289
5.48909
6.03885
6.40603
6.18761
6.45239
5.76068
5.91006
6.54653
6.46377
5.94708
6.07294
5.4619
6.47678
5.32159
5.90645
6.04699
5.34207
6.04428
6.89626
6.04313
5.73688
5.59402
6.03378
6.03951
6.19403
6.06144
6.04644
5.97334
5.74358
6.20071
6.33367
5.81929
6.19264
5.89192
6.55599
6.05305
6.048
6.46151
6.55353
6.05236
5.89304
6.17139
6.26413
6.11054
6.05688
6.47097
6.18947
5.60313
6.33347
6.84965
6.06904
6.04716
6.46944
6.47204
6.27634
6.25066
6.4748
6.32376
5.75205
6.04921
6.05236
6.46976
5.60969
6.18804
6.17224
