9.67261
9.37832
9.43871
9.43052
9.49553
9.50835
9.15623
9.58349
9.49542
9.69741
9.82937
9.45477
9.50307
9.48614
9.81287
9.50874
9.39245
9.53996
9.55921
9.45615
9.53194
9.60737
9.32876
9.477
9.63461
9.61145
9.48543
9.69127
9.40469
9.36238
9.40262
9.62886
9.76277
9.69224
9.3832
10.0522
9.44101
9.39677
9.49334
9.62118
9.58047
9.52017
9.35408
9.36393
9.63828
9.53572
9.6407
9.43235
9.54124
9.66887
9.45925
9.2188
9.57422
9.60444
9.59222
9.58029
9.58419
9.72742
9.53685
9.31457
9.71874
9.7402
9.66998
9.51035
9.63517
9.64666
9.68753
9.58411
9.81815
9.80915
9.46798
9.54043
9.42057
9.51056
9.44113
9.57816
9.76629
9.6109
9.49159
9.52262
9.60775
9.56367
9.38945
9.55863
9.5823
9.45002
9.59793
9.69509
9.60018
9.56425
9.75983
9.35729
9.45032
9.56693
9.39592
9.60686
9.32589
9.53758
9.48681
9.29548
9.44344
9.50722
9.44922
9.33306
9.04728
9.53164
9.32162
9.72261
9.60138
9.72345
9.38627
9.45402
9.69092
9.35944
9.56383
9.21353
9.46509
9.09815
9.41662
9.38578
9.36121
9.45711
9.32102
9.38586
9.4544
9.29732
9.41964
9.35938
9.30253
9.37636
9.64739
9.51895
9.4916
9.08029
9.20262
9.09048
9.54829
9.27246
8.83588
9.45685
9.58958
9.3811
8.93765
9.15918
9.22529
9.21053
9.20564
8.92434
9.15126
9.21305
9.21844
9.48531
9.14527
9.35665
9.36444
9.26686
9.48046
9.26931
9.20609
9.2058
9.39925
9.55241
9.61846
9.46478
9.92131
9.50791
9.46438
9.41799
9.21008
9.23439
9.52811
9.42861
9.23873
9.12653
9.333
9.29046
9.14848
9.24253
9.25597
9.66057
9.28125
9.43969
9.24186
9.33937
9.16371
9.32104
9.19756
9.30853
9.1473
9.89441
9.17039
9.40986
9.81973
9.70012
9.3372
9.25527
9.44709
9.34859
9.61583
9.48738
9.26223
9.76975
9.56393
9.45472
9.34776
9.16428
9.6472
9.40604
9.37809
9.48401
9.21305
9.22245
9.41674
9.48561
9.51116
9.4826
9.4089
9.34841
9.43164
9.62784
9.2391
9.30451
9.27994
9.22163
9.47707
9.28159
9.42915
9.47561
9.33542
9.24125
9.2548
9.48151
9.26021
9.10423
9.28752
9.2492
9.48597
9.06283
9.21391
9.48783
9.1306
9.36165
9.36671
9.22829
9.02298
9.2197
9.31981
9.12304
9.15343
9.32747
9.44104
9.22226
9.11556
9.18218
9.47363
9.80916
9.48725
9.37038
9.52185
9.47738
9.57854
9.49797
9.67479
9.01936
9.6149
9.39564
9.47869
9.29567
9.19498
9.39289
9.34795
9.3749
9.60799
9.57822
9.3088
9.13593
9.55816
9.24435
9.24953
9.53313
9.18673
9.31628
9.3137
9.45348
9.32558
9.43506
9.5187
9.37316
9.3447
9.4619
9.73151
9.23322
9.44462
9.35425
9.15893
9.69471
9.26809
9.38333
