10.8514
10.769
10.8145
10.8021
10.6103
10.8071
10.6147
10.7693
10.7562
10.9668
10.8441
10.709
10.7624
10.8214
10.865
10.8321
10.7532
10.772
10.8661
10.77
10.7534
10.8283
10.6448
10.6326
10.8531
10.8672
10.5586
10.8755
10.5854
10.6377
10.7586
10.7978
10.748
10.7971
10.7432
10.9274
10.6631
10.5595
10.6043
10.767
10.7419
10.6944
10.7521
10.8654
10.788
10.6317
10.8216
10.7527
10.8858
10.7567
10.7865
10.821
10.8252
10.769
10.7484
10.8363
10.6751
10.7657
10.7706
10.8018
10.7891
10.7161
10.8034
10.8345
10.7339
10.7208
10.7899
10.7133
10.8352
10.6428
10.706
10.7743
10.9251
10.792
10.743
10.738
10.8307
10.7599
10.8626
10.7156
10.7517
10.7332
10.7632
10.6691
10.7461
10.7764
10.7895
10.7813
10.6505
10.7541
10.8228
10.7721
10.8851
10.7349
10.7107
10.5521
10.498
10.787
10.7701
10.6739
10.7715
10.8151
10.8086
10.7553
10.7124
10.7886
10.8262
10.894
10.8515
10.757
10.8952
10.7105
10.781
10.769
10.835
10.7731
10.7865
10.8949
10.7771
10.8879
10.77
10.7401
10.8248
10.8346
10.8013
10.9357
10.8805
10.6718
10.8895
10.8827
10.7512
10.8805
10.7819
10.8496
10.7717
10.8109
10.8596
10.6653
10.7277
10.8017
10.6693
10.7756
10.8062
10.7465
10.8837
10.7262
10.7615
10.8874
10.7529
10.767
10.7706
10.8882
10.7264
10.7159
10.8743
10.7912
10.8681
10.7563
10.8592
10.8841
10.6582
10.8248
10.8319
10.7667
10.8982
10.5971
10.7004
10.6702
10.8553
10.7023
10.7712
10.7355
10.8751
10.8142
10.6719
10.6659
10.783
10.7205
11.0312
10.8222
10.8562
10.7433
10.6511
10.7252
10.7238
10.7293
10.7883
10.846
10.8139
10.8122
10.902
10.7204
10.8072
10.6975
10.8087
10.7605
10.541
10.7821
10.761
10.8396
10.8411
10.7383
10.8786
10.8372
10.7751
10.7498
10.8227
10.7931
11.096
10.9602
10.8011
10.9179
10.7447
10.7963
10.7741
10.7709
10.8948
10.9091
10.829
10.8135
10.7567
10.6669
10.7538
10.7754
10.8349
10.7844
10.7652
10.8466
10.7231
10.8822
10.8843
10.7749
10.7563
10.6228
10.7528
10.7544
10.6906
10.5829
10.7875
10.7125
10.8611
10.8325
10.6612
10.6371
10.7756
10.7227
10.764
10.6592
10.7941
10.7154
10.7874
10.6386
10.7756
10.7555
10.7868
10.6643
10.7234
10.9377
10.772
10.7119
10.8152
10.7949
10.8046
10.7932
10.7732
10.9375
10.6974
10.8245
10.7264
10.6788
10.8094
10.8076
10.7089
10.7358
10.7579
10.895
10.7072
10.7214
10.6493
10.8471
10.8665
10.639
10.7644
10.8444
10.7557
10.715
10.7797
10.8208
10.8487
10.7318
10.8004
10.801
10.8335
10.8525
10.5854
10.8014
10.7077
10.7884
