3736
3577
3751
3726
3661
3755
3539
3778
3742
3723
3735
3705
3669
3743
3639
3631
3649
3809
3636
3650
3716
3709
3620
3798
3737
3786
3541
3660
3546
3665
3705
3752
3584
3789
3722
3825
3557
3762
3620
3730
3679
3622
3741
3787
3754
3666
3707
3717
3675
3766
3799
3800
3815
3733
3649
3707
3806
3718
3669
3746
3776
3690
3714
3674
3684
3770
3823
3672
3710
3726
3761
3693
3670
3722
3730
3761
3734
3724
3689
3654
3666
3730
3740
3616
3652
3719
3688
3709
3636
3743
3687
3698
3617
3762
3608
3605
3551
3695
3720
3475
3665
3657
3741
3799
3654
3710
3573
3686
3786
3780
3702
3639
3766
3682
3742
3736
3703
3838
3687
3611
3764
3782
3693
3801
3723
3735
3641
3765
3659
3600
3679
3678
6482
3724
3658
3675
3667
3681
3635
3729
3781
3728
3727
3689
3794
3696
3615
3840
3681
3705
3757
3696
3616
3770
3828
3646
3666
3686
3761
3670
3625
3714
3717
3681
3636
3474
3644
3661
3765
3792
3759
3701
3738
3684
3668
3723
3717
3859
3729
3724
3781
3781
3736
3770
3663
3721
3679
3746
3637
3660
3706
3678
3596
3766
3625
3671
3544
3712
3764
3639
3827
3798
3693
3697
3733
3675
3739
3827
3740
3796
3660
3800
3718
3756
3708
3860
3736
3781
3791
3667
3859
3731
3736
3842
3768
3764
3791
3723
3728
3781
3740
3696
3728
3734
3800
3675
3766
3530
3589
3772
3765
3710
3688
3667
3589
3806
3719
3742
3746
3731
3782
3739
3709
3693
3739
3762
3803
3803
3748
3742
3810
3855
3767
3731
3795
3861
3634
3771
3835
3729
3715
3815
3797
3785
3808
3829
3812
3817
3635
3849
3771
3608
3799
3775
3794
3756
3764
3859
3866
3757
3725
3763
3779
3816
3591
3820
3773
3824
