8.04221
8.03735
7.81977
8.04877
7.53419
7.73161
7.83349
7.56356
7.66768
7.92131
7.51608
7.65783
7.49623
7.49759
8.04791
7.93167
7.6608
7.50225
7.55967
7.25031
7.51227
7.49559
7.66363
7.66362
7.91153
7.44742
7.36287
7.36208
7.24284
7.92358
7.64665
7.51555
7.50297
7.91583
7.66343
7.92403
7.66966
7.74678
7.85357
7.74414
7.24552
7.81863
7.56277
7.62987
8.03782
7.57036
7.54138
7.81194
7.2502
7.67317
7.66118
7.51694
7.5231
7.54085
7.73092
7.24481
7.66278
7.86566
7.24428
7.56329
7.4997
7.98945
7.66218
7.6583
7.84159
7.12087
7.51122
7.21947
7.11192
8.42349
7.24033
7.92292
7.9094
7.3793
7.49293
7.50664
7.66724
7.50612
7.48226
7.81309
7.10794
7.82131
8.05255
7.50265
7.56288
7.55673
7.90581
7.49781
7.56165
7.56025
7.42655
7.26916
7.53111
7.82237
7.47466
7.24365
7.52641
7.56604
7.24534
7.48812
7.65848
7.82979
7.41946
7.50512
7.57155
7.50328
7.91103
7.56334
7.5696
7.6445
7.83271
7.5077
8.03738
7.92893
7.82554
7.66052
7.94577
7.66403
7.92484
7.24792
7.49238
7.83398
7.82264
8.04978
7.57155
7.51147
7.64973
7.47691
7.23526
7.52652
7.83249
8.61036
7.5539
7.4403
7.49799
7.83273
8.06124
7.24668
7.48596
7.5079
7.92055
7.93151
7.92499
7.53833
7.82755
7.49312
7.82794
8.61963
7.24812
7.5499
7.89066
7.6498
7.24372
7.86605
7.66656
7.21362
7.66125
7.24672
7.48161
7.49968
7.81363
7.73957
7.82115
8.60831
7.65493
7.50364
7.53342
8.03596
8.61109
7.83594
7.5029
7.22566
7.51929
7.51079
7.83649
7.51694
7.7311
7.65204
8.32671
8.36936
7.74867
7.24891
7.91343
7.65925
7.23667
8.06113
7.51698
7.12384
7.5557
7.53081
7.30916
7.2323
7.43144
7.6581
7.53279
7.6726
7.26351
7.57509
7.56556
7.52169
7.55089
7.66743
7.29783
7.64562
7.55207
7.65749
7.54758
7.12155
7.65896
7.91293
7.23308
7.92495
7.50553
7.57792
8.0464
8.02519
7.65786
7.73887
7.65188
7.91118
7.66779
7.90789
7.25087
7.90503
7.90428
7.6519
7.66485
7.51969
7.65912
7.49658
7.64647
7.65365
7.53906
7.52916
7.91359
7.22862
7.2372
7.66238
7.49093
7.57016
7.90682
7.24973
7.66426
7.52285
7.25116
7.6595
7.65045
7.51927
7.92068
7.43647
7.92412
7.52718
7.54809
7.10229
7.41244
7.47652
8.03486
7.66527
7.65413
7.52979
7.82952
7.9196
7.21774
7.66629
7.9042
7.91072
7.65859
7.68973
7.55235
7.21961
7.23486
7.25201
7.50559
7.80719
7.55443
7.24938
7.6581
7.62937
7.66605
7.55353
7.1211
7.13449
7.89362
8.34116
7.49326
7.89915
7.96577
7.49541
7.89263
7.10079
7.8342
7.98398
8.21291
7.51437
7.50722
7.82099
8.57902
7.66141
