92.6165
92.6865
95.8801
95.1858
95.6699
94.1284
93.3865
94.5906
92.6199
94.8568
93.2264
95.4625
92.9705
94.5881
94.7111
95.43
94.9196
95.3853
93.1122
92.6252
93.7864
93.9586
94.3351
94.1299
95.0335
93.1342
92.7497
94.7196
95.9903
97.3406
94.761
93.1009
94.6778
93.8096
94.4532
95.5195
90
97.8186
94.0193
92.6357
94.0583
93.9678
94.3227
90
94.6677
94.2021
95.9433
94.2531
93.6611
93.8528
94.1214
95.6344
96.5372
94.6391
93.046
95.7226
94.5672
93.9013
95.3208
95.0775
96.063
94.69
95.3609
92.963
93.0414
94.2892
90
95.4121
95.8052
90
95.7932
95.015
95.1147
95.42
94.8445
95.4133
95.1178
94.6117
96.9081
93.7245
90
96.3563
94.5733
94.9238
96.4437
93.3611
95.7031
95.6526
94.3587
95.3448
92.5731
94.2455
90
94.2882
90
97.5047
93.9343
94.2936
90
95.6959
90
92.978
93.8992
92.6705
94.9521
94.9231
90
90
94.4281
97.0949
90
94.6919
94.2654
93.214
95.14
95.4068
97.8608
92.8542
96.6227
92.9526
93.6527
93.7094
97.0733
94.4352
95.9912
94.8935
94.3038
94.0783
94.9875
90
93.8981
93.6287
92.7111
90
92.7096
94.4478
96.022
90
94.5444
93.6503
90
90
93.5667
90
93.3187
92.9545
93.8359
93.1474
90
95.4062
94.9364
90
94.5659
90
92.8467
94.9984
93.633
95.5334
90
90
93.2604
93.8204
96.2241
93.1834
94.7447
94.1757
94.2936
93.2452
94.1965
94.9161
94.6865
90
93.3574
95.346
95.072
95.578
94.13
95.285
93.734
93.9666
90
92.6202
90
93.5723
93.3753
90
93.4193
92.6625
97.1129
90
90
90
90
90
93.9601
90
93.3604
90
94.6608
90
93.8515
90
90
94.2769
92.9069
94.7269
90
93.3257
94.4056
90
95.3514
92.9761
90
90
90
94.9652
95.4773
90
90
90
93.0252
90
90
93.998
95.59
95.8866
90
94.798
97.5818
90
92.6488
93.7153
90
96.3754
94.643
92.9787
94.1544
90
90
94.6738
95.1398
90
90
90
92.6396
90
90
90
93.3573
94.2012
90
90
95.3206
96.6488
90
90
90
90
90
90
90
94.3303
90
95.4895
94.9817
90
93.5606
90
90
90
90
90
94.246
94.2044
90
94.3469
94.2911
90
93.713
95.0653
94.2092
90
90
90
90
90
90
93.0888
94.2932
94.6245
95.3164
90
92.665
90
90
90
90
92.7492
90
90
