6.30175
6.14899
5.47286
5.34715
5.40972
5.89219
6.00964
5.55103
6.319
5.50852
5.54723
5.26488
6.15459
5.55232
5.58651
4.92778
5.33107
5.26908
5.59037
6.28518
5.83905
5.79049
5.64912
5.74801
5.39648
5.10717
5.77043
5.50301
5.21932
4.52519
4.96324
5.35682
5.55303
5.86815
5.47933
5.50014
5.69684
4.66814
5.77612
6.28987
5.98723
5.77441
6.01441
6.29489
5.62764
5.71597
5.3365
5.68878
5.7678
5.89534
5.69829
5.10715
4.7616
5.1073
6.44867
5.0969
5.62155
5.89123
5.60876
5.45681
4.66079
5.4775
5.33892
6.01405
6.22714
5.62886
6.69433
5.4969
5.34464
5.55637
4.97301
5.45288
5.06347
5.49416
5.76173
5.34846
5.33873
5.89019
4.37235
5.34559
5.77086
5.11792
5.40401
5.47696
4.83099
5.61578
5.36581
4.67123
5.50121
5.49819
6.06712
5.90858
5.75506
5.92368
5.63381
4.65977
6.04608
5.77077
5.90075
4.81585
5.54296
5.65709
5.79043
5.90292
5.69152
5.77996
5.70197
5.77091
5.61281
4.9697
6.04995
5.75984
5.93635
6.06281
5.35692
5.49274
4.22984
5.24553
4.81097
6.06228
5.91285
6.06742
4.82067
5.63553
4.97406
5.40274
5.63602
5.62217
5.64227
5.39684
5.77125
5.92629
6.30281
6.29767
5.65024
5.76876
4.95625
6.75318
5.46732
5.7615
5.87543
5.31164
5.92127
5.64146
5.91086
6.45511
5.82971
5.2601
5.61037
5.47534
5.39669
5.9854
4.95303
6.29407
5.64133
5.11322
5.90867
5.21309
6.59473
5.78107
5.64998
5.83683
5.26195
6.15738
5.4737
5.68878
5.62359
6.29783
5.68079
4.93951
5.4872
5.97706
5.35729
5.31976
5.33135
5.50008
6.01251
5.27398
6.15656
5.81021
5.87578
6.30033
6.61506
5.93054
6.29787
6.73864
5.98792
5.33613
4.81901
6.3348
5.18211
6.42051
6.01205
5.90675
5.77452
6.03511
6.00918
5.36453
5.4682
5.74542
5.83355
5.78777
5.8419
5.74399
5.83284
5.49531
5.65568
6.29793
5.83592
6.29327
5.66282
6.15561
6.12808
6.00691
6.15177
5.39581
5.47123
6.61431
6.58685
5.26744
6.15634
5.73129
5.41996
5.8869
5.19811
5.25869
5.69756
5.68522
4.81178
6.46607
6.29499
5.69414
5.38469
5.09705
5.48372
6.43645
5.68981
5.71617
5.98039
5.51708
5.32227
6.73182
5.90932
6.57495
5.61565
6.2977
6.1418
6.1551
6.00577
5.68438
6.70012
5.62335
5.10005
4.83069
6.5991
6.14942
6.70542
5.91075
6.44243
5.97396
6.57756
5.90892
6.56021
5.10416
5.39683
6.59712
5.24184
5.51675
5.83388
6.30306
6.54959
6.55099
5.696
5.67529
6.53907
5.49582
5.63953
6.31808
4.95833
5.6366
5.67435
6.21944
5.92734
6.44293
5.91762
5.84182
5.54624
6.1377
5.72139
5.50064
5.27492
5.90774
6.29868
6.29531
5.84166
6.43944
5.68375
5.60897
6.44117
5.86866
