10.9066
10.9863
10.943
10.9415
10.9186
11.1553
11.1545
11.0943
10.9036
11.1171
10.9801
11.0167
11.0652
10.889
10.9773
11.021
11.0165
10.9703
11.1618
11.141
11.2034
10.9773
10.9554
11.2898
11.2169
11.1878
11.1336
11.1336
11.284
11.0522
11.1515
10.9216
11.2148
11.1087
11.131
10.9287
11.1491
11.1982
11.0596
11.0205
11.3472
10.9703
11.2389
11.1646
10.9509
11.116
11.237
11.0779
11.2143
11.0839
11.1336
11.163
11.0636
10.9922
11.1083
11.0625
11.0102
11.1391
11.05
11.1013
11.3945
11.1389
10.889
11.1041
11.1485
11.1052
10.6195
10.9913
11.0431
11.0925
11.2741
11.1648
11.0598
11.0938
11.2895
11.0839
11.1583
11.01
11.1087
11.1821
11.0958
10.9128
11.1336
10.9738
11.2337
11.0907
11.3592
11.1922
11.07
11.2779
11.1352
11.2129
11.1646
10.9825
11.169
10.8479
11.2833
11.0886
11.2591
11.0052
11.1392
11.1442
11.1131
11.0535
11.0988
11.2948
11.1485
11.1812
11.1512
11.2948
11.1242
11.334
11.3741
11.3652
11.1485
11.2237
11.2912
11.1705
11.2111
11.2413
11.2442
11.0731
11.0737
11.3337
11.331
11.2597
11.1583
11.0464
10.9146
11.0192
11.19
11.211
10.9634
10.9066
10.9518
10.8019
11.1945
10.9106
10.6415
11.0731
11.1336
11.1545
11.07
11.1563
10.9753
11.2017
11.07
11.1697
11.0152
11.1035
11.1531
10.9703
11.2457
11.0386
11.1632
10.8792
10.9979
11.1187
11.2363
11.1301
11.1756
11.0861
10.9564
11.0716
11.0988
11.162
11.0816
11.1994
10.9076
11.0052
11.1227
11.2442
10.9703
11.0524
10.8934
10.94
11.1661
11.1982
11.2326
11.0261
10.9278
11.1003
10.7997
11.07
11.1355
10.7807
11.1308
11.2214
11.2133
11.0341
11.0428
11.0052
11.0232
11.2938
11.0938
11.3353
11.1041
11.0338
11.2292
11.0719
11.0772
11.3117
11.3117
11.1301
10.7204
10.9251
11.0671
11.1187
11.2221
11.1532
11.1105
11.2254
11.1783
11.1386
11.2817
11.3325
11.0386
11.2517
10.8543
11.0155
11.1574
11.1451
11.1763
11.1336
11.1783
11.1336
11.0261
11.2129
11.0978
10.9722
11.0899
11.0678
11.0341
11.0899
10.9958
10.9843
11.0192
11.139
11.1823
11.0596
10.9049
10.982
10.8961
10.6655
11.2847
11.0346
11.0059
10.9979
11.0261
11.1574
10.5315
11.2338
11.2753
10.9111
10.8128
11.3389
10.8341
10.9078
11.0261
11.1922
10.7462
11.3745
10.9204
11.2326
10.9723
11.0578
11.0633
11.1207
10.9703
11.1093
10.9269
10.9345
11.0644
11.2869
10.9034
11.0475
11.2608
11.2531
10.955
11.0815
11.1611
10.8658
11.1741
11.163
11.0411
10.9594
10.9864
10.986
11.0226
11.2934
11.3078
11.1253
10.9242
11.1292
11.0271
10.9996
10.9564
11.1226
11.0786
11.1835
