11.3113
11.153
11.0578
10.9481
10.9017
11
11.1528
11.1899
11.1666
10.6845
11.0752
10.8708
11.356
11.1499
10.7024
11.331
10.9343
10.945
10.9638
11.2721
11.2239
11.2124
11.0319
10.8423
10.991
11.2918
10.9958
11.1791
11.3929
10.8835
11.0414
11.064
10.8966
11.1008
11.0179
10.901
11.1396
11.1913
11.0247
11.3236
11.275
11.1493
11.1881
11.2766
11.2521
11.0764
10.9452
11.1312
11.0728
10.8358
11.2162
11.2322
11.1643
11.1708
10.9657
11.144
11.3281
10.6079
11.2301
10.5157
11.33
11.2252
10.6258
11.4107
11.3343
11.3179
8.9043
11.2007
11.1183
10.8446
11.1036
10.7349
11.227
11.018
10.887
11.0762
11.1437
10.5525
11.2006
11.1205
10.9592
11.1686
11.2099
10.7993
11.094
11.1575
11.1911
11.2102
11.1515
11.2638
11.1447
11.2969
11.0594
11.3205
11.0695
11.0886
11.2269
11.074
11.0682
11.2841
11.2844
11.0697
11.3268
11.3233
11.1325
11.3509
11.3079
11.1413
11.1008
11.1058
11.103
11.2409
11.1948
11.2266
10.937
11.2121
11.2561
11.2626
11.3628
11.1114
11.1769
11.086
11.2422
11.086
11.2025
11.1834
11.1794
11.0406
11.2678
11.2619
11.3428
11.1586
11.113
11.2861
11.434
10.9749
11.181
9.54207
10.9734
11.0483
10.9346
10.9062
11.182
11.3388
11.1689
11.0121
11.1517
11.0264
10.909
11.1756
11.2296
11.1755
11.2088
11.2362
11.1912
11.1778
11.1389
11.0099
10.6603
11.1578
11.2149
11.1144
10.7669
10.5188
11.2734
11.1219
11.3351
11.498
11.2427
10.8602
11.2031
11.2616
11.0064
10.7848
11.2742
10.7092
10.93
11.0737
11.0909
11.136
10.992
11.1949
9.31924
11.239
11.1722
9.35875
11.328
11.0161
11.2235
10.7335
10.887
11.3768
11.2442
11.1156
11.1789
10.7145
11.1228
11.1921
11.3681
10.932
11.2039
11.1794
11.1029
10.6963
11.1463
11.1578
11.3237
11.291
10.8858
11.2687
11.1788
11.2625
11.0691
11.1848
11.2269
11.2318
11.129
11.258
9.89044
10.986
11.2482
10.8299
10.9139
10.5071
10.9116
10.8761
11.0909
11.3636
11.1096
9.32384
11.167
11.2864
11.2215
11.2303
11.3279
11.3119
11.1721
10.9215
11.213
11.1695
11.0735
9.53651
11.3957
9.66706
11.1077
11.2189
11.1469
11.4065
11.3062
11.1853
9.96136
11.2674
11.3053
10.794
9.05961
11.3957
9.38973
11.2412
11.4695
11.1974
9.31388
11.3021
9.95028
11.0182
11.1423
9.59077
11.1719
11.4407
11.239
11.246
9.56362
9.96577
11.0225
11.2747
9.7044
11.2283
11.1574
11.4146
10.8521
11.1223
11.2845
11.3532
11.1995
11.3437
10.8124
11.0093
11.4072
11.1612
10.9183
11.3674
10.9543
11.2677
11.2856
11.4449
10.9873
11.4869
11.1683
11.147
11.1535
10.9683
