3640
3637
3654
3620
3568
3736
3655
3545
3671
3582
3645
3564
3614
3684
3580
3540
3600
3634
3636
3689
3652
3576
3484
3629
3611
3453
3565
3566
3657
3584
3583
3538
3666
3574
3555
3519
3484
3627
3649
3585
3748
3531
3742
3565
3629
3588
3707
3650
3528
3569
3552
3635
3521
3604
3662
3657
3653
3598
3652
3628
3485
3568
3539
3725
3719
3622
3315
3580
3709
3521
3573
3698
3545
3614
3765
3671
3704
3547
3465
3573
3469
3632
3742
3573
3501
3613
3669
3596
3718
3532
3646
3601
3629
3649
3598
3468
3650
3642
3543
3566
3632
3600
3653
3554
3576
3585
3554
3502
3642
3605
3668
3648
3642
3609
3663
3655
3594
3600
3652
3547
3675
3675
3549
3517
3636
3524
3624
3478
3558
3537
3661
3607
3574
3515
3520
3414
3503
3422
3507
3664
3562
3407
3629
3549
3603
3659
3671
3470
3520
3610
3560
3644
3655
3669
3625
3468
3607
3575
3565
3499
3502
3599
3638
3430
3487
3562
3597
3565
3591
3580
3570
3552
3536
3556
3629
3530
3573
3703
3710
3529
3526
3489
3193
3584
3700
3414
3630
3611
3627
3545
3451
3545
3462
3657
3624
3575
3609
3471
3692
3505
3539
3698
3420
3559
3515
3557
3667
3608
3616
3480
3616
3577
3644
3572
3621
3649
3559
3721
3393
3441
3663
3551
3517
3492
3687
3562
3658
3632
3592
3369
3567
3502
3516
3592
3627
3660
3591
3597
3662
3635
3594
3335
3428
3277
3589
3652
3563
3599
3512
3562
3289
3539
3490
3612
3248
3572
3352
3425
3761
3481
3308
3580
3325
3585
3699
3445
3588
3592
3604
3509
3355
3341
3723
3516
3322
3593
3530
3607
3531
3652
3621
3592
3629
3638
3445
3590
3430
3611
3593
3633
3642
3611
3646
3534
3649
3565
3426
3581
3496
3711
