7.33558
7.19564
7.75053
7.33437
7.57442
7.48013
7.32955
7.34799
7.34092
7.32428
6.79587
7.34398
7.33313
7.34184
7.35047
7.08194
7.21341
7.33262
6.78259
7.31883
7.32469
7.34231
7.3217
7.31378
7.33261
6.34379
6.82665
7.34891
7.61032
7.32928
6.80246
6.55559
7.33626
7.34651
7.19549
7.60691
6.63436
7.74157
7.32541
7.33243
7.58714
7.32111
7.70579
6.36538
7.46503
7.34359
7.61536
7.34435
7.18479
7.35482
7.3147
7.32342
7.3203
6.92019
7.6157
7.33041
7.43137
7.33807
7.70053
7.3255
7.06764
7.3193
7.33315
7.19531
7.43159
7.32656
7.59939
7.61924
7.6054
6.48831
7.22607
7.33693
7.07325
7.58495
7.60717
7.44768
7.3348
7.59257
7.08639
6.79342
6.25144
7.60621
7.19735
7.33767
7.3369
6.92635
7.60108
6.89036
7.20118
7.60576
7.06879
7.58581
6.35323
7.62136
6.48007
7.5813
7.59035
7.43359
6.66472
7.06682
6.47721
6.80884
7.33449
6.95921
7.62071
7.73541
6.34041
5.94109
7.33208
7.73428
6.87184
7.60497
7.60624
7.32367
7.32452
7.61511
7.33796
6.36858
7.44954
7.20849
7.33988
7.50488
7.6106
7.35526
7.32543
7.31768
7.31868
7.19659
7.60893
6.35835
7.31705
7.3416
7.35527
6.37093
6.7325
7.47612
7.31529
7.20193
7.21169
7.17117
6.7896
5.93889
7.31525
6.48098
7.20615
7.59181
7.32512
6.47273
6.3673
7.59058
7.33651
6.81052
6.74329
6.24686
6.75431
7.06845
7.32315
7.34632
7.3335
6.36462
6.92771
7.32123
7.61044
7.32746
7.3451
7.3128
7.32564
7.60171
7.33063
6.80776
7.324
6.10103
6.64868
7.33818
7.33263
7.59188
7.59095
7.32271
7.60423
7.35457
6.23196
7.32495
6.22228
7.33384
7.61568
7.08861
7.34161
6.36068
7.62006
7.33112
5.82954
7.33512
6.22194
6.52875
7.32227
6.35979
7.31537
6.35688
7.32179
5.83826
7.34209
6.49495
6.63543
7.34384
6.96484
7.34053
6.23363
7.61015
7.5133
6.23013
7.75708
7.32668
6.3707
6.50426
6.63699
7.34737
7.60552
7.34596
7.07055
6.2367
7.34522
6.67638
6.35489
7.3556
7.33407
7.50142
6.50682
7.59286
7.76928
6.36109
7.32824
7.15993
6.34978
7.60666
7.32367
7.61367
7.31279
6.36178
6.81209
7.34339
7.31433
6.23322
6.35624
6.63475
6.63985
6.79744
6.23003
6.36652
7.33229
7.32764
7.05395
6.22545
7.20579
7.34716
6.2175
6.35798
6.35624
6.63614
7.335
6.50067
6.3714
7.62055
6.49756
7.22194
7.33932
7.33665
6.63218
6.36745
6.36708
7.05618
6.09035
7.34472
7.33266
7.33296
6.75434
7.20284
7.3139
7.31773
6.36683
7.60828
7.33535
6.63257
6.36782
7.31872
6.34894
6.23909
6.22183
7.34227
7.36068
7.33961
7.31362
6.22256
7.34931
6.22189
5.9779
7.33151
6.36368
6.67952
6.377
6.81231
