98.5845
98.2053
98.2049
98.0998
98.0998
98.0998
98.0998
97.7413
97.7413
97.7413
97.7326
97.7326
97.7326
97.7326
97.7326
97.7326
97.7326
97.7964
97.8189
97.8189
97.8235
97.8235
97.8235
97.8227
97.8227
97.8192
97.8192
97.8192
97.8192
97.8192
97.8192
97.8192
97.8192
97.8192
97.8192
97.8192
97.8192
97.8192
97.8192
97.8192
97.8192
97.8192
97.8192
97.8192
97.8192
97.8192
97.8192
97.8192
97.8192
97.8192
97.8192
97.8192
97.8192
97.8192
97.8192
97.8192
97.8192
97.8192
97.8192
97.819
97.819
97.819
97.819
97.819
97.819
97.819
97.819
97.819
97.819
97.819
97.819
97.819
97.819
97.819
97.4682
97.4682
97.4682
97.4682
97.4682
97.4682
97.4682
97.4682
97.4682
97.4682
97.4682
97.4682
97.4682
97.4682
97.4682
97.4682
97.0888
97.0888
97.0888
97.0888
97.0888
97.0888
97.0888
97.0888
97.0888
97.0888
97.0888
97.0777
97.0777
97.0777
97.0777
97.0777
97.0777
97.0777
97.0777
97.0777
97.0777
97.0777
97.0777
97.0777
97.0777
97.0777
97.0777
97.0777
97.0777
97.0777
97.0777
97.0777
97.0777
97.0777
97.0777
97.0777
97.0777
97.0777
97.0777
97.0777
97.0777
97.0777
97.0777
97.0777
97.0777
97.0777
97.0754
97.0754
97.0754
97.0754
97.0754
97.0754
97.0754
97.0754
97.0754
97.0754
97.0754
97.0754
97.0754
97.0754
97.0754
97.0754
97.0754
96.9917
96.9917
96.9917
96.9917
96.9917
96.9917
96.9917
96.9917
96.9917
96.6505
96.6505
96.6505
96.6505
96.6505
96.6412
96.6412
96.6412
96.6412
96.6412
96.6412
96.6412
96.6412
96.6412
96.6412
96.6412
96.6412
96.6412
96.247
96.247
96.247
96.247
96.247
96.247
96.247
96.247
96.247
96.247
96.247
96.247
96.247
96.247
96.247
96.247
96.247
96.247
96.247
96.247
96.247
96.247
96.247
95.1028
95.1028
95.1028
95.1028
95.1028
95.1028
95.1028
95.1028
95.1028
95.1028
95.1028
95.1028
95.1028
95.1028
95.1028
95.1028
95.1028
95.1028
95.1028
95.1028
95.1028
95.1028
95.1028
95.1028
95.1028
95.1028
95.1028
95.1028
95.1028
95.1028
95.1028
95.1028
95.1028
95.1028
95.1028
95.1028
95.1028
95.1028
95.1028
95.1028
95.1028
95.1028
95.1028
95.1028
95.1028
95.1028
95.1028
95.1028
95.1028
95.1028
95.1028
95.1028
95.1028
95.1028
95.1028
95.1028
95.1028
95.1024
95.1024
95.1024
95.1024
95.1024
95.1024
95.1024
95.1024
95.1024
95.1024
95.1024
95.1024
95.1024
95.1024
95.1024
95.1024
95.1024
95.1024
95.1024
95.1024
95.1024
95.1024
95.1024
108.399
108.399
108.399
108.399
108.399
108.399
108.399
108.399
108.399
108.399
108.399
108.399
108.399
108.399
108.399
