5.17582
5.45525
5.45525
5.45525
5.45525
5.45525
5.45525
5.59588
5.59588
5.59588
5.59928
5.59928
5.59928
5.59928
5.59928
5.59928
5.59928
5.59928
5.59928
5.59928
5.59928
5.59928
5.59928
5.5996
5.5996
5.60097
5.60097
5.60097
5.60097
5.60097
5.60097
5.60097
5.60097
5.60097
5.60097
5.60097
5.60097
5.60097
5.60097
5.60097
5.60097
5.60097
5.60097
5.60097
5.60097
5.60097
5.60097
5.60097
5.60097
5.60097
5.60097
5.60097
5.60097
5.60097
5.60097
5.60097
5.60097
5.60097
5.60097
5.60097
5.60097
5.60097
5.60097
5.60097
5.60097
5.60097
5.60097
5.60097
5.60097
5.60097
5.60097
5.60097
5.60097
5.60097
5.73839
5.73839
5.73839
5.73839
5.73839
5.73839
5.73839
5.73839
5.73839
5.73839
5.73839
5.73839
5.73839
5.73839
5.73839
5.73839
5.88676
5.88676
5.88676
5.88676
5.88676
5.88676
5.88676
5.88676
5.88676
5.88676
5.88676
5.88676
5.88676
5.88676
5.88676
5.88676
5.88676
5.88676
5.88676
5.88676
5.88676
5.88676
5.88676
5.88676
5.88676
5.88676
5.88676
5.88676
5.88676
5.88676
5.88676
5.88676
5.88676
5.88676
5.88676
5.88676
5.88676
5.88676
5.88676
5.88676
5.88676
5.88676
5.88676
5.88676
5.88676
5.88676
5.88765
5.88765
5.88765
5.88765
5.88765
5.88765
5.88765
5.88765
5.88765
5.88765
5.88765
5.88765
5.88765
5.88765
5.88765
5.88765
5.88765
5.88765
5.88765
5.88765
5.88765
5.88765
5.88765
5.88765
5.88765
5.88765
6.02264
6.02264
6.02264
6.02264
6.02264
6.02264
6.02264
6.02264
6.02264
6.02264
6.02264
6.02264
6.02264
6.02264
6.02264
6.02264
6.02264
6.02264
6.17858
6.17858
6.17858
6.17858
6.17858
6.17858
6.17858
6.17858
6.17858
6.17858
6.17858
6.17858
6.17858
6.17858
6.17858
6.17858
6.17858
6.17858
6.17858
6.17858
6.17858
6.17858
6.17858
6.62997
6.62997
6.62997
6.62997
6.62999
6.62999
6.62999
6.62999
6.62999
6.62999
6.62999
6.62999
6.62999
6.62999
6.62999
6.62999
6.62999
6.62999
6.62999
6.62999
6.62999
6.62999
6.62999
6.62999
6.62999
6.62999
6.62999
6.62999
6.62999
6.62999
6.62999
6.62999
6.62999
6.62999
6.62999
6.62999
6.62999
6.62999
6.62999
6.62999
6.62999
6.62999
6.62999
6.62999
6.62999
6.62999
6.62999
6.62999
6.62999
6.62999
6.62999
6.62999
6.62999
6.62999
6.62999
6.62999
6.62999
6.63013
6.63013
6.63013
6.63013
6.63013
6.63013
6.63013
6.63013
6.63013
6.63013
6.63013
6.63013
6.63013
6.63013
6.63013
6.63013
6.63013
6.63013
6.63013
6.63013
6.63013
6.63013
6.63013
6.63013
6.63013
6.63013
6.63013
6.63013
6.63013
6.63013
6.63013
6.63013
6.63013
6.63013
6.63013
6.63013
6.63013
6.63013
