6.83594
6.92344
7.14219
7.17031
7.17031
7.17031
7.17031
7.17813
7.24063
7.24063
7.24063
7.24063
7.24063
7.24063
7.24063
7.24063
7.24063
7.24063
7.24063
7.32813
7.32813
7.32813
7.32813
7.47813
7.47813
7.47813
7.47813
7.47813
7.47813
7.47813
7.47813
7.47813
7.47813
7.47813
7.47813
7.47813
7.47813
7.47813
7.47813
7.47813
7.47813
7.47813
7.47813
7.47813
7.55001
7.55001
7.55001
7.55001
7.55001
7.55001
7.55001
7.55001
7.55001
7.55001
7.55001
7.55001
7.55001
7.55001
7.55001
7.55001
7.55001
7.55001
7.55001
7.55001
7.55001
7.55001
7.55001
7.55001
7.55001
7.55001
7.55001
7.55001
7.55001
7.55001
7.55001
7.55001
7.55001
7.55001
7.55001
7.55001
7.55001
7.55001
7.55001
7.55001
7.55001
7.55001
7.55001
7.55001
7.55001
7.55001
7.57031
7.57031
7.57501
7.57501
7.57501
7.57501
7.57501
7.57501
7.57501
7.57501
7.57501
7.63907
7.63907
7.63907
7.63907
7.63907
7.63907
7.63907
7.63907
7.63907
7.63907
7.63907
7.63907
7.63907
7.63907
7.63907
7.63907
7.63907
7.63907
7.63907
7.63907
7.63907
7.63907
7.63907
7.63907
7.63907
7.63907
7.63907
7.63907
7.8
7.8
7.8
7.8
7.8
7.8
7.8
7.8
7.8
7.8
7.8
7.8
7.8
7.8
7.8
7.8
7.8
7.8
7.8
7.8
7.8
7.8
7.8
7.8
7.8
7.8
7.8
7.8
7.8
7.8
7.8
7.8
7.8
7.8
7.8
7.8
7.8
7.8
7.8
7.8
7.8
7.8
7.8
7.8
7.8
7.8
7.8
7.8
7.8
7.8
7.8
7.8
7.8
7.8
7.8
7.8
7.8
7.8
7.8
7.8
7.8
7.8
7.8
7.8
7.8
7.8
7.8
7.8
7.8
7.8
7.8
7.8
7.8
7.8
8.17657
8.17657
8.17657
8.17657
8.17657
8.17657
8.17657
8.17657
8.17657
8.17657
8.17657
8.17657
8.17657
8.17657
8.17657
8.17657
8.17657
8.17657
8.17657
8.17657
8.17657
8.17657
8.17657
8.17657
8.17657
8.17657
8.17657
8.17657
8.17657
8.17657
8.17657
8.17657
8.17657
8.17657
8.17657
8.17657
8.17657
8.17657
8.17657
8.17657
8.17657
8.17657
8.17657
8.17657
8.17657
8.17657
8.17657
8.17657
8.17657
8.17657
8.17657
8.17657
8.17657
8.17657
8.17657
8.17657
8.17657
8.17657
8.17657
8.17657
8.17657
8.17657
8.17657
8.17657
8.17657
8.17657
8.17657
8.17657
8.17657
8.17657
8.17657
8.17657
8.17657
8.17657
8.17657
8.17657
8.17657
8.17657
8.17657
8.17657
30.35
30.35
30.35
30.35
30.35
30.35
30.35
30.35
30.35
30.35
30.35
30.35
30.35
30.35
30.35
