10.8799
10.8799
10.8805
11.0236
11.0236
11.0236
11.0236
11.0236
11.0236
11.0236
11.0236
11.0236
11.0236
11.0236
11.0236
11.0236
11.0236
11.0236
11.0236
11.0236
11.0236
11.0236
11.0236
11.0236
11.0236
11.0236
11.0236
11.0236
11.0236
11.0236
11.0236
11.0236
11.0236
11.0236
11.0236
11.0236
11.0236
11.0236
11.0236
11.0236
11.0236
11.0236
11.0236
11.0236
11.0236
11.0236
11.0236
11.0236
11.0236
11.0236
11.0236
11.0236
11.0236
11.0236
11.0236
11.0236
11.0236
11.0236
11.0236
11.0239
11.0239
11.0239
11.0239
11.0239
11.0239
11.0239
11.0239
11.0239
11.0239
11.0239
11.0239
11.0239
11.0239
11.0239
11.0239
11.0239
11.0239
11.0239
11.0239
11.0239
11.0239
11.0239
11.0239
11.0239
11.0239
11.0239
11.0239
11.0239
11.0239
11.0239
11.0239
11.0239
11.0239
11.0239
11.0239
11.0239
11.0239
11.0239
11.0239
11.0239
11.0239
11.0415
11.0415
11.0415
11.0415
11.0415
11.0415
11.0415
11.0415
11.0415
11.0415
11.0415
11.0415
11.0415
11.0415
11.0415
11.0415
11.0415
11.0415
11.0415
11.0415
11.0415
11.0415
11.0415
11.0415
11.0415
11.0415
11.0415
11.0415
11.0415
11.0415
11.0415
11.0415
11.0415
11.0415
11.0415
11.0415
11.0415
11.0415
11.0415
11.0415
11.0415
11.0415
11.0415
11.0415
11.0415
11.0415
11.0415
11.0415
11.0415
11.0415
11.0415
11.0415
11.175
11.175
11.175
11.175
11.175
11.175
11.175
11.175
11.175
11.175
11.175
11.175
11.175
11.175
11.1909
11.1909
11.1909
11.1909
11.1909
11.1909
11.1909
11.1909
11.1909
11.1909
11.1909
11.1909
11.1909
11.1909
11.1909
11.1909
11.1909
11.1909
11.1909
11.1909
11.1909
11.1909
11.1909
11.1909
11.1909
11.1909
11.1909
11.1909
11.1909
11.1909
11.1909
11.1909
11.1909
11.1909
11.1909
11.1909
11.1909
11.1909
11.1909
11.1909
11.1909
11.1909
11.1909
11.1909
11.1909
11.1909
11.1909
11.1909
11.1909
11.1909
11.1909
11.1909
11.1909
11.1909
11.1909
11.1909
11.1909
11.1909
11.1909
11.1909
11.1909
11.1909
11.1909
11.1909
11.1909
11.1909
11.1909
11.1909
11.1909
11.1909
11.1909
11.1909
11.1909
11.1909
11.1909
11.1909
11.1909
11.1909
11.1909
11.1909
11.1909
11.1909
11.1909
11.1909
11.1909
11.1909
11.1909
11.1909
11.1909
11.1909
11.1909
11.1909
11.1909
11.1909
11.1909
11.1909
11.1909
11.1909
11.1909
11.1909
11.1909
11.1909
11.1909
11.1909
11.1909
11.1909
11.1909
11.1909
11.1909
11.1909
11.1909
11.1909
11.1909
11.1909
11.1909
11.1909
14.7751
14.7751
14.7751
14.7751
14.7751
14.7751
14.7751
14.7751
14.7751
14.7751
14.7751
14.7751
14.7751
14.7751
14.7751
