3165
3112
3155
3210
3196
3295
3139
3313
3267
3238
3219
3241
3218
3240
3227
3268
3212
3225
3206
3228
3179
3162
3214
3172
3240
3104
3174
3003
3048
2960
2925
3060
2997
3121
3140
3050
2976
2998
2890
2970
2966
3078
3188
3117
3246
3139
3221
3250
3218
3284
3181
3254
3220
3144
3105
3069
3008
2931
3079
3029
3020
2789
3034
3005
3043
3131
3160
3121
3066
3218
3106
3078
3109
3058
3190
3111
3134
3091
3205
3148
3077
3157
3154
3166
3214
3185
3160
3198
3121
3163
3179
3214
3287
3261
3248
3203
3167
3213
3194
3272
3344
3277
3206
3327
3173
2956
3139
3296
3052
3094
3219
3056
3133
3139
2824
3049
3032
3078
3101
2974
3100
3046
3014
3072
3117
3101
3284
3132
3064
3117
3175
3120
3156
3163
3133
3131
3213
3238
3147
3288
3272
3269
3243
3334
3309
3224
3300
3289
3321
3322
3311
3320
3327
3347
3301
3427
3363
3378
3343
3302
3385
3325
3174
3305
3264
3331
3269
3314
3369
3264
3273
3252
3245
3242
3358
3346
3338
3301
3243
3268
3362
3319
3307
3290
3271
3057
3225
3071
3178
3215
3258
3159
3156
3151
3196
3205
3242
3191
3197
3239
3221
3336
3328
3239
3274
3340
3290
3297
3287
3276
3207
3290
3208
3368
3341
3294
3364
3250
3321
3306
3179
3364
3337
3289
3223
3377
3293
3365
3367
3364
3316
3377
3324
3421
3369
3417
3221
3389
3278
3383
3246
3420
3315
3379
3410
3333
3450
3421
3381
3283
3363
3379
3294
3232
3414
3355
3378
3394
3359
3345
3354
3383
3332
3365
3222
3319
3372
3357
3362
3331
3291
3313
3282
3226
3223
3271
3368
3287
3250
3235
3319
3258
3260
3863
3225
3325
3223
3302
3230
3258
3244
3237
3231
3244
3221
3208
3307
3140
