8.46066
8.59296
8.59296
8.59296
8.59296
8.59296
8.59296
8.59296
8.59296
8.59296
8.59296
8.59296
8.59296
8.59296
8.59296
8.59296
8.59296
8.61797
8.62679
8.62679
8.6286
8.6286
8.6286
8.6286
8.6286
8.6286
8.6286
8.6286
8.6286
8.6286
8.6286
8.6286
8.6286
8.6286
8.6286
8.6286
8.6286
8.6286
8.6286
8.6286
8.6286
8.6286
8.6286
8.6286
8.6286
8.6286
8.6286
8.6286
8.6286
8.6286
8.6286
8.6286
8.6286
8.6286
8.6286
8.6286
8.6286
8.6286
8.6286
8.6286
8.6286
8.6286
8.6286
8.6286
8.6286
8.6286
8.6286
8.6286
8.6286
8.6286
8.6286
8.6286
8.6286
8.6286
8.6286
8.6286
8.6286
8.6286
8.6286
8.6286
8.6286
8.6286
8.6286
8.6286
8.6286
8.6286
8.6286
8.6286
8.6286
8.6286
8.6286
8.6286
8.6286
8.6286
8.6286
8.6286
8.6286
8.6286
8.6286
8.6286
8.6286
8.6286
8.6286
8.6286
8.6286
8.6286
8.6286
8.6286
8.6286
8.6286
8.6286
8.6286
8.6286
8.6286
8.6286
8.6286
8.6286
8.6286
8.6286
8.6286
8.6286
8.6286
8.6286
8.6286
8.6286
8.6286
8.6286
8.6286
8.6286
8.6286
8.6286
8.6286
8.6286
8.6286
8.6286
8.6286
8.6286
8.6286
8.6286
8.6286
8.6286
8.6286
8.6286
8.6286
8.6286
8.6286
8.6286
8.6286
8.6286
8.6286
8.6286
8.6286
8.6286
8.6286
8.6286
8.6286
8.6286
8.6286
8.6286
8.6286
8.6286
8.6286
8.6286
8.6286
8.6286
8.6286
8.6286
8.6286
8.6286
8.6286
8.6286
8.6286
8.6286
8.6286
8.6286
8.6286
8.6286
8.6286
8.6286
8.6286
8.6286
8.6286
8.6286
8.6286
8.6286
8.6286
8.6286
8.6286
8.6286
8.6286
8.6286
8.6286
8.6286
8.6286
8.6286
8.6286
8.6286
8.6286
8.6286
8.6286
8.6286
8.6286
8.6286
8.6286
8.6286
8.6286
8.6286
8.6286
8.6286
8.6286
8.6286
8.6286
8.6286
8.6286
8.6286
8.6286
8.6286
8.6286
8.6286
8.6286
8.6286
8.6286
8.6286
8.6286
8.6286
8.6286
8.6286
8.6286
8.6286
8.6286
8.6286
8.6286
8.6286
8.6286
8.6286
8.6286
8.6286
8.6286
8.6286
8.6286
8.6286
8.6286
8.6286
8.6286
8.6286
8.6286
8.6286
8.6286
8.6286
8.6286
8.6286
8.6286
8.6286
8.6286
8.6286
8.6286
8.6286
8.6286
8.6286
8.6286
8.6286
8.6286
8.6286
8.6286
8.6286
8.6286
8.6286
8.6286
8.6286
8.6286
8.6286
8.6286
8.6286
8.6286
8.6286
8.6286
8.6286
8.6286
8.6286
8.6286
8.6286
8.6286
8.6286
16.4596
16.4596
16.4596
16.4596
16.4596
16.4596
16.4596
16.4596
16.4596
16.4596
16.4596
16.4596
16.4596
16.4596
16.4596
