103.811
103.493
104.362
103.693
104.326
103.808
104.165
104.543
104.479
104.782
104.423
104.452
104.445
103.661
104.759
104.866
103.488
103.404
103.846
105.664
104.392
104.677
104.808
103.985
104.834
103.994
104.131
105.503
103.065
103.535
104.603
103.49
103.172
103.425
103.542
103.255
103.511
104.477
104.08
103.391
103.811
103.536
103.568
105.059
103.504
105.028
103.506
103.398
103.158
103.62
104.275
103.868
103.502
104.873
104.292
104.936
104.327
104.143
104.276
103.161
103.154
103.544
103.58
103.735
103.988
103.242
105.15
104.221
103.416
103.701
104.505
103.391
104.154
105.387
104.083
104.28
104.383
103.405
104.198
104.278
104.52
104.264
104.593
105.057
104.198
104.455
104.625
104.372
104.432
103.581
103.773
104.784
105.344
104.968
103.333
104.705
103.962
104.547
104.048
104.673
103.467
104.855
104.459
104.44
103.868
104.19
103.596
104.813
103.448
104.695
104.21
103.211
103.105
102.861
105.535
103.455
103.789
103.568
104.727
104.161
104.397
103.527
103.7
104.743
103.406
103.371
104.937
104.445
104.18
104.067
103.07
104.948
104.233
104.46
104.697
103.35
103.908
104.476
104.253
104.936
103.823
102.43
104.028
104.074
104.475
103.446
103.443
104.385
103.968
103.75
103.629
103.456
103.442
103.285
104.087
104.367
104.155
103.226
103.776
105.27
103.543
103.189
103.281
103.944
103.545
103.539
104.49
103.449
103.337
103.436
103.534
103.235
104.878
102.96
104.491
104.176
104.523
103.895
105.022
103.975
104.245
103.127
103.355
104.448
104.277
104.946
104.684
103.416
103.504
104.245
104.571
103.118
103.473
102.313
102.905
103.422
105.352
104.68
105.442
104.217
104.904
104.412
104.267
103.09
103.365
104.113
105.477
104.828
104.425
103.515
103.637
104.687
105.381
104.216
103.116
105.915
104.017
105.061
103.02
104.224
104.774
104.778
103.403
103.43
105.177
104.199
104.926
103.097
105.57
105.493
103.269
104.154
105.46
104.722
103.659
103.151
103.373
104.329
105.622
105.175
103.41
104.645
105.595
105.205
104.374
105.252
105.225
104.981
103.649
105.72
104.76
103.208
102.581
103.638
104.916
105.179
103.257
104.851
105.091
103.482
105.494
105.316
105.322
104.573
104.286
103.15
103.725
103.561
104.478
103.301
104.518
103.866
104.769
103.042
103.11
104.878
104.455
103.032
104.254
104.884
103.18
103.461
104.804
104.953
103.305
104.609
104.163
105.127
105.19
105.256
104.668
105.503
103.457
105.164
104.283
104.936
102.944
102.972
104.194
