4.51822
4.51821
4.30364
4.43994
4.32587
4.54838
4.41458
4.21902
4.29769
4.07783
4.28782
4.21323
4.30553
4.51527
4.08426
4.22633
4.52479
4.52495
4.52381
3.8848
4.29804
4.20363
4.0899
4.52044
4.32088
4.31251
4.32693
3.88538
4.62882
4.52394
4.22065
4.52843
4.63033
4.52939
4.50751
4.52224
4.51332
4.20885
4.51765
4.52124
4.53159
4.51738
4.51552
4.39699
4.51499
4.07912
4.51462
4.63167
4.63692
4.52386
4.28102
4.40176
4.62384
4.09139
4.29857
4.10147
4.32528
4.30491
4.21966
4.61447
4.63558
4.51229
4.51739
4.54364
4.41073
4.62139
4.29217
4.28963
4.61137
4.51542
4.21924
4.57146
4.31137
3.88688
4.45153
4.30094
4.31764
4.51414
4.2903
4.34178
4.21329
4.71783
4.20368
4.21333
4.28688
4.21907
4.21323
4.28719
4.22381
4.51781
4.51831
4.2085
3.88625
4.09742
4.51419
4.09791
4.32336
4.20115
4.31083
4.21938
4.51158
4.20867
4.21592
4.30229
4.43403
4.32347
4.50033
4.09785
4.51527
4.07393
4.3188
4.63078
4.62188
4.73205
3.88123
4.51345
4.38859
4.51723
4.2113
4.30991
4.22143
4.53049
4.5063
4.10235
4.51251
4.52297
4.08299
4.199
4.3183
4.31687
4.61786
4.50178
4.30332
4.21288
4.21241
4.52363
4.40459
4.21269
4.31643
4.09838
4.39499
4.83196
4.41509
4.28724
4.21856
4.51868
4.55612
4.21249
4.40453
4.52108
4.51603
4.6111
4.63033
4.61116
4.33509
4.197
4.31991
4.73441
4.51772
3.98398
4.53788
4.62882
4.50515
4.32068
4.55668
4.51972
4.21556
4.55597
4.52097
4.51348
4.51101
4.51346
4.194
4.62078
4.19778
4.21755
4.18283
4.32806
4.09928
4.28875
4.29733
4.62838
4.5069
4.19857
4.31382
3.99081
4.09722
4.51773
4.55112
4.21053
4.21609
4.62715
4.5091
4.62165
4.73613
4.52369
3.88251
4.21982
3.88938
4.28799
4.09623
4.20414
4.28579
4.62391
4.55462
4.28624
4.21522
4.10845
4.22332
4.5437
4.51304
4.11056
3.88812
4.21324
4.60904
4.11072
4.30307
3.88983
4.62033
4.2069
4.09505
4.09889
4.51161
4.5067
3.89161
4.2087
4.09412
4.62553
3.88437
3.88654
4.51523
4.28853
3.88583
4.09717
4.51013
4.62352
4.6091
4.19761
3.88582
3.89251
4.51715
4.10054
3.89277
3.89031
4.22626
3.89188
3.88767
4.09545
4.51505
3.87215
4.07527
4.6257
4.72898
4.51841
3.99211
3.88541
4.62754
4.10727
3.88938
4.51885
3.88622
3.88058
3.88151
4.09227
4.21149
4.50696
4.42597
4.43273
4.20839
4.51597
4.20443
4.39455
4.10585
4.61126
4.6204
4.10719
4.22527
4.6281
4.22202
3.99587
4.51846
4.51731
4.10384
3.98685
4.51499
4.21691
4.2121
3.88571
3.88747
3.88582
4.10374
3.8854
4.50612
3.88849
4.21047
3.98858
4.63139
4.62452
4.21738
