7.50906
7.5854
8.00667
7.83487
7.4218
8.26825
8.06837
7.39855
7.5745
8.14611
7.78051
7.99169
7.98688
7.48042
8.06837
8.13265
7.81174
7.81328
8.02746
8.05654
8.05818
7.80099
7.78051
8.06837
7.4218
8.18372
7.35621
7.91661
7.86788
8.15175
8.06837
7.81328
8.15091
7.94938
8.12305
7.85535
7.98278
7.862
7.57328
7.95406
8.05818
7.62996
8.11487
7.43365
7.55677
7.4218
7.38594
8.03472
7.50906
8.04927
8.24711
7.86658
7.80918
7.98688
7.95406
8.04787
7.78051
7.80099
7.98278
7.95406
7.76959
7.48042
7.84025
7.99371
8.03472
8.07436
7.80099
7.4218
7.43271
7.5854
7.56299
7.84826
7.79496
7.94106
7.69866
7.99381
7.95835
7.78051
7.7716
7.83933
8.17071
7.98688
7.98278
7.38858
7.9339
7.58739
7.94106
7.96445
7.98688
7.7716
7.95553
7.7195
7.8961
7.96855
7.75326
7.70108
7.95963
7.91443
7.97797
7.93574
7.96855
7.94997
7.96855
7.76218
7.74171
7.56572
7.94242
7.95406
7.7716
7.89529
7.97797
8.0164
7.79496
8.00273
7.82829
7.84826
7.49951
7.86574
7.92126
7.7716
8.03472
7.81328
7.93575
7.94805
7.95963
7.7716
7.57649
7.82493
7.92126
7.7716
7.41289
7.85309
7.76003
7.75326
7.98688
7.95963
7.93799
7.42756
7.81406
7.91524
7.5854
7.56933
7.94515
7.44633
7.75326
7.96855
7.84368
7.88488
7.76218
7.70758
7.80309
7.96855
7.98278
7.7259
7.3767
7.69866
7.94723
7.74171
7.76444
7.74171
8.17169
7.7259
7.86658
7.93574
7.70349
7.95406
7.64441
7.94723
7.96445
7.55318
7.90076
7.78051
7.93574
8.05818
7.96439
8.02323
7.96315
7.76003
7.67266
8.00273
7.95553
7.83704
7.57389
7.98278
7.80099
7.7259
7.98688
7.97259
7.7716
8.02128
7.93574
7.90519
7.86848
7.98688
7.79481
7.78266
7.77368
7.56431
7.84957
7.73315
7.8564
7.72181
7.95406
7.56906
7.75326
7.40735
7.77618
7.42756
7.88718
7.96445
8.04155
7.78509
7.78051
7.96855
7.84826
7.4621
7.93165
7.74171
7.70743
8.03472
7.77032
7.74171
7.7259
7.92126
7.84819
7.80309
7.95406
7.92126
7.77374
7.74171
7.64441
7.88244
7.78051
7.81406
7.94723
7.96445
7.49073
7.78051
7.91443
7.71362
7.84819
7.70758
7.87257
8.0164
7.7259
7.51453
7.79496
7.80133
7.86764
7.57482
7.86106
7.92891
7.69902
7.76003
7.91443
7.7908
7.63312
8.02323
7.98688
7.61743
7.56707
7.91443
7.85897
7.94515
7.86658
7.95406
7.88232
7.45938
7.89308
7.77368
7.93799
7.95406
7.84826
7.95406
7.79208
7.42393
8.00875
7.78051
7.80133
7.76003
7.99595
7.87257
7.94997
7.95406
7.76218
7.48996
7.76218
7.76003
8.01094
7.92126
7.81328
7.50402
7.92682
7.76444
7.81328
7.81328
7.99268
7.84826
7.98278
