8.77292
8.78656
8.88721
8.84902
8.87181
8.74216
8.76155
8.76693
8.81517
8.855
8.87518
8.78646
8.79449
8.76693
8.86997
8.70437
8.8388
8.86007
8.76687
8.76101
8.6976
8.86587
8.82109
8.69546
8.73779
8.89028
8.76615
8.90895
8.87447
8.75768
8.85324
8.80592
8.76839
8.86093
8.78143
8.91682
8.75895
8.79598
8.64302
8.86267
8.78714
8.76192
8.76645
8.92608
8.8084
8.71363
8.85663
8.82688
8.79322
8.75721
8.82031
8.82575
8.66491
8.82483
8.85324
8.71114
8.76615
8.879
8.88811
8.83977
8.79999
8.76687
8.75853
8.9004
8.73393
8.75176
8.85302
8.81155
8.76693
8.77232
8.76615
8.86385
8.80809
8.82031
8.76778
8.82369
8.74182
8.81517
8.8278
8.83675
8.87088
8.81425
8.78287
8.71284
8.81571
8.92185
8.76778
8.81137
8.78143
8.86255
8.78964
8.71971
8.87609
8.77208
8.92195
8.88721
8.89746
8.77159
8.86624
8.7647
8.82339
8.65785
8.78964
8.82312
8.86401
8.76645
8.85947
8.87078
8.8787
8.91085
8.86521
8.86255
8.89849
8.83418
8.87541
8.80665
8.8677
8.71616
8.71877
8.78451
8.83538
8.85302
8.78964
8.8917
8.86504
8.88605
8.77746
8.82031
8.76778
8.8194
8.82339
8.76615
8.78964
8.83395
8.75326
8.87985
8.88865
8.83111
8.82031
8.78423
8.85663
8.85663
8.76445
8.88526
8.84888
8.83026
8.77979
8.83703
8.8124
8.71678
8.87595
8.76016
8.73158
8.8438
8.78964
8.90571
8.78964
8.87028
8.71363
8.8438
8.83957
8.87342
8.9318
8.89561
8.80592
8.86157
8.83612
8.87325
8.89119
8.83111
8.87181
8.89119
8.63741
8.89795
8.89119
8.89034
8.89119
8.82163
8.89403
8.87849
8.82245
8.9199
8.88703
8.89542
8.83111
8.83703
8.80592
8.93857
8.81836
8.86655
8.79887
8.78372
8.83559
8.88298
8.77703
8.88442
8.78964
8.77425
8.85832
8.87181
8.8319
8.78964
8.86255
8.78041
8.85827
8.89119
8.79734
8.83703
8.87765
8.80741
8.86147
8.83703
8.83111
8.85734
8.77466
8.71295
8.79168
8.92596
8.93857
8.86902
8.87356
8.7948
8.87265
8.8124
8.87928
8.89282
8.77858
8.77858
8.82442
8.83016
8.87163
8.88269
8.7737
8.7835
8.80592
8.75824
8.79717
8.83111
8.75853
8.89795
8.81776
8.8124
8.78964
8.83111
8.74999
8.83703
8.85487
8.76501
8.83119
8.72485
8.88442
8.87858
8.88442
8.79641
8.89119
8.89119
8.80995
8.83016
8.88534
8.88281
8.83782
8.78656
8.79049
8.8787
8.8438
8.93273
8.78115
8.8185
8.87229
8.86588
8.83179
8.87336
8.87755
8.91833
8.91816
8.82339
8.80905
8.82239
8.81622
8.87518
8.91242
8.76205
8.87928
8.82442
8.85116
8.80741
8.85978
8.87447
8.89119
8.86177
8.81726
8.7019
8.77111
8.88817
8.80648
8.81303
8.82853
8.8522
8.92101
