4654
4723
4880
4615
4658
4777
4815
4665
4714
4713
4834
4784
4765
4761
4766
4695
4656
4761
4759
4667
4774
4868
4627
4711
4802
4764
4806
4722
4630
4807
4819
4838
4756
4849
4767
4793
4812
4681
4716
4776
4676
4689
4703
4749
4794
4791
4746
4862
4878
4790
4804
4891
4790
4759
4791
4885
4792
4780
4691
4777
4770
4809
4816
4849
4867
4896
4761
4782
4807
4741
4799
4811
4816
4795
4719
4923
4915
4822
4931
4805
4684
4846
4792
4617
4910
4766
4667
4747
4885
4720
4844
4807
4784
4825
4753
4746
4871
4707
4738
4774
4826
4671
4705
4810
4739
4655
4860
4833
4680
4868
4761
4765
4740
4850
4686
4821
4821
4720
4842
4805
4699
4754
4748
4681
4888
4635
4757
4712
4803
4731
4730
4779
4822
4795
4689
4743
4750
4829
4661
4684
4738
4754
4864
4722
4760
4826
4855
4687
4783
4769
4811
4826
4774
4776
4694
4738
4644
4641
4677
4591
4784
4730
4896
4724
4747
4644
4743
4763
4830
4605
4792
4724
4596
4678
4677
4652
4800
4748
4651
4591
4797
4783
4780
4623
4653
4643
4640
4829
4790
4634
4721
4715
4700
4751
4626
4718
4593
4671
4711
4652
4692
4536
4675
4557
4644
4618
4669
4617
4536
4710
4715
4606
4634
4727
4616
4573
4687
4533
4639
4608
4622
4643
4513
4685
4604
4614
4548
4682
4617
4565
4576
4646
4631
4642
4583
4716
4552
4596
4596
4638
4583
4483
4627
4577
4559
4587
4403
4548
4599
4506
4595
4516
4613
4625
4404
4543
4498
4503
4458
4493
4578
4515
4446
4582
4583
4539
4608
4548
4572
4629
4691
4623
4466
4523
4594
4534
4438
4533
4571
4679
4522
4536
4473
4563
4537
4577
4512
4611
4590
4609
4684
4641
4606
4480
4526
4589
4529
4550
4384
