8.83151
8.73481
8.85471
8.75198
8.85714
8.8455
8.83714
8.7677
8.8504
8.75107
8.85283
8.74204
8.83621
8.77697
8.75787
8.84747
8.7649
8.74767
8.8455
8.798
8.76166
8.84781
8.75382
8.85178
8.94934
8.74365
8.74088
8.82765
8.74777
8.74034
8.83397
8.75343
8.7346
8.75938
8.73776
8.72313
8.72261
8.75079
8.8531
8.74123
8.85194
8.73608
8.74696
9.20026
8.74559
8.75783
8.76921
8.83671
8.74833
8.7676
8.76921
8.7595
8.78493
8.7787
8.80911
8.74881
8.80285
8.77972
8.74281
8.74851
8.74881
8.73614
8.74881
8.89456
8.76199
8.74038
9.08607
8.75595
8.79383
8.79272
8.75501
8.79175
8.75391
8.74154
8.85051
8.79272
8.80123
8.71592
8.75713
8.83941
8.80814
9.1995
8.77708
8.90121
8.74778
8.81889
8.78904
8.80285
8.74381
8.79962
8.82729
8.81091
8.75738
8.78771
8.74326
8.76268
8.74744
8.75359
8.7477
8.80929
8.73755
8.8015
8.74881
8.84604
8.81064
8.75669
8.78582
8.78958
8.76131
8.74778
8.80863
8.79175
8.76511
8.76598
8.81553
8.72734
8.7412
8.72435
8.79476
8.74281
8.75748
8.79029
8.79175
8.78189
8.7385
8.74726
8.76598
8.743
8.74881
8.73678
8.71461
9.18245
8.76249
8.769
8.80432
8.7381
8.80652
8.77264
8.79761
8.78496
8.75325
8.73618
8.79476
8.74228
8.78744
8.74097
8.75343
8.7455
8.78857
8.78711
8.82023
8.80312
8.80432
8.78744
8.74659
8.7594
8.75343
8.90386
8.79044
8.81268
8.79637
8.78765
8.72153
8.73807
8.79962
8.78744
8.78268
8.79973
8.73666
8.73303
8.782
8.69566
8.78339
8.71629
8.7938
8.70887
8.78916
8.69254
8.87299
8.70787
8.77703
8.78883
8.72651
8.78249
8.80847
8.70871
8.71241
8.78189
8.7867
8.7125
8.79044
8.7209
8.74265
8.49934
8.75815
8.76388
8.70871
8.81697
8.78323
8.78354
8.79768
8.72153
8.79283
8.70734
8.76375
8.75709
9.087
8.78744
8.79044
8.77752
8.81276
8.74292
8.7467
8.70092
8.69792
9.0796
8.69276
8.69368
8.7541
8.70335
8.77536
8.7391
8.74013
8.71512
8.70871
8.70871
8.77418
8.71032
8.80216
8.78192
8.69953
8.76854
8.73889
8.71295
8.79005
8.71611
8.7919
8.70906
8.78388
8.71923
8.72185
8.70621
8.79934
8.69078
8.71108
8.711
8.70755
8.7864
8.80416
8.78354
8.75664
8.79337
8.69475
8.78679
8.72889
8.70979
8.77891
8.79013
8.68144
8.77795
8.78608
8.69346
8.69821
8.70871
8.71538
8.6807
8.71527
8.68687
8.79008
8.70776
8.77837
8.7751
8.78658
8.7428
8.77429
8.79531
8.76693
8.71202
8.70131
8.71368
8.69277
8.71184
8.79725
8.7003
8.70122
8.80832
8.68367
8.68367
8.71538
8.7199
8.71942
8.71295
8.70382
8.70613
8.69427
8.69021
8.68953
8.70271
8.72999
