3.97381
4.15104
4.15104
4.20618
4.20618
4.20618
4.20618
4.20841
4.20841
4.20841
4.224
4.224
4.23336
4.23336
4.26821
4.27319
4.27319
4.27319
4.27675
4.27675
4.27675
4.27675
4.27675
4.27675
4.27675
4.27675
4.27675
4.27675
4.27675
4.27675
4.27675
4.27675
4.27675
4.27675
4.27675
4.27675
4.27675
4.27675
4.27675
4.27675
4.27675
4.27675
4.27675
4.27675
4.27675
4.27675
4.27675
4.27675
4.27675
4.27675
4.27675
4.27675
4.27675
4.27675
4.27675
4.27675
4.27675
4.27675
4.27675
4.27675
4.27675
4.27675
4.27675
4.27675
4.27675
4.27675
4.27675
4.27675
4.27675
4.27675
4.27675
4.27675
4.27675
4.27675
4.27675
4.27675
4.27675
4.27675
4.27675
4.27675
4.27675
4.3017
4.3017
4.3017
4.3017
4.3017
4.3017
4.3017
4.3017
4.3017
4.3017
4.3017
4.3017
4.3017
4.3017
4.3017
4.3017
4.3017
4.3017
4.3017
4.3017
4.3017
4.3017
4.3017
4.3017
4.3017
4.37698
4.37698
4.37698
4.37698
4.37698
4.37698
4.37698
4.37698
4.37698
4.37698
4.37698
4.37698
4.37698
4.37698
4.37698
4.38052
4.38052
4.38052
4.38052
4.38052
4.38052
4.38052
4.38052
4.38052
4.38052
4.38052
4.38052
4.38052
4.38052
4.38052
4.38052
4.38052
4.38052
4.38052
4.38052
4.38052
4.38052
4.38052
4.38717
4.38717
4.38717
4.38717
4.38717
4.38717
4.38717
4.38717
4.38717
4.38717
4.38717
4.38717
4.38717
4.38717
4.38717
4.38717
4.38717
4.38717
4.38717
4.38717
4.38717
4.38717
4.38717
4.38717
4.38717
4.38717
4.38717
4.38717
4.38717
4.38717
4.38717
4.38717
4.38717
4.38717
4.38717
4.38717
4.38717
4.38717
4.38717
4.38717
4.38717
4.38717
4.38717
4.38717
4.38717
4.38717
4.38717
4.38717
4.40223
4.40223
4.40223
4.40223
4.40223
4.40223
4.40223
4.40898
4.40898
4.40898
4.40898
4.40898
4.40898
4.40898
4.40898
4.40898
4.40898
4.40898
4.40898
4.40898
4.40898
4.40898
4.40898
4.40898
4.40898
4.40898
4.40898
4.40898
4.40898
4.40898
4.40898
4.40898
4.40898
4.40898
4.40898
4.40898
4.40898
4.40898
4.40898
4.40898
4.40898
4.40898
4.40898
4.40898
4.48395
4.48395
4.48395
4.48395
4.48395
4.48395
4.48395
4.48395
4.48395
4.48395
4.48395
4.48395
4.48395
4.48395
4.48395
4.48395
4.48395
4.48395
4.48395
4.48395
4.48395
4.48395
4.48395
4.48395
4.48395
4.48395
4.48395
4.48395
4.48395
4.48395
4.48395
4.48395
4.48395
4.48395
4.48395
4.48395
4.48395
4.48395
4.48395
4.48395
4.48395
4.48395
4.48395
4.48395
4.48395
4.48395
4.48395
4.48395
4.48395
4.48395
4.48395
4.48395
4.48395
4.48395
4.48395
4.48395
4.48395
4.48395
4.48395
4.48395
4.48395
