2027
2046
2193
2004
2054
2157
2110
2047
1799
1960
1950
2072
1936
1901
2205
2007
2100
1570
2119
1858
1944
1786
1695
1888
1969
1452
1705
1772
1949
1501
1509
1808
2073
1737
1689
1909
1569
1645
1606
1795
1671
1802
1826
1881
1903
1780
1377
1924
1586
1776
1961
1848
1740
1420
1840
1629
1924
1866
1844
1846
1701
1473
1490
1850
1853
1996
1825
1861
1914
1984
1810
2020
1959
1923
1990
2197
2224
2333
2312
2178
2254
2296
2146
2225
2351
2275
2301
2319
2320
1964
2332
2360
2457
2313
2323
2240
2420
2430
2464
2460
2262
2484
2412
2725
2507
2542
2523
2447
2359
2311
2626
2466
2566
2434
2415
2514
2481
2445
2278
2560
2429
2438
2458
2664
2448
2499
2460
2441
2474
2557
2566
2613
2453
2484
2543
2467
2460
2336
2335
2540
2400
2623
2476
2407
2520
2426
2618
2466
2598
2429
2563
2483
2483
2556
2359
2441
2517
2625
2557
2418
2423
2571
2397
2714
2459
2488
2506
2509
2638
2473
2582
2432
2504
2611
2481
2573
2705
2562
2533
2541
2576
2659
2683
2570
2690
2485
2599
2569
2428
2484
2624
2629
2591
2761
2681
2651
2473
2652
2623
2721
2551
2573
2733
2468
2699
2560
2843
2609
2625
2754
2840
2761
2697
2691
2699
2682
2639
2810
2797
2640
2654
2807
2742
2702
2791
2716
2776
2745
2799
2761
2812
2758
2856
2700
2904
2837
2846
2852
2866
2882
2828
2821
2856
2879
2938
2877
2736
2822
2926
2661
2792
2861
2820
2852
2853
2709
2910
2912
2890
2922
2872
2681
2913
3025
2785
2812
2830
2745
2800
2923
2943
2863
2970
2708
2872
2833
2955
2655
2816
2734
2670
2816
2829
2815
2855
2788
2886
2676
2904
2878
2741
2644
2873
2624
2830
2758
2890
