110.037
113.696
112.933
113.599
114.174
111.991
113.025
114.135
111.583
112.63
112.064
109.42
114.852
114.071
102.905
109.918
110.054
109.783
111.799
113.287
109.934
102.524
112.996
113.257
113.867
113.204
107.988
114.107
112.381
112.003
111.531
111.304
110.75
110.258
105.086
109.73
112.631
111.764
106.382
113.455
113.92
109.68
103.612
115.39
103.815
109.022
113.703
112.841
106.582
106.252
105.717
113.239
112.363
111.738
113.21
112.175
108.065
112.54
113.469
109.002
112.86
114.243
106.266
116.038
109.948
114.181
101.97
105.214
114.058
107.723
110.104
110.041
113.357
109.431
110.235
112.15
113.63
111.241
116.494
112.877
112.684
109.925
113.161
108.366
111.442
106.454
105.069
111.921
112.573
103.619
113.559
112.677
106.055
107.884
109.493
112.726
113.25
113.334
113.298
101.764
113.313
107.907
109.897
108.889
113.447
108.005
112.206
114.253
112.425
113.957
112.361
104.577
111.825
106.859
114.395
113.459
105.427
113.357
112.037
113.669
113.488
113.136
108.629
103.827
113.591
112.596
114.355
103.597
112.066
113.575
114.421
112.644
114.021
113.39
112.443
102.414
112.028
111.85
113.227
113.281
113.017
113.29
108.765
112.93
112.939
112.517
112.907
105.404
113.562
112.337
113.622
113.387
112.461
113.051
112.513
114.07
113.296
106.589
113.281
112.511
112.74
112.431
113.414
113.231
111.713
112.736
114.097
111.146
113.33
111.088
112.502
112.398
113.489
111.496
111.966
113.079
113.66
113.346
114.012
107.025
112.934
112.589
112.312
112.439
111.587
108.223
109.312
112.457
103.001
112.581
113.399
104.209
104.636
113.556
111.438
102.85
105.71
111.238
103.154
111.675
112.755
99.3785
111.508
110.685
99.9115
101.983
101.554
106.658
116.609
104.215
108.232
107.265
101.776
111.703
111.43
106.815
112.648
113.011
99.432
103.28
108.691
113.626
101.226
112.401
112.016
100.997
100.676
111.843
99.929
110.215
110.074
110.41
109.269
107.155
112.624
116.809
104.209
111.362
113.17
112.31
117.238
102.177
112.104
109.633
114.623
114.021
112.524
107.109
112.596
111.732
112.46
111.942
102.04
112.152
112.051
111.997
112.644
112.175
101.922
112.227
112.73
112.234
113.405
113.117
113.058
111.997
113.719
112.809
113.043
109.806
112.525
113.313
113.496
112.956
112.911
112.984
112.141
113.164
112.583
113.613
112.854
112.245
113.79
112.871
106.912
113.089
112.623
112.08
112.851
114.035
112.784
103.521
113.193
112.813
113.581
112.934
113.952
112.439
113.593
