3.9301
1.45235
1.58517
1.45976
1.35481
1.68772
1.3427
1.00639
1.46298
1.68666
1.35291
4.02281
0.99982
1.22411
5.75762
3.82745
3.94241
3.72117
1.35019
1.57472
3.8003
5.88778
1.56403
1.57538
1.22228
1.68414
4.39221
1.11524
1.68507
1.78672
1.4576
1.5871
3.71859
1.67971
4.87956
3.93106
1.80161
1.45467
4.61512
1.57634
1.23131
3.83964
4.37038
0.888105
4.83741
3.9451
1.00264
1.57209
4.88527
4.88657
4.78176
1.34633
1.56259
1.3417
1.68528
1.69404
4.19138
1.57926
1.23542
4.03853
1.57078
1.34983
4.88149
0.778709
3.83205
1.33191
4.82244
4.88479
1.00263
4.13083
3.81507
3.93075
1.68332
4.03022
3.92224
1.45258
1.35046
3.14646
0.244224
1.68077
1.56861
3.93075
1.57644
3.93982
1.56874
4.88476
4.8694
1.57803
1.68817
4.8575
1.5636
1.80265
4.88571
4.19323
4.14945
1.57735
1.68209
1.57319
1.68435
4.99376
1.45202
3.8855
3.81033
3.83581
1.5689
4.16046
1.3424
1.36059
1.68794
1.22704
1.56895
4.77424
1.34301
4.26208
1.34323
1.56576
4.92276
1.57269
1.5757
1.56768
1.45337
1.46334
4.21236
4.75922
1.34308
1.46774
1.22574
4.76705
1.78599
1.57146
1.00586
1.68332
1.34747
1.67938
1.67752
4.82869
1.45507
1.45494
1.47047
1.68042
1.68796
1.56728
4.04072
1.57379
1.33697
1.57668
1.56622
4.12686
1.56471
1.34187
1.57673
1.56716
1.56601
1.56626
1.44826
1.34123
1.56969
4.88043
1.56792
1.69237
1.57149
1.45518
1.32745
1.45377
1.56466
1.33105
1.11468
1.57003
1.56825
2.90481
1.56397
1.34223
1.5682
1.566
2.23532
1.56581
1.45804
1.5674
1.33294
4.7686
2.5598
1.44364
1.56132
1.33573
1.56439
4.16434
4.12864
1.56625
6.01274
1.3361
1.56577
4.77077
4.8194
1.44333
1.56557
6.00061
4.38925
1.56728
5.16806
2.33718
1.89817
6.13114
1.56581
1.7896
6.24695
5.53835
5.75685
4.17256
0.228209
5.22975
4.04996
4.15813
6.00435
1.56646
1.69234
4.1624
1.69578
1.55919
6.24671
6.00518
3.94657
1.56605
4.98445
1.33222
1.69017
6.22468
6.00874
1.68026
6.13106
3.84413
3.5155
3.03621
2.14059
3.95148
1.45161
0.451217
5.21754
1.56789
1.68182
1.67514
0.338176
5.81194
1.5618
3.9257
1.12189
1.2206
1.45158
3.91042
1.57746
1.56492
1.69437
1.45134
5.77229
1.34689
1.45394
1.6816
1.67825
1.56418
4.96271
1.67605
1.56629
1.56891
1.45017
1.68073
1.6717
1.45305
1.33652
1.45658
1.69552
2.14491
1.57028
1.57802
1.45394
1.45302
1.45496
1.68116
1.45158
1.45114
1.55774
1.45233
1.45257
1.69234
1.45179
1.55706
4.71807
1.68037
1.68073
1.8058
1.44746
1.00714
1.46737
4.86646
1.45394
1.55789
1.56397
1.56557
1.24578
1.671
1.45323
