7.1017
8.73436
8.89128
8.76447
8.63644
8.62749
8.61869
8.57699
8.54748
8.52674
8.73712
7.17743
8.8701
8.83396
7.28029
7.28336
7.05995
7.49048
8.60875
8.6164
7.31643
7.20592
8.53066
8.65045
8.92547
8.66019
7.2399
8.90772
8.99585
9.04356
8.85064
9.19609
7.09493
8.5667
7.00597
7.22409
8.76815
8.74537
7.26888
8.68703
8.86531
7.05823
7.46858
8.65354
8.64883
7.46772
8.85396
8.67113
7.09743
7.22851
7.07884
9.00721
8.55571
8.63017
8.6509
8.66751
7.20209
8.52759
8.81301
7.33402
8.91874
8.53584
7.12102
7.99506
7.23242
8.65599
9.03296
7.1389
8.69577
7.24835
6.94571
7.08273
8.59454
7.17866
7.04976
8.98489
8.86266
7.65339
8.66231
8.80119
8.61549
7.12994
8.54678
7.55815
9.03031
7.16436
7.05701
8.56853
8.56358
8.75142
8.63852
8.74059
7.36038
6.98034
7.0282
8.96943
8.62903
8.72961
8.62198
8.80263
8.88029
7.55216
7.32043
7.2152
8.68121
7.09142
8.67719
8.59094
8.96351
8.83395
8.62255
7.08737
8.85748
7.28438
8.56279
8.67504
7.17447
8.74328
8.77914
8.61968
8.56046
8.70506
7.27826
8.83282
8.64023
8.64408
8.73799
8.82524
8.77781
8.66341
8.67774
8.91633
8.71633
8.59552
8.62685
8.73509
8.64877
8.75355
8.90166
8.63087
8.76126
8.78505
7.48075
8.89358
8.78019
8.82705
8.91285
8.6658
8.67446
8.66208
8.61732
8.72741
8.74407
8.62396
8.75507
8.74826
8.77752
7.14044
8.78906
8.73796
8.7452
8.61953
9.10021
8.68347
8.65846
8.78224
8.57517
8.93479
8.75781
8.07354
8.71557
8.6635
8.69916
8.78613
8.11272
8.62186
8.76792
8.76128
8.73771
7.15577
7.26188
8.66882
8.69423
8.87267
8.72469
7.53224
7.11413
8.75355
6.71069
8.87433
8.76403
7.30939
6.98551
8.8121
8.78112
6.85768
7.24166
8.85715
7.07763
8.14542
7.87425
7.05408
8.76403
8.84178
6.59694
6.91464
6.64652
7.18243
8.20739
6.8479
7.0777
7.29794
6.69291
8.66943
8.65431
7.12378
8.92964
8.14647
6.74556
6.66326
7.17006
8.65358
8.78628
8.64153
8.65369
6.86526
6.48469
8.99635
6.6967
7.17166
7.41868
7.28821
8.87074
7.30799
8.68862
7.92764
7.0623
8.82837
8.72056
8.80756
8.10003
6.66018
8.7784
7.2819
8.83814
8.61995
8.73187
7.20745
8.78711
8.66695
8.73473
8.68914
7.08858
8.75698
8.6651
8.67041
8.90878
9.01841
8.78672
8.69916
9.04301
8.96426
8.86921
8.72601
8.73009
8.67962
8.7184
8.58224
8.75288
8.7376
8.84698
8.75154
8.81379
8.77901
8.68124
8.77096
8.88092
8.70287
8.70319
8.7682
8.70264
8.79793
8.71639
8.72669
7.24484
8.73241
8.66177
8.72764
8.70468
8.73984
8.71813
8.87585
8.67049
8.73273
8.64969
8.64929
8.62336
8.76485
8.78376
