3374
3345
3412
3401
3469
3663
2983
3203
3260
3325
3241
2967
3308
3620
3197
3224
3333
2988
3184
3293
3355
3221
3147
3444
3323
3078
3722
3240
3432
3350
3548
3383
3026
3320
3238
3621
3209
3239
2969
3431
3338
3245
3228
3461
3327
3258
3265
3224
3266
3262
3223
3292
2996
3097
3752
3369
3301
3468
3352
3104
3247
3345
3366
3177
3298
3304
3109
3389
3340
3222
3054
3232
3206
3136
3284
3351
3321
3415
3432
3348
3361
3333
3240
3279
3394
3304
3113
3402
3067
3511
3159
3490
3361
3381
3287
3499
3473
3333
3437
3501
3184
3333
3319
3129
3533
3410
3538
3334
3562
3457
3384
3495
3442
3361
3646
3534
3442
3638
3627
3464
3331
3676
3435
3762
3638
3612
3319
4087
3594
3681
3734
3641
3632
3626
3511
3473
3503
3552
4023
3632
3769
3673
3631
3602
3489
3625
3619
3547
3684
3577
3611
3561
3634
3460
3619
3329
3483
3803
3438
3547
3553
3575
3476
3587
3492
3253
3443
3382
3339
3514
3543
3391
3540
4067
3454
3460
3430
3515
3011
3337
3449
3480
3339
3313
3365
3324
3182
3432
3573
3286
3356
3340
3182
3833
3089
3333
3213
3256
3196
3337
3207
3375
3280
3446
3133
3080
3213
4009
3545
3167
3072
3624
4314
2949
4440
3617
3293
3224
2986
3044
3167
3385
3342
3414
3305
3228
3054
3495
3093
3204
3700
3252
3509
3235
3185
3238
3227
3494
3394
3431
3544
3242
3392
3259
3476
3376
3946
3310
3243
3313
3322
2956
3313
3033
3568
3409
3563
3553
3724
3647
3554
3552
3684
3460
3597
3448
3566
3453
3711
3561
3431
3576
3588
3633
3412
3443
3561
3414
4109
3702
3541
3687
3631
3770
3680
3625
3541
3538
3615
3328
3627
3584
3573
3530
3615
3510
3718
3556
3509
