9.11008
9.119
9.10896
9.11764
9.10821
8.65591
8.66847
8.69233
8.22557
8.79592
8.43571
9.08356
9.21635
9.11664
9.09382
9.10584
9.09674
9.10962
8.23635
8.99176
9.10708
9.08904
8.80479
9.01085
9.1203
9.10913
9.0935
9.08725
9.09391
9.09548
8.44126
8.75937
9.09473
8.00323
8.65653
9.11274
9.1125
8.43756
8.88897
9.11445
9.09574
8.88847
7.98741
9.1025
9.09104
9.09426
8.77694
8.87662
9.11213
9.10086
8.76575
9.08176
8.60253
8.22355
9.1045
8.75934
8.88955
8.65758
8.88827
9.08968
9.09092
9.03745
9.03688
8.59071
9.08186
9.10544
8.65269
8.76773
8.76685
8.76382
8.89961
9.09815
9.10642
9.09498
9.11977
8.76781
9.10547
9.09621
8.87979
9.1081
8.77073
9.09975
8.88897
8.95848
8.66207
9.11657
8.66958
8.47455
8.80818
9.09794
9.09711
9.10689
9.12223
8.69807
9.12508
9.09076
9.09674
9.10476
9.11004
8.65999
9.10574
8.76598
9.10937
8.77347
9.09923
8.77002
8.42655
9.10147
9.08608
9.0774
8.66331
8.46042
8.43756
8.67714
9.11008
9.09493
8.88227
9.12406
8.68294
9.124
8.89336
8.9023
9.11938
9.10719
8.88934
8.66282
9.13675
9.03611
8.9026
9.13229
8.88646
9.12248
9.11667
9.11517
8.80396
8.67438
8.45373
8.47506
9.11074
9.10772
9.13183
9.13062
9.12382
9.09822
8.76891
8.8955
9.09849
8.9022
9.13064
8.46003
9.11429
9.1158
8.79575
8.9058
8.70575
9.15667
9.12859
9.13464
9.13152
8.93504
8.90231
8.57163
9.20861
8.90855
8.4604
8.69137
8.78544
8.48196
9.12259
9.13152
8.78507
8.48333
9.12909
8.48645
8.7796
8.9135
9.14103
9.13054
9.11789
9.15085
8.70514
8.6566
8.6971
8.66391
8.46851
9.124
9.1146
8.80257
9.11156
8.71724
9.15043
8.47224
8.46803
9.12718
8.46167
9.1293
8.46294
8.45155
8.4761
8.81194
8.50365
8.46131
8.47322
8.46629
8.55237
8.47363
8.47448
8.47064
8.45139
8.69921
8.71284
8.69438
8.79492
8.46742
8.48611
8.46804
9.14756
8.4787
8.4879
9.15059
8.79788
9.13657
8.47225
8.45597
8.68855
8.89292
8.45379
8.89235
8.47558
9.12559
8.93754
8.45993
8.34264
8.46317
8.69376
8.46345
8.79392
8.47415
9.14624
8.90337
8.67754
8.68634
8.69241
9.12099
9.22315
8.90378
8.69385
8.34745
8.89137
8.4742
8.91628
8.45225
8.796
8.47708
8.47369
8.68659
9.11089
8.91582
8.67306
8.78558
9.14286
8.89774
9.12827
9.13064
9.10408
8.46563
8.99779
8.67514
9.14187
8.43849
8.90843
9.12084
9.11718
8.89009
8.79303
9.12137
8.67866
8.89825
8.79732
9.11852
8.78821
8.88917
9.13675
8.91927
9.1238
9.12565
8.9001
8.8865
8.78397
8.80242
8.79104
9.13512
8.88376
8.90419
9.11495
8.88481
8.90703
8.91018
9.12576
