100.064
95.2205
98.6501
97.5012
93.285
102.044
99.1253
99.0219
106.153
95.4412
97.1775
98.3815
97.1722
107.835
99.0828
101.049
99.9959
100.928
98.7332
99.3378
97.7857
98.391
107.094
105.256
100.86
106.549
99.3256
96.9526
96.8166
105.801
98.6914
104.474
102.762
104.765
104.372
98.0386
82.465
101.966
96.038
104.414
100.019
107.095
101.707
101.967
98.9278
105.461
99.9759
95.5208
96.2279
98.3089
95.9293
105.191
97.9816
102.658
106.519
99.5422
107.002
98.9481
98.9289
94.5375
107.563
99.141
102.341
104.742
106.316
102.937
100.275
98.8286
95.539
105.283
96.6484
94.4682
102.332
106.055
97.0014
93.6806
98.663
101.896
94.2333
106.552
95.5565
103.177
97.9848
101.369
96.9317
102.243
98.5689
99.5769
102.449
96.6698
97.452
95.7285
98.5729
94.4423
102.723
97.5059
99.9428
95.783
100.521
96.3346
93.2508
94.8048
98.3683
107.364
99.1237
99.6427
97.8415
95.5229
97.8458
98.888
102.254
99.8768
102.478
99.7078
96.6015
100.923
105.724
98.9267
97.8028
99.3977
96.0302
102.476
98.8072
97.9738
98.9209
98.288
95.4939
98.4811
101.327
96.6366
96.0053
98.7063
95.619
100.323
101.144
102.135
102.038
95.8192
97.5718
98.3037
104.108
104.925
95.8175
105.669
90
107.236
97.0163
99.9783
99.5302
100.313
98.3458
99.1897
97.1803
105.2
105.599
99.5954
103.902
107.479
105.711
104.264
97.1541
107.54
98.6812
100.077
100.935
104.501
95.2023
100.412
98.1544
97.7398
98.4408
100.519
97.7277
98.4608
96.9936
99.7039
100.14
98.9143
97.7885
99.3851
99.1129
94.5345
100.449
100.356
102.943
97.8446
100.56
99.4168
98.9521
100.751
99.8262
101.759
103.644
97.3652
100.028
93.3649
98.4508
97.0953
98.6989
101.581
99.7258
97.8704
100.292
97.222
100.246
98.1255
99.666
95.9858
99.5356
100.001
99.864
99.6521
96.1132
101.266
96.7848
95.688
101.796
101.277
95.4826
96.3522
100.633
104.477
96.1769
96.2912
95.0035
99.1891
99.8419
99.2452
100.526
98.9302
100.196
102.996
97.6708
96.7377
100.115
106.567
99.4772
101.817
101.375
96.5355
99.6341
101.6
99.5119
97.5484
97.8754
100.528
100.31
96.3207
99.7561
100.86
100.808
104.773
96.9435
98.5048
94.3458
97.4953
98.052
96.8322
99.2105
101.144
99.4071
100.537
96.3436
104.966
93.7539
97.6567
98.56
104.026
98.8405
98.1747
96.9718
98.5299
102.113
96.8485
98.3232
96.7287
100.202
102.327
97.2108
98.0854
99.4278
98.131
98.6943
99.4521
101.316
100.014
96.3688
96.6441
101.631
95.7572
99.0609
99.1602
97.1725
98.4776
101.56
101.857
100.184
98.0616
