4.05093
5.85605
3.78651
5.18764
5.83423
2.99362
3.51152
4.57395
1.42707
5.0741
4.29872
4.29696
4.73841
0.803959
3.68557
3.50788
3.4094
3.28608
3.78895
4.08904
4.30517
4.81085
0.811092
1.56106
2.9946
1.0665
4.04903
3.81317
4.79681
1.7336
4.3134
1.88867
2.34834
0.930441
1.85322
4.49018
3.66047
3.29114
5.58164
1.56547
3.52335
0.808696
2.27261
1.69462
4.04314
1.43921
3.77575
5.85123
5.04231
3.53482
5.44195
1.83939
3.91256
1.4561
1.18711
4.17422
0.899849
3.55237
3.77759
5.19523
1.33475
3.95704
3.14335
1.47032
1.56727
2.89044
3.41467
3.52901
5.31011
1.67815
4.63316
5.05982
3.13633
1.67963
4.81284
4.48122
4.36725
2.54426
5.14926
1.31838
5.89304
2.2908
4.94102
3.53122
4.52145
3.12761
3.77243
3.78001
1.75029
4.80522
3.64284
4.72436
3.92334
5.20539
2.86498
5.18225
2.60737
5.85403
3.15509
4.33714
4.96846
5.16632
4.3548
0.539285
4.04603
3.25356
4.29522
5.30409
4.45278
3.65973
2.88571
2.72213
1.56533
3.12769
5.01394
3.25661
0.793366
4.11738
4.542
3.66889
4.76154
1.73499
3.81446
4.36119
3.67742
4.18316
4.72958
4.48407
3.28584
4.86804
4.88469
3.77589
4.9373
3.27436
3.25253
2.28875
2.12621
4.97925
3.76595
4.18866
1.41653
2.14954
5.26911
1.17288
6.00157
0.78037
4.31923
3.76497
3.65189
3.68738
3.2563
3.80995
4.47604
1.15538
1.14524
3.13137
1.98254
0.780781
1.04605
1.97846
4.5103
1.066
3.91434
3.67782
3.51994
1.4575
4.7503
3.3923
4.07792
4.58283
4.19428
3.27214
4.71274
3.66821
4.8471
3.80168
3.2807
4.04395
4.84693
4.47625
4.04433
5.07266
3.65222
3.78421
2.60661
4.23231
3.51366
3.81751
4.07521
3.12581
3.67022
3.40407
2.34189
5.02655
3.66509
5.4206
4.07275
4.74186
4.07353
2.98324
4.04933
4.04567
3.51711
4.88715
3.51218
4.18335
3.64593
5.02097
3.80179
3.67647
3.12283
4.07655
4.74953
3.64878
4.35521
5.15049
3.01479
3.52178
5.41516
5.03687
4.0459
1.0601
4.57823
4.29902
5.17509
3.66255
3.66098
3.65264
3.65158
4.07699
3.52278
2.26649
4.30406
4.50787
3.78594
1.17775
3.53658
2.5953
2.99361
4.57214
3.77479
3.14589
3.80594
4.18646
4.35383
3.67723
3.65537
5.14324
3.91806
3.66834
2.86594
1.83888
4.62749
3.80985
5.54493
4.17684
4.4933
4.69589
3.52131
3.28447
4.04465
3.01531
4.06846
1.83213
4.74794
4.35834
4.43203
1.4262
3.7764
2.99874
4.17454
4.05386
2.99487
4.56082
4.43705
4.75792
3.6475
3.11786
4.7695
4.47124
3.94329
4.70861
3.9138
4.21115
3.52517
3.79664
4.88459
4.17746
2.99901
5.11489
3.38691
4.05648
4.57488
4.43651
3.12793
3.51915
3.6599
4.44524
