10.5795
10.0114
10.8592
9.6036
9.67301
10.4539
11.1154
9.86503
10.4334
10.5344
11.009
9.88799
10.7277
10.374
11.0166
10.6744
11.0524
10.8083
10.4005
10.6
10.9698
9.80663
10.421
10.3512
10.9665
10.3825
10.9275
10.9002
10.0547
10.5734
10.685
10.5136
10.4602
11.2288
10.4951
10.9517
11.5633
10.4185
8.97176
10.502
11.0397
10.4293
11.2663
10.9883
10.498
10.5937
10.5824
9.42996
9.95928
10.4412
9.71705
10.3774
10.4206
10.3992
10.5237
10.616
10.3143
10.8998
10.5089
9.4395
10.7345
10.8531
10.4557
10.4738
10.5169
10.5316
10.7958
10.6331
10.4505
10.1631
10.5196
9.76593
10.4452
10.0629
9.92048
10.3315
10.8901
10.4698
10.5677
10.7385
9.36543
9.98553
9.76074
10.3664
10.1345
10.2677
10.5169
10.1588
10.5881
9.72912
10.4711
10.4832
10.4628
9.65417
10.4217
9.18891
11.013
9.19094
10.5666
10.6196
10.3378
10.625
10.5068
10.4697
10.6439
10.9525
10.3337
11.048
10.8325
10.5481
10.5101
10.1535
10.7848
10.8005
10.6417
10.8139
11.1241
10.5853
10.123
11.0392
10.3846
10.973
10.6574
11.0009
10.8259
10.45
10.9288
10.7828
10.9777
11.0707
10.9217
10.7871
9.61767
10.7638
10.6359
10.5738
11.0408
10.9018
10.6379
11.1391
10.8185
10.625
10.6038
10.9522
10.889
10.8562
10.7834
10.4212
10.9276
10.4
10.5629
10.8967
10.7382
10.8897
10.8221
10.9107
10.9994
10.5758
10.6955
10.5269
10.6973
10.5409
10.7091
10.9161
10.7074
11.0728
10.7575
11.0197
10.8963
10.9079
10.9732
10.5683
10.9136
11.0516
10.6471
10.6517
10.9012
10.8331
11.1925
10.9081
10.6171
10.175
10.9087
10.644
10.5396
10.8018
10.5391
10.9407
10.7142
10.7408
10.8945
10.562
10.5394
10.6768
10.9805
11.1191
10.9018
10.8307
10.9961
10.2813
10.9409
10.8928
10.8312
10.8275
10.8491
10.9817
11.1092
10.8822
10.7772
10.6931
10.6106
10.5984
10.8424
10.9224
11.0121
10.8951
10.8408
10.8708
11.0542
10.8318
10.495
10.8856
10.9684
10.8054
10.8951
10.9169
10.9236
10.8807
10.8961
10.9372
10.9265
10.903
10.7248
10.8933
10.9077
10.5451
10.9487
11.0486
11.0688
10.8778
10.8633
10.4496
10.7967
10.9288
10.8334
10.9002
11.0618
10.9099
10.8482
10.5002
11.0424
10.836
11.0741
10.9426
10.9295
11.0016
10.838
10.8867
10.9762
10.5376
10.4188
10.9408
11.0521
10.9295
10.9077
10.5496
10.822
11.0524
11.0179
10.5955
10.904
10.8817
10.4247
10.9927
10.4558
10.8717
10.5385
10.4802
11.0245
10.5798
10.6345
11.0806
10.7703
11.0531
10.4531
10.6845
10.8726
10.9021
10.5996
11.0073
11.1735
10.5981
10.8791
10.8355
10.5967
10.9357
11.13
10.5625
