3806
3741
6465
3778
3550
3693
3618
3505
3544
3612
3813
3501
3776
3464
3582
3830
3707
3678
3690
3697
3693
3727
3577
3631
3677
3594
3812
3739
3544
3749
3692
3561
3663
3633
3771
3836
3464
3714
3346
3595
3474
3627
3672
3539
5817
3614
3546
3615
3439
3218
3478
3522
3477
3470
3529
3555
3284
3285
3372
3320
3689
3724
3379
3438
3441
3556
3436
3280
3325
3458
3492
3493
3344
3450
3355
3555
3469
3522
3608
3304
3535
3461
3655
3795
3555
3489
3556
3473
3358
3506
3519
3414
3589
3494
3574
3596
3475
3405
3536
3524
3574
3639
3615
3546
3514
3651
3518
3734
3805
3538
3679
3485
3598
3821
3766
3686
3531
3853
3498
3696
3662
3835
3747
3887
3895
3830
3642
3996
3799
3784
3751
3873
3578
3559
3805
3667
3686
3786
3779
3955
3549
3710
3891
3627
3873
3627
3596
3534
3917
3796
3815
3548
3803
3703
6488
3748
3816
3891
3686
3585
3880
3924
3836
3969
3887
3993
3844
4075
3946
3813
3719
3827
3843
3885
3915
3826
3884
3876
3950
4154
4169
3854
4112
4001
3825
4037
3991
3998
3795
3933
3980
3877
3592
4067
3987
7115
3905
3996
4031
3881
3881
3883
4084
3930
3928
4038
4043
3956
3703
3823
3602
4006
3672
4000
3825
3869
3899
3852
3943
4149
3945
3641
3824
3613
4003
3801
3750
3883
3734
3753
3789
3593
3834
3775
3969
3776
3858
3748
3980
3808
3795
3842
3822
6631
3861
3868
3644
3964
3820
3662
3827
3963
3757
3834
3818
3746
3844
3945
3668
3693
3764
3624
3616
3947
3492
3876
3889
3666
3865
3572
3655
3825
3731
4046
3804
3922
3774
3873
6919
3970
3791
3825
4031
3863
3725
3955
4014
3965
3908
7253
3941
3931
4003
3896
4124
4026
4019
4008
