7.80632
7.6855
7.09052
7.71672
6.94462
7.45444
7.08241
7.70662
7.47098
7.08097
7.07148
7.21071
7.43827
7.47934
7.20794
7.67682
7.30543
7.45956
6.98426
7.57502
7.30495
7.70394
7.22061
7.20749
7.20251
7.23656
7.63793
6.47161
7.20064
7.71798
7.58021
7.31652
7.0867
6.8493
7.23177
7.58353
0.601399
7.70714
7.47961
6.96391
7.42401
7.22377
6.94195
6.35274
7.34149
7.29962
7.49851
7.67413
7.21599
6.58454
7.46032
7.47468
6.83474
6.12719
7.42918
7.74329
7.20759
6.98483
7.07976
6.69348
8.12996
7.44972
7.71853
6.9823
7.72427
7.72896
7.32874
6.83205
7.33701
7.23224
7.08549
6.58611
7.70349
7.47169
7.24949
5.81042
7.6857
6.95531
6.71372
7.70132
7.71527
6.96666
7.6793
7.69993
6.98564
7.58359
6.94183
7.20804
6.42533
7.08065
6.38209
6.82762
7.07792
6.70541
7.57106
7.60366
6.46847
7.71567
7.08001
6.69496
6.14279
6.9525
7.44592
7.08686
7.4648
6.9753
7.14155
7.44061
7.43818
6.95877
7.45124
6.2578
6.3387
6.82307
7.47706
7.43039
7.05707
7.44273
7.31637
7.32303
6.95555
6.5908
7.11692
7.44307
7.0761
7.22768
6.83187
7.69978
7.68358
7.44422
7.18258
7.07964
6.82978
7.19542
7.44288
6.83596
6.83532
7.20135
6.5941
7.44016
6.85461
7.81377
7.42984
7.31709
6.46913
7.5163
6.97356
7.43189
7.32103
7.47227
6.35545
7.3357
7.18166
7.07282
7.18782
6.82037
7.42736
7.44127
7.06315
7.33102
7.19564
7.72909
7.18458
7.55782
7.65733
7.18532
6.70919
7.44222
7.20059
7.54787
7.45103
7.19699
7.67464
6.95611
7.45928
7.44463
7.18002
7.44234
7.9087
8.08207
7.45039
6.68657
7.67572
7.67447
7.45104
7.20877
7.44323
7.44657
7.45077
7.20464
7.44411
7.80138
7.45856
7.78671
7.54838
6.72813
7.31219
7.43813
7.43837
7.19715
7.79981
7.05722
7.45084
7.63125
7.43429
7.31916
7.43021
7.30306
7.42253
7.44802
6.8128
7.68157
7.07201
8.00018
6.97553
7.32083
7.54291
7.85722
7.53717
7.44851
7.98651
6.68128
6.95238
6.68153
7.08285
7.19456
7.45107
7.19483
7.70058
7.51427
7.45305
7.29899
7.19302
7.08173
7.67788
7.4516
7.19201
7.21837
7.44723
7.06454
7.46288
7.43582
7.42404
7.08287
7.35085
7.72885
7.67991
7.56017
7.64856
7.69701
7.08221
7.55403
7.32477
7.08252
7.20612
7.07179
7.55973
7.30461
7.08096
7.43591
7.49694
7.0855
6.52581
7.67531
6.17928
7.19482
7.68993
6.94828
7.20367
6.04286
6.84131
7.31804
7.4695
7.20129
7.49635
7.32322
7.44074
7.69842
7.55917
7.47722
7.47497
7.87487
7.20775
7.89147
7.7088
7.56999
7.31172
6.71728
7.36235
7.33443
6.95067
7.47439
7.31299
7.66661
7.46276
8.11112
7.65871
7.43732
