90
101.307
90
98.2575
90
96.8224
90
95.4832
101.222
96.5257
93.3078
94.3909
93.1015
90
103.56
90
94.0021
98.9195
102.028
90
96.4211
94.1986
105.556
96.9369
99.078
90
85.8784
90
97.0212
96.9411
103.594
90
96.0022
100.614
90
90
101.088
101.129
93.3032
90
100.584
90
90
97.318
97.0571
94.8139
90
99.982
90
87.1989
99.2544
90
97.0802
92.928
90
92.9542
93.534
98.3994
97.7237
97.0418
90
104.676
101.201
101.719
101.76
90
96.5205
94.2175
90
90
101.764
90
96.1118
99.487
94.5508
95.2207
103.072
100.871
90
99.5647
95.9994
98.4262
100.45
101.417
99.1619
101.588
99.4843
90
102.537
97.655
100.789
102.253
97.6905
99.8735
101.286
90
101.696
102.237
93.6032
98.042
99.8624
99.2723
102.881
98.2391
95.1243
100.446
101.512
99.9127
99.4192
102.073
96.8126
97.5968
90
105.025
100.172
102.349
103.249
97.6667
101.411
93.7616
103.443
105.484
96.0375
101.706
99.0585
97.4384
93.2778
94.8153
103.423
90
102.756
101.233
96.4294
102.582
104.982
101.072
98.5067
101.11
101.35
105.637
102.245
100.578
101.916
94.1336
98.6228
103.721
93.0451
100.353
102.527
102.553
103.108
102.857
105.488
100.452
106.375
102.901
100.757
97.1667
99.8356
95.5352
101.702
95.3875
103.863
99.5322
98.2952
104.351
97.1599
94.2833
90
103.032
102.89
93.8774
103.802
90
100.851
93.3079
102.631
102.254
101.606
104.353
95.171
100.85
92.7884
102.397
102.27
101.939
100.238
100.152
93.9859
104.097
105.899
102.046
90
101.83
93.7824
96.4436
97.0726
106.188
102.338
102.339
93.3314
101.66
90
99.3101
93.5323
90
90
99.343
99.8943
90
90
90
90
96.2875
105.598
90
98.8501
98.1179
101.543
100.158
90
90
103.635
94.9053
100.691
101.781
102.275
90
90
100.837
94.8605
100.751
98.618
99.3539
98.4099
99.4136
100.409
100.18
96.4988
104.249
97.2598
96.8912
90
100.321
99.0654
99.5698
90
100.241
105.499
101.63
98.7693
101.412
101.584
103.739
98.5301
90
85.4003
95.15
104.422
90
98.253
96.9497
98.5199
94.2605
99.5296
99.384
95.2366
96.4023
90
98.2768
97.6685
90
98.9969
100.09
96.64
90
90
98.0926
101.007
90
98.0877
90
84.1763
104.292
94.1932
83.538
98.1491
90
90
98.3745
93.6337
106.336
90
99.8884
98.1528
90
90
95.1698
82.7537
