5.31819
3.61212
4.97714
3.49425
5.5433
3.25248
5.19706
5.54801
3.8185
3.14028
4.17501
3.92549
4.59941
5.78237
1.11763
5.08763
6.1835
3.7292
3.23483
5.20634
3.71512
6.30594
2.04122
5.31407
4.41173
5.08884
6.92139
5.09654
5.30859
5.32398
2.48418
5.6641
5.43992
3.70999
5.54691
4.9719
2.10987
3.7293
4.8544
5.89611
1.66106
5.29729
6.54558
3.49719
3.59647
4.39609
5.88798
2.16463
5.3004
6.3094
3.48192
5.4228
3.60694
5.19225
5.18525
5.18431
4.97825
3.02351
3.94951
4.28906
5.53677
2.37331
3.7126
3.49775
3.49347
4.95731
3.70839
5.6571
6.53137
5.43302
1.80158
5.18636
3.9536
2.03884
5.6557
3.72324
2.91712
2.38487
6.28055
2.69379
3.61935
2.90925
2.92502
2.13712
2.81291
2.48813
3.84653
5.43891
2.38765
3.2686
2.246
2.25352
3.25076
2.91749
2.23481
4.72799
2.36265
2.11156
4.97279
2.33766
3.25335
3.1359
2.02331
3.26704
4.73923
2.35522
3.7119
2.80989
3.5052
2.35025
3.38585
3.26727
5.53127
2.25313
2.58137
2.80718
1.33091
2.26709
2.01881
5.81809
1.58288
2.1425
5.3063
2.46584
2.79998
5.30395
4.85185
5.82621
1.68126
5.19132
2.12723
2.47884
3.60587
1.79492
0.571197
2.24154
3.1587
2.13695
2.80832
2.13679
2.14238
2.45983
2.02399
5.19039
1.80295
2.46908
4.97112
2.25728
2.68748
1.35648
1.68616
2.13714
2.02485
2.14182
1.69589
1.67899
1.57796
2.9206
2.9268
4.16988
3.50457
5.30216
2.80695
4.17543
3.27553
2.5804
5.08343
3.6032
5.18631
1.91203
1.34331
4.85357
1.35666
5.07936
2.13678
5.19214
1.24149
2.02522
3.49188
0.883532
4.85426
1.5782
4.39416
1.46745
2.63264
1.35003
1.47171
1.79784
3.85132
1.01273
2.00546
1.56483
5.40611
1.90981
4.74325
4.1652
4.16465
1.81734
1.47334
1.79725
4.73894
1.92841
5.20279
1.68686
5.08936
5.08372
4.84868
1.91187
1.69952
4.85701
4.85476
5.21046
5.54248
2.75136
0.45497
4.96622
2.47545
3.25121
2.04188
1.23881
5.41387
5.07896
1.69966
3.50519
2.23856
1.69856
1.81586
5.43915
5.77071
2.14778
2.26823
1.802
2.1463
1.70099
2.04278
2.13831
1.27188
1.57662
2.83545
1.00902
2.22221
2.91442
3.61636
1.12574
1.82125
1.45881
4.27593
1.57031
0.558808
1.11981
0.995201
1.53462
2.04688
1.14473
1.8217
1.81272
2.68046
3.19911
0.91996
5.32552
1.81592
2.96605
1.8037
2.86008
1.33981
1.93691
3.30276
2.54478
1.59137
2.41551
1.80534
1.69241
1.80804
1.34579
1.23869
1.12123
1.12444
1.69615
2.04203
0.897331
1.67506
0.901273
2.68704
2.63989
2.96469
3.4861
2.26672
0.576027
2.41196
2.04452
1.80754
0.576573
1.80314
1.56604
1.56297
1.67915
2.96388
1.46394
2.97189
