10.4526
10.3975
10.4163
10.3336
10.3643
10.349
10.4235
10.6224
10.4826
10.2169
10.4014
10.3473
10.3138
10.4274
10.2415
10.5059
10.427
10.3061
10.3204
10.3733
10.3004
10.6368
10.506
10.5317
10.5525
10.3947
10.5505
10.2346
10.4389
10.5333
10.6541
10.433
10.5331
10.5231
10.3639
10.3431
10.3073
10.5109
10.3049
10.3921
10.2779
10.3836
10.3894
10.3277
10.3506
10.4399
10.3924
10.319
10.4351
10.3458
10.2417
10.47
10.3054
10.4044
10.4289
10.4685
10.3842
10.2603
10.1943
10.3639
10.4252
10.5042
10.5126
10.5801
10.494
10.4369
10.2697
10.3996
10.4098
10.4156
10.2285
10.353
10.2713
10.323
10.34
10.2594
10.4726
10.3882
10.4072
10.2979
10.3151
10.2265
10.2773
10.2252
10.3679
10.3176
10.3159
10.4411
10.2866
10.2819
10.3182
10.2604
10.3352
10.2889
10.3907
10.3042
10.2575
10.3258
10.3388
10.3106
10.3062
10.301
10.2582
10.3789
10.3885
10.3136
10.4743
10.235
10.3681
10.2457
10.2941
10.3649
10.35
10.4695
10.2516
10.2623
10.2463
10.2651
10.2556
10.4167
10.2687
10.5254
10.4555
10.5604
10.2285
10.589
10.404
10.7722
10.3014
10.4128
10.3506
10.3744
10.4534
10.3096
10.2917
10.3255
10.4149
10.3058
10.2891
10.4441
10.3138
10.264
10.2953
10.397
10.2507
10.3394
10.397
10.4167
10.3349
10.3215
10.2928
10.2985
10.5519
10.3364
10.5307
10.2921
10.2481
10.2931
10.2884
10.3761
10.5466
10.3782
10.5101
10.5867
10.3269
10.5492
10.6647
10.4122
10.4151
10.3819
10.3214
10.4137
10.2666
10.2912
10.2747
10.3854
10.2702
10.2999
10.3512
10.3306
10.3088
10.256
10.3237
10.1904
9.15444
10.2795
10.2792
10.3051
10.3252
10.2925
10.4854
10.3028
10.4597
10.2465
10.3874
10.345
10.3339
10.62
10.2362
10.2246
10.3758
10.2474
10.3983
10.3268
10.2966
10.2855
10.3016
10.2702
10.2961
10.4119
10.3058
10.407
10.4263
8.65936
10.2463
10.3588
10.3043
10.2442
10.3406
10.3833
10.3474
10.3057
10.2999
10.3549
10.1479
10.1933
10.2231
10.363
10.3853
10.214
10.2766
10.2704
10.3491
10.2512
10.2464
10.172
10.3587
10.3037
10.3189
10.1356
10.1908
10.2634
10.2003
10.1601
10.2316
10.1114
10.2248
10.3009
10.1311
10.1714
10.1215
9.03812
10.0829
10.0492
10.1583
10.0627
10.1832
9.55169
9.12528
10.2342
10.1561
8.69886
10.1814
8.52876
10.181
10.149
8.51106
9.44268
10.0652
9.03831
10.1917
10.1617
10.2432
10.117
10.1708
10.1346
10.1217
10.0698
10.0593
9.93225
10.1379
9.95722
10.0875
8.70711
8.68024
9.86415
9.18101
9.75215
7.9878
10.1744
9.69913
9.82604
10.0406
10.085
10.0645
10.0893
8.4588
10.1124
8.80168
