4478
2642
2039
4392
2205
2115
4617
2490
2448
2306
4402
2343
2246
2339
2195
4368
2648
2293
2420
4422
2353
2879
2377
2485
2870
4558
4538
2339
2767
2538
2554
2213
2710
2554
2550
2424
2193
2572
2355
4772
2225
4905
2462
2261
2352
2558
4574
2331
2403
2569
2325
5032
2368
2377
2407
2215
2298
2200
2401
2302
2334
2518
2548
2497
2587
2247
2235
4508
4666
2366
2066
2393
2128
2139
2408
2243
2550
2054
2283
2165
2244
2026
2294
2225
1977
2025
2225
2328
2127
2203
2029
2143
2249
2242
2223
2053
2204
2156
2435
2055
2307
2286
2290
2371
2281
2173
2602
2228
4461
2241
2201
2440
2378
2582
2209
1997
2236
1804
2235
4770
1976
2539
4208
2495
2105
2582
2306
2497
2219
4573
2159
2273
4335
2212
2242
4531
4185
2266
2448
2655
4817
2233
2231
4623
1954
4726
2314
4557
2361
2261
2251
2272
2579
2279
2702
2255
2252
2196
2394
4654
2644
2559
2758
2452
2327
2615
2916
2419
4807
2302
2226
4677
2378
2435
4572
2397
2255
4614
2439
2268
2399
2351
2404
2306
2211
2233
2254
2262
2331
2263
2706
2338
2418
2261
4734
2341
2450
2566
2257
2272
2388
2286
2479
2148
2354
2337
2449
2170
2350
2415
2324
4717
2325
1861
2228
2231
2146
2101
2217
2108
2266
2119
4552
2237
2157
2311
2126
2245
2361
2045
1942
2246
2058
2049
2038
1901
1784
2268
1785
1817
1836
2112
1868
1694
1976
1752
1852
1843
1642
1559
1815
1840
1710
1692
1707
1611
1475
1597
1367
1856
1656
1511
1560
1505
1645
2022
1414
1605
1139
1527
1591
1403
1635
1646
1598
1189
1172
1419
1825
1113
1464
1447
987
1457
1429
1089
1463
1050
956
1460
1524
1497
1281
1458
1382
1172
1361
1155
976
