5.96425
7.77007
4.96816
6.4936
5.48759
5.72875
5.80795
7.58737
7.97803
5.4777
5.37732
5.51456
5.7171
5.1868
6.05791
5.61379
7.64252
6.96418
7.63257
5.6137
6.03356
7.86765
7.89039
7.87677
7.78391
5.49687
5.40086
5.4815
7.87992
7.88865
7.6369
5.72786
7.65487
7.65399
6.26335
5.48208
6.14988
7.86467
6.04391
6.69872
5.50214
6.03913
6.05165
6.1498
6.1592
6.15451
6.25231
5.79698
5.27736
5.29701
6.81948
6.37947
6.16693
6.25656
5.70065
6.26478
6.26086
6.05351
6.71475
6.84945
6.04201
7.87534
7.8761
7.88699
7.86288
5.93117
6.05602
7.19089
6.49448
5.39136
6.0619
5.94895
6.15326
5.48897
7.30171
5.59809
7.78045
6.37489
6.27658
6.16426
5.78745
5.93904
6.7159
6.26695
6.15726
6.71941
7.2933
6.3831
6.96276
6.0325
6.17834
6.70997
6.042
6.49911
6.38211
4.89695
6.60962
6.59044
6.27486
5.25118
6.83685
6.49938
6.71489
6.27274
6.60241
6.15822
7.9787
6.38715
6.9452
6.73322
5.84543
6.03205
6.4028
7.87331
6.26023
7.30075
6.15602
5.03073
6.15857
7.18782
6.4918
7.97402
7.51796
6.84189
6.06145
8.06893
6.04355
7.64115
6.59833
6.15364
6.81384
6.5996
5.96181
6.39691
6.0797
6.2826
6.27422
6.18438
6.93906
7.98346
6.61926
6.2935
6.36906
6.69318
4.91183
7.51812
6.0773
6.06309
7.28011
5.95305
6.47953
6.83837
7.87253
5.95537
7.88447
6.3938
5.47173
5.50907
6.4942
6.18095
7.87347
7.25964
7.99468
7.73086
6.28681
7.97845
7.76281
5.16291
5.94468
6.71803
6.06735
6.26518
6.40072
5.84756
6.07567
6.39267
5.84463
6.49926
7.74373
6.17048
6.72008
5.50976
5.39981
5.94722
6.61457
5.69693
5.18487
5.48829
5.29022
6.18211
7.9787
5.96181
6.24754
6.20207
6.11672
6.50189
6.72892
7.98338
5.95112
6.2706
5.94688
6.15765
6.1458
5.07272
6.36054
5.73119
5.28913
5.29131
5.29131
5.28383
5.72394
6.12719
6.38692
4.65953
6.17599
5.17562
5.6843
6.17369
6.26576
4.95943
5.28135
5.28708
6.69676
5.28258
6.07014
5.95061
6.26432
5.38211
5.28731
6.05832
4.016
5.70223
5.28324
5.07818
5.07251
5.51121
5.07765
5.27693
5.1864
6.15679
4.81862
5.39522
4.23396
4.82606
5.08628
4.86827
5.07725
5.29224
6.17781
5.30684
4.11789
5.18324
6.18054
6.05878
4.86895
1.46299
1.04191
4.92085
5.61354
5.29491
4.76212
5.0867
4.85416
4.13083
4.75806
5.29142
4.86285
4.66389
1.14859
5.04511
4.54987
1.03995
5.05162
4.94628
3.60668
0.942446
1.25268
4.5598
5.95522
1.46587
4.55629
1.25515
0.629317
7.07599
4.23749
1.25159
4.89609
0.735537
2.39415
5.04012
3.03942
6.33676
0.943717
5.0821
4.44668
0.83799
3.71748
3.29379
0.733623
