5.15773
5.15773
5.16354
5.20915
5.20915
5.20915
5.20915
5.20915
5.20915
5.20915
5.20915
5.20915
5.20915
5.20915
5.20915
5.20915
5.20915
5.21118
5.21421
5.21421
5.21421
5.21421
5.21421
5.21421
5.21421
5.21421
5.21421
5.21421
5.21421
5.21421
5.21421
5.21421
5.21421
5.21421
5.21421
5.21421
5.21421
5.21421
5.21421
5.21421
5.21421
5.21421
5.21421
5.21421
5.21421
5.21421
5.21421
5.21421
5.21421
5.21421
5.21421
5.21421
5.21421
5.21421
5.21421
5.21421
5.21421
5.21421
5.21421
5.21421
5.21421
5.21421
5.21421
5.62464
5.62464
5.62464
5.62464
5.62464
5.62464
5.62464
5.62464
5.62464
5.62464
5.62464
5.62464
5.62464
5.62464
5.62464
5.62464
5.62464
5.62464
5.62464
5.62464
5.62464
5.62464
5.62464
5.62464
5.62464
5.62464
5.62464
5.62464
5.62464
5.62464
5.62464
5.62464
5.62464
5.62464
5.62464
5.62464
5.62464
5.62464
5.62464
5.62464
5.62464
5.62464
5.62464
5.62464
5.62464
5.62464
5.62464
5.62464
5.62464
5.62464
5.62464
5.62464
5.62464
5.62464
5.62464
5.62464
5.62464
5.62464
5.62464
5.62464
5.62464
5.62464
5.62464
5.62464
5.62464
5.62464
5.62464
5.62464
5.62464
5.62464
5.62464
5.62464
5.62464
5.62464
5.62464
5.62464
5.62464
5.62464
5.62464
5.62464
5.62464
5.62464
5.62464
5.62464
5.62464
5.62464
5.62464
5.62464
5.62464
5.62464
5.62464
5.62464
5.62464
5.62464
5.62464
5.62464
5.62464
5.62464
5.62464
5.62464
5.62464
5.62464
5.62464
5.62464
5.62464
5.62464
5.62464
5.62464
5.62464
5.62464
5.62464
5.62464
5.62464
5.62464
5.62464
5.62464
5.62464
5.62464
5.62464
5.62464
5.62464
5.62464
5.62464
5.62464
5.62464
5.62464
5.62464
5.62464
5.62464
5.62464
5.62464
5.62464
5.62464
5.62464
5.62464
5.62464
5.62464
5.62464
5.62464
5.62464
5.62464
5.62464
5.62464
5.62464
5.62464
5.62464
5.62464
5.62464
5.62464
5.62464
5.62464
5.62464
5.62464
5.62464
5.62464
5.62464
5.62464
5.62464
5.62464
5.62464
5.62464
5.62464
5.62464
5.62464
5.62464
5.62464
5.62464
5.62464
5.62464
5.62464
5.62464
5.62464
5.62464
5.62464
5.62464
5.62464
5.62464
5.62464
5.62464
5.62464
5.62464
5.62464
5.62464
5.62464
5.62464
5.62464
5.62464
5.62464
5.62464
5.62464
5.62464
5.62464
5.62464
5.62464
5.62464
5.62464
5.62464
5.62464
5.62464
5.62464
5.62464
5.62464
5.62464
5.62464
5.62464
5.62464
5.62464
5.62464
5.62464
5.62464
5.62464
5.62464
5.62464
5.62464
5.62464
5.62464
5.62464
5.62464
5.62464
5.62464
5.62464
5.62464
5.62464
5.62464
5.62464
5.62464
5.62464
5.62464
5.62464
5.62464
5.62464
5.62464
5.62464
5.62464
5.62464
