6.76406
6.775
6.775
6.8625
6.8625
6.8625
6.8625
6.94844
6.94844
7.09531
7.09531
7.09531
7.09531
7.09531
7.1375
7.1375
7.1375
7.1625
7.1625
7.275
7.38282
7.38282
7.38282
7.42032
7.42032
7.42032
7.44532
7.55001
7.55001
7.55001
7.55001
7.55001
7.55001
7.55001
7.55001
7.55001
7.55001
7.55001
7.55001
7.55001
7.6125
7.6125
7.6125
7.6125
7.6125
7.6125
7.6125
7.6125
7.6125
7.6125
7.6125
7.6125
7.6125
7.6125
7.6125
7.6125
7.6125
7.6125
7.6125
7.6125
7.6125
7.6125
7.6125
7.6125
7.6125
7.6125
7.6125
7.6125
7.6125
7.6125
7.6125
7.6125
7.6125
7.6125
7.6125
7.6125
7.6125
7.6125
7.6125
7.6125
7.6125
7.6125
7.6125
7.6125
7.6125
7.6125
7.6125
7.6125
7.6125
7.6125
7.6125
7.6125
7.6125
7.6125
7.6125
7.6125
7.6125
7.6125
7.6125
7.6125
7.6125
7.6125
7.6125
7.6125
7.6125
7.6125
7.6125
7.6125
7.6125
7.6125
7.6125
7.6125
7.6125
7.6125
7.6125
7.6125
7.6125
7.6125
7.6125
7.6125
7.6125
7.6125
7.6125
7.6125
7.6125
7.6125
7.6125
7.6125
7.6125
7.6125
7.6125
7.6125
7.6125
7.6125
7.6125
7.6125
7.6125
7.6125
7.6125
7.6125
7.6125
7.6125
7.6125
7.6125
7.6125
7.6125
7.6125
7.6125
7.6125
7.6125
7.6125
7.6125
7.6125
7.6125
7.6125
7.6125
7.6125
7.6125
7.6125
7.6125
7.6125
7.6125
7.6125
7.6125
7.6125
7.6125
7.6125
7.6125
7.6125
7.6125
7.6125
7.6125
7.6125
7.6125
7.6125
7.6125
7.6125
7.6125
7.6125
7.6125
7.6125
7.6125
7.6125
7.6125
7.6125
7.6125
7.6125
7.6125
7.6125
7.6125
7.6125
7.6125
7.6125
7.6125
7.6125
7.6125
7.6125
7.6125
7.6125
7.6125
7.6125
7.6125
7.6125
7.6125
7.6125
7.6125
7.6125
7.6125
7.6125
7.6125
7.6125
7.6125
7.6125
7.6125
7.6125
7.6125
7.6125
7.6125
7.6125
7.6125
7.6125
7.6125
7.6125
7.6125
7.6125
7.6125
7.70782
7.70782
7.70782
7.70782
7.7125
7.7125
7.7125
7.7125
7.7125
7.7125
7.7125
7.7125
7.7125
7.7125
7.7125
7.7125
7.7125
7.7125
7.7125
7.7125
7.7125
7.775
7.775
7.775
7.775
7.775
7.775
7.775
7.775
7.775
7.775
7.775
7.775
7.775
7.775
7.775
7.775
7.775
7.775
7.775
7.775
7.775
7.775
7.775
7.775
7.775
7.775
7.775
7.775
7.775
7.775
7.775
7.775
7.775
7.775
7.775
7.775
7.775
7.775
7.775
7.775
7.775
7.775
7.775
7.775
7.775
7.775
7.775
7.775
7.775
7.775
7.775
