9.8459
9.94056
9.94056
9.94056
10.0152
10.3355
10.3826
10.3826
10.3826
10.535
10.535
10.535
10.535
10.541
10.541
10.541
10.541
10.6413
10.6413
10.6413
10.6413
10.6413
10.6413
10.6413
10.6413
10.6413
10.6413
10.6413
10.6413
10.6494
10.6494
10.6494
10.6494
10.6494
10.6494
10.6494
10.6498
10.6522
10.6522
10.6522
10.6522
10.6522
10.6522
10.6522
10.6522
10.6522
10.6522
10.6522
10.6522
10.6522
10.6522
10.6522
10.6522
10.6522
10.6522
10.6522
10.6522
10.6522
10.6522
10.6522
10.6526
10.6526
10.6526
10.6526
10.6526
10.6526
10.6526
10.6526
10.6526
10.6526
10.6526
10.6526
10.6526
10.6586
10.6586
10.6586
10.6586
10.6586
10.6586
10.6586
10.6586
10.6586
10.6586
10.6586
10.6586
10.6586
10.6586
10.6586
10.6586
10.6586
10.6586
10.6586
10.6586
10.6586
10.6586
10.6586
10.6586
10.6586
10.6586
10.6586
10.6586
10.6586
10.6586
10.6586
10.6586
10.6586
10.6586
10.6586
10.6586
10.6586
10.6586
10.6586
10.6586
10.6586
10.6586
10.6586
10.6586
10.6586
10.6586
10.6586
10.6586
10.6586
10.6586
10.6586
10.6586
10.6586
10.6586
10.6586
10.6586
10.6586
10.6586
10.6586
10.6586
10.6586
10.6586
10.6586
10.6586
10.6586
10.6586
10.6586
10.6586
10.6586
10.6586
10.6586
10.6586
10.6586
10.6586
10.6586
10.6586
10.6586
10.6586
10.6586
10.6586
10.6586
10.6586
10.6586
10.6586
10.6586
10.6586
10.6586
10.6586
10.6586
10.6586
10.6586
10.6586
10.6586
10.6586
10.6586
10.6586
10.6586
10.6586
10.6586
10.6586
10.6586
10.6586
10.6605
10.6605
10.6605
10.6605
10.6605
10.6605
10.6605
10.6605
10.6605
10.6605
10.6605
10.6605
10.6605
10.6605
10.6605
10.6605
10.6605
10.6605
10.6605
10.6605
10.6605
10.6605
10.6605
10.6605
10.6605
10.6605
10.6605
10.6605
10.6605
10.6605
10.6605
10.6605
10.6605
10.6605
10.6605
10.6605
10.6605
10.6605
10.6605
10.6605
10.6605
10.6605
10.6605
10.6605
10.6605
10.6605
10.6605
10.6605
10.6605
10.6605
10.6605
10.6605
10.6605
10.6605
10.6605
10.6605
10.6605
10.6605
10.6605
10.6605
10.6605
10.6605
10.6605
10.6605
10.6605
10.6605
10.6605
10.6605
10.6605
10.6605
10.6605
10.6605
10.6605
10.6605
10.6605
10.6605
10.6605
10.6605
10.6605
10.6605
10.6605
10.6605
10.6605
10.6605
10.6605
10.6605
10.6605
10.6605
10.6605
10.6605
10.6605
10.6605
10.6605
10.6605
10.6605
10.6605
10.6605
10.6605
10.6605
10.6605
10.6605
10.6605
10.6605
10.6605
10.6605
10.6605
10.6605
10.6605
10.6605
10.6605
10.6605
10.6605
10.6605
10.6605
10.6605
10.6605
10.6605
10.6605
10.6605
10.6605
10.6605
10.6605
10.6605
