90
90
90
90
94.249
94.2798
90
90
92.9263
90
95.0844
84.388
92.9411
83.8688
90
93.2348
94.8315
94.1609
90
93.1082
90
90
95.0479
90
86.4542
94.3038
90
90
86.5807
90
90
90
90
90
90
90
90
90
90
90
90
96.0129
90
90
92.8153
90
90
93.095
90
90
90
90
90
90
93.6174
90
90
90
90
90
90
92.8013
92.9391
90
90
93.5799
93.2894
93.0831
93.0113
95.416
93.7197
92.7747
90
95.4085
94.0355
90
95.0876
93.0744
90
93.1348
90
92.8138
90
94.888
95.9395
94.663
90
93.0768
90
94.838
90
93.6019
94.7766
96.0004
94.5602
93.1294
95.1601
95.3471
92.855
94.8421
93.1326
93.0822
97.0804
95.6702
90
97.1549
94.4068
90
93.7054
90
90
90
95.6843
90
93.7617
93.6898
94.3271
90
95.1043
96.1248
93.3816
95.8962
90
96.719
93.0145
90
93.659
93.2333
87.2122
94.3654
97.2696
95.0362
95.7293
96.1968
96.429
93.6639
94.7968
93.8608
94.2558
94.9867
93.0885
94.1628
93.6265
93.4318
95.2689
95.7118
95.8561
95.1187
95.3923
95.2537
90
90
94.9518
94.3043
94.0142
90
94.6641
94.1457
95.4352
90
96.5659
95.061
93.4492
95.2825
95.7078
94.8369
94.9799
95.7436
94.7
93.7855
95.0042
97.0757
96.1485
95.891
95.8951
90
95.0138
95.2007
96.1656
95.8967
90
96.211
90
94.1027
95.9821
95.8957
86.7973
90
95.8503
86.2166
93.6472
95.0331
90
93.4346
86.5994
95.8504
86.9308
95.5037
86.2364
90
90
95.2453
95.0338
95.2522
93.4958
96.7339
95.2169
96.0162
86.0512
92.7572
93.9533
90
84.0112
90
90
96.9925
96.5516
86.0149
