1.27169
1.57599
1.05904
1.26769
0.208912
0.116154
1.47861
1.2722
0.857322
1.27302
0.962693
4.41303
0.644014
4.40028
1.38201
0.53267
0.105679
0.441486
0.950407
1.97293
1.26745
1.0656
0.0178434
1.06089
1.77286
0.227862
1.86493
1.0641
1.37029
1.27457
0.855367
1.96946
1.47576
1.03395
0.853182
1.06681
0.953861
1.26888
1.37357
1.26795
1.12875
1.25892
0.849585
0.947127
0.951522
1.16475
1.16638
0.852415
1.27482
1.15758
1.26819
1.47217
1.16668
1.16772
0.943042
1.15395
1.15787
1.4668
1.16139
1.26614
1.26603
0.848659
1.16849
1.26881
1.55409
0.951094
0.950567
0.74968
1.16051
0.951132
1.15988
0.851294
1.1651
1.04792
1.04957
1.25419
1.26619
0.738953
1.15734
0.740665
1.16092
0.843832
1.16067
1.16251
0.957105
0.955787
1.15744
0.955088
1.26489
1.26236
0.84489
0.954323
1.26753
0.853887
1.13719
0.738092
1.15515
1.05474
0.944111
1.03718
0.847177
0.945179
0.307906
0.951044
1.25517
0.429166
0.198228
1.16532
0.530896
1.15249
1.04739
1.06485
1.0486
1.04862
1.6513
0.841145
0.233712
1.96151
1.13886
0.51167
0.553228
0.55857
1.56005
0.206729
1.05343
0.836799
0.730656
0.953602
3.21523
1.34656
0.22443
1.14871
0.657307
0.717691
0.549136
0.342426
0.207871
0.735091
0.315697
1.15298
0.83693
1.56119
0.671189
0.441589
1.13661
1.05636
0.945744
1.16481
1.15286
1.04924
1.76089
1.2669
1.14219
1.35532
0.448522
1.55365
1.27704
1.24355
1.03787
1.16433
0.45406
1.14236
1.7234
1.1635
0.932951
1.26888
0.987052
1.09815
1.26527
0.71662
1.16498
0.303243
0.761933
0.56323
0.564205
3.88472
1.25942
1.16704
0.556366
0.560235
1.86755
0.547948
2.4033
1.37623
0.550787
0.661631
4.43035
3.53851
0.767182
4.65217
0.890077
1.26939
1.37738
0.677418
3.43562
0.665663
3.33361
0.891784
4.5375
1.56575
3.33498
1.1589
1.16863
1.06484
0.5345
0.531159
1.06687
0.663304
4.74279
0.748631
0.430743
4.08675
4.29934
3.63796
2.92354
0.117664
0.431272
4.6455
