10.2913
10.4003
10.2694
10.4426
11.1926
11.0378
10.3529
10.4596
10.7913
10.3859
10.3871
11.9695
11.8898
11.8035
10.3621
11.853
11.0025
11.844
10.7865
10.3898
10.3359
10.3951
11.0257
10.3763
10.3918
10.928
10.3408
10.4072
9.06065
10.319
10.3598
10.3854
10.3598
7.61661
10.4596
10.3531
10.3488
10.2128
10.2703
10.3327
7.63647
8.01821
10.226
10.3806
10.4724
10.4159
10.2809
10.344
10.3143
10.2674
10.3541
10.3381
10.3973
10.3233
10.2958
9.98923
10.4015
10.4266
10.4034
10.3396
10.3156
10.3829
10.4313
10.2601
10.553
10.3588
10.4338
10.3465
10.3165
10.3175
10.5394
10.4103
10.5343
10.3619
10.4974
10.3418
10.3058
10.3719
10.3444
10.2798
10.3721
10.2932
10.3175
10.2191
10.313
10.2215
10.2738
10.3143
10.3302
10.2844
10.3156
10.1817
10.3921
10.2508
10.3791
10.2885
10.2506
10.384
10.3055
10.4059
10.2632
10.2532
10.8618
10.3326
10.2601
10.2691
10.7944
10.3057
10.3184
10.2924
10.296
10.4985
10.3379
10.2046
10.2969
10.2744
11.4307
10.7117
10.4446
10.6781
11.9006
11.8209
10.7716
11.0093
10.4732
10.4766
10.3604
10.5653
10.896
10.8651
10.8918
10.5175
11.6852
10.972
11.7736
11.8306
11.0272
10.5236
11.1017
10.6085
10.3435
10.5906
11.8095
11.8416
10.6579
10.2538
10.5046
10.2557
10.344
10.6554
10.8825
10.3113
10.7953
10.9572
11.5247
11.0137
10.6069
10.7421
10.8349
10.3656
11.5155
11.0928
11.4577
10.5585
10.8872
10.3084
11.584
11.4857
10.5829
11.2673
10.5139
10.8738
11.3719
11.8344
11.8344
11.5072
10.5391
10.6338
11.8021
11.8374
10.8098
11.7569
10.4052
10.658
11.7518
11.84
11.7759
10.948
11.4136
11.6081
11.5167
10.4645
10.6002
11.531
10.6788
11.4333
10.91
11.5156
11.6358
10.4883
10.8854
10.5926
10.4167
10.5408
11.7627
10.9299
10.6307
11.5641
11.8589
11.7121
11.7557
11.666
11.6009
10.5323
11.1962
11.7573
11.6558
11.797
