1763
1813
1796
1815
1896
1839
1911
1828
1821
1899
1955
2168
2178
2164
1960
2083
1858
1966
1835
1913
1852
1825
1761
1731
1745
1726
1724
1670
1370
1594
1446
1529
2050
1290
1486
1485
1504
1625
1374
1509
1248
1226
1448
1606
1531
1559
1832
1793
1754
1873
1870
1960
2249
1888
1840
1839
1916
1912
1827
1920
1765
1838
1848
1778
2334
1793
1857
1746
1887
1874
1789
1843
1895
1854
1888
1853
1944
1775
1788
1815
1846
1802
1790
1847
1815
1792
1885
1640
1806
1935
1746
1798
1911
1897
1790
1794
1882
1825
1791
1905
1739
1698
1877
1917
1828
1772
1749
1945
1839
1630
1830
1793
1890
1789
1900
1869
1885
1893
1908
1792
1972
2208
1968
1934
1825
1927
1882
2017
2016
1994
1955
1999
1988
2000
2246
2026
1918
1914
1968
1945
1880
2048
2033
2001
1996
1925
2045
2034
2000
2124
2156
2068
2062
2081
1970
2131
2092
2081
2065
2044
2084
2051
2338
2097
2103
2184
2142
2107
2095
2152
2083
2028
2058
2144
2138
2349
2132
2062
2287
2110
2070
2165
2120
2096
2155
2138
2317
2367
2223
2431
2055
2148
2054
2095
2235
2143
2253
2149
2479
2082
2364
2107
2095
2117
2245
2221
2115
2132
2447
2358
2339
2508
2389
2263
2397
2166
2314
2489
