2.05161
1.86184
1.86804
1.87025
1.87201
1.76819
2.06301
1.96539
1.96059
1.86474
2.81102
2.06071
1.86574
1.86442
1.87019
1.87247
1.96569
2.16477
1.67139
3.10128
1.8663
1.962
1.96569
1.86716
0.485011
1.87266
1.97164
1.963
0.287569
1.87204
1.67914
1.77983
1.77961
1.87438
1.76863
1.87549
1.77643
1.86973
1.86197
1.87523
1.87026
2.94807
1.76834
1.86197
1.9815
1.8743
1.77034
1.97104
2.16758
1.86466
1.67624
1.96936
1.97545
1.76613
2.24482
1.86985
1.97223
1.97454
1.97764
1.9691
1.86083
1.86474
2.2396
2.16015
2.33953
2.24723
2.14993
1.86425
2.24591
2.90753
2.53028
1.86038
2.15596
3.01001
2.53076
2.15011
3.10125
1.85309
1.67003
1.86665
1.86635
1.85566
1.77197
2.91036
3.10296
2.62321
2.05237
2.06392
1.86692
3.00331
1.77245
2.23615
3.00427
3.00883
2.79285
1.8631
3.00649
2.99856
1.97201
2.80021
1.97055
2.04937
3.00619
3.00286
1.87247
3.00733
1.86199
1.86539
1.86738
2.05436
1.86217
1.77317
3.10659
1.67003
3.00533
2.1663
1.96353
1.96667
3.00474
2.80335
1.95962
3.00014
1.96236
2.80071
2.15649
1.25259
2.05573
2.1473
2.15407
3.00541
3.00322
3.00242
3.00208
3.10034
3.20245
1.85754
2.05859
2.15547
1.96797
3.00426
1.95314
3.10281
2.16815
1.86182
3.10236
3.10757
3.10058
3.00214
3.10564
3.00881
2.06064
2.2658
3.01284
3.00471
2.06602
2.1669
3.00773
2.80079
3.0997
2.15645
3.10495
3.10715
3.10456
3.11596
3.10933
3.01349
3.00579
3.40867
3.00541
2.20764
3.00621
3.00266
3.21203
3.00541
3.00811
3.01426
3.10863
3.1028
3.10624
3.00541
2.17164
3.10694
3.00789
2.90517
3.01369
3.10692
3.11247
3.10947
3.10612
3.1169
2.35826
3.11261
2.16647
2.06154
2.1665
3.00867
2.16365
3.11093
3.00666
2.06346
2.8146
3.10378
3.0037
3.00278
1.97164
3.11219
3.00813
3.1008
3.10558
1.87674
2.05558
3.10933
1.86531
3.10998
3.10436
3.00175
3.10857
3.00183
