99.7466
98.1579
99.4916
99.2763
99.5691
98.709
94.9559
99.0261
98.0214
99.2748
97.5785
99.3193
95.3381
96.4804
98.5669
95.1004
99.1551
96.9656
93.4074
98.9215
96.0742
97.5743
98.0012
98.1525
95.154
97.2729
97.9645
98.9756
95.0378
102.36
97.5629
100.151
99.6029
97.6556
104.974
98.4128
98.4216
99.354
97.5884
100.569
99.9603
99.9423
98.2576
98.2292
99.2107
98.96
99.1756
97.9757
98.4589
90
100.865
95.0443
99.8471
97.8858
101.571
97.776
99.4378
99.8127
100.915
94.2373
97.5136
100.125
97.9806
100.513
100.729
97.2742
94.3875
100.319
95.1088
101.557
97.4315
99.1434
94.3719
97.7723
98.1525
99.0231
96.3879
99.7172
99.5621
96.1775
99.5163
100.643
98.1962
100.45
98.4967
101.147
101.45
94.7415
97.269
97.9417
102.17
96.6294
95.0708
98.2552
96.6941
98.7185
98.4716
98.8292
99.8004
101.643
94.919
102.235
96.0207
96.1861
100.751
97.9897
103.353
97.8936
93.2791
98.7465
98.5869
99.0071
97.5878
99.8326
97.7667
98.5286
102.041
99.4847
102.966
101.637
100.111
101.626
96.3914
99.1895
101.79
98.5513
99.2225
99.3643
102.672
97.8152
102.476
99.0595
93.297
100.476
94.7993
94.9463
96.544
102.979
98.256
97.4327
100.493
95.5096
96.9644
96.0287
98.8536
95.7345
98.9081
100.058
94.6956
98.3495
95.1517
96.4902
99.2984
97.1625
102.981
98.3209
97.4985
97.8776
94.3098
98.8696
99.4326
101.521
100.958
99.8994
97.525
98.0624
103.934
99.7096
101.799
96.0168
94.413
102.279
98.551
99.3793
99.981
97.4171
97.063
98.5028
99.7754
98.8785
98.4402
97.9193
100.54
96.5141
96.5561
96.8654
99.0642
98.2047
98.9363
96.8035
99.7802
99.4279
96.268
97.1926
102.218
98.7082
102.566
101.157
99.0055
97.8431
100.313
99.4572
98.9346
97.7991
100.752
98.9024
100.585
101.432
96.965
95.4912
97.0092
97.8177
97.7096
97.8309
97.2644
99.3585
97.767
99.1583
96.5887
97.6744
99.1758
98.1335
101.738
99.7205
100.694
96.4886
101.505
94.5552
97.8718
101.707
98.4157
102.496
98.7017
100.574
100.519
101.154
97.4935
97.8179
98.5678
99.3006
99.4504
99.4931
101.918
99.5943
99.4731
100.124
102.42
97.4664
102.175
97.4665
100.296
97.1633
95.2086
97.6777
95.0836
96.9531
102.636
102.306
102.77
102.482
103.191
100.898
96.2825
100.163
97.0373
99.4897
98.1213
97.9081
97.7331
98.2737
102.176
102.308
102.728
97.567
98.5606
100.62
99.7683
98.2322
102.123
99.8078
100.396
99.6658
97.5716
97.3971
99.4744
98.1209
101.279
98.3102
102.19
101.314
98.8555
98.9053
99.5526
99.6194
99.0767
97.8157
99.9498
103.066
