4.41583
4.36467
4.0978
3.97319
4.09403
4.40997
4.2136
4.23434
4.36513
4.62209
4.45965
4.30103
4.0107
5.21653
4.25693
4.52405
4.24749
3.56053
4.44807
4.09411
3.88339
4.53714
4.35564
4.35165
4.24685
4.58404
4.57259
4.36213
4.31936
3.14131
4.4582
3.80985
4.0488
4.51342
2.3519
4.53259
4.45918
4.30047
4.4857
4.0829
4.09441
3.94483
4.6041
4.29805
4.01124
4.26293
4.23562
4.67478
4.47126
5.46799
3.6386
4.48317
3.73732
4.47046
3.30029
4.7213
4.67131
4.15101
4.35725
4.7002
4.72013
2.46788
3.57698
3.41801
3.43232
4.6778
4.54688
4.33029
4.43435
3.02049
4.61362
4.37497
4.73541
3.75173
4.46691
4.8151
4.8136
4.08854
4.57602
3.88195
4.35459
3.69964
4.58774
2.56872
4.45419
3.38829
3.46302
4.71005
3.21545
3.31793
3.05872
4.72371
4.61749
4.34727
5.1058
4.46841
4.78203
4.371
4.04462
3.19909
4.41479
3.0526
4.10021
4.35619
3.67427
4.87182
2.88279
5.14448
5.34171
3.05058
4.72808
4.30584
3.55275
3.2812
3.7424
4.71688
3.06793
3.01902
3.03371
3.74496
3.68892
3.66045
5.34811
4.3572
3.07203
4.19179
4.35515
4.46204
3.58186
3.93523
3.4139
4.22845
5.13808
4.24295
4.77934
4.52971
4.90138
1.80533
4.38187
4.13299
4.53353
4.59818
4.26894
4.12077
4.37475
4.59345
4.3099
4.23776
4.58051
4.61137
4.6381
3.9388
4.72482
5.23915
3.01589
4.30738
4.60509
5.11329
4.81919
4.30898
4.25307
3.57114
4.20645
3.12581
4.81419
4.5176
2.30608
4.05412
3.05544
4.03996
4.71273
3.0728
4.41968
4.49091
4.20165
4.87489
4.19385
4.32992
4.20418
4.56697
4.4902
4.84469
3.23551
4.91412
4.42832
4.07116
4.60213
5.06164
4.58067
4.99832
4.49893
4.19626
5.69217
4.92778
3.0513
4.32502
3.16009
3.74813
4.35258
4.65704
4.06481
4.36354
4.5764
5.05509
3.70006
4.60921
3.96428
3.58204
3.92601
5.36691
5.0122
4.04552
5.39203
4.29891
4.60976
4.43543
4.72752
4.2102
5.14138
5.06593
4.50996
4.97752
3.55737
4.31109
3.77069
4.12935
3.34315
5.14676
4.41086
3.66778
4.19138
3.01355
4.37871
3.44004
4.19471
3.60765
4.95959
5.01131
4.75056
4.44183
4.28771
3.7776
3.13385
4.34685
4.10417
3.79238
3.3157
4.95971
3.01124
5.13438
4.45638
4.86452
4.72004
5.05762
5.45225
4.93856
3.17983
3.31558
3.12655
3.01067
2.92834
4.36844
4.20957
4.24194
4.90292
3.7575
4.80465
4.71307
4.17265
4.84945
3.03329
3.2776
2.92873
4.73389
4.85074
3.60981
4.24516
4.85554
3.12716
4.03199
4.00415
4.32747
5.12479
4.75554
3.98093
4.66301
3.32125
4.73018
3.04938
3.44955
4.71594
4.50242
4.13375
4.36803
4.57553
4.40423
3.38628
3.42159
