10.6036
10.6339
10.6142
10.5913
10.5268
10.6776
10.5751
10.7426
10.7935
10.7994
10.8703
10.6675
10.7072
10.6444
10.5979
10.6752
10.6722
10.5843
10.6932
10.6603
10.6274
10.6112
10.6018
10.6827
10.786
11.1353
10.599
10.6523
10.6813
10.6795
10.73
10.6462
10.6046
10.5735
10.6523
10.6394
10.6184
10.6523
10.7603
10.6087
10.6356
10.59
10.6929
10.8496
10.5536
10.6494
11.1315
10.628
10.7126
10.5872
10.6717
10.5839
10.623
10.6283
10.5854
10.7387
10.7411
10.7052
10.6559
11.186
10.7375
10.6547
10.6158
10.6344
10.6463
10.6152
10.7284
10.7533
10.7333
10.5972
10.7554
11.0282
10.6549
10.7105
10.6596
10.8029
10.6868
10.6644
10.7338
10.6824
10.6951
10.757
10.6285
10.546
10.653
10.7787
10.6979
10.7105
10.9042
10.9483
10.6396
10.6123
10.7405
10.6461
10.7299
10.6639
10.6023
10.5391
10.628
10.7534
10.6953
10.6155
10.7506
10.5254
10.7275
10.6305
10.5707
10.815
10.6839
10.7348
10.6452
10.6336
10.5387
10.5974
10.741
10.748
10.7063
10.6254
10.6477
10.7078
10.6801
10.6482
10.6811
10.6336
10.6509
10.7491
10.6394
10.5849
10.6269
10.6668
10.7497
10.7052
10.6023
10.6954
10.5868
10.5531
10.6485
10.7169
10.6838
10.5913
10.6201
10.6475
11.0323
10.527
10.7593
10.7115
10.6388
10.7891
10.5875
10.6385
10.5468
10.6375
10.7528
10.7435
10.6216
10.6478
10.6667
10.61
10.7418
10.7311
11.15
11.022
10.7351
10.664
10.7123
10.5339
10.7309
10.7442
10.7829
10.5635
10.5913
10.6789
10.7323
10.8406
10.6167
10.609
10.7707
10.7554
10.5993
10.7431
10.6593
11.1394
10.5753
10.6707
10.5667
10.6181
10.8842
10.7231
10.7733
10.7537
10.6462
10.6847
10.7385
10.7557
10.6037
10.6204
10.7387
10.622
10.821
10.5902
10.5964
10.7452
10.7642
10.6388
10.6018
10.6592
10.5867
10.7883
10.5319
10.7358
10.6072
10.5604
9.42558
11.1671
10.7511
10.5922
10.6016
10.5878
10.7566
10.6636
10.6756
10.5827
10.6726
10.6622
10.5785
10.6358
10.7424
10.7613
10.5873
10.6159
10.6054
10.7274
10.6622
10.7616
10.6394
10.7251
10.5777
10.657
10.6028
10.7517
11.0137
10.7046
10.7064
10.6762
10.5539
10.7363
10.5722
10.6003
10.7032
10.7294
10.7649
10.671
10.6271
10.724
11.0857
10.5815
10.6314
10.6117
10.6065
10.6508
10.5678
10.6206
10.6181
10.6298
10.7372
10.7517
10.7594
10.603
10.6058
10.6646
10.7026
10.7298
10.7041
10.6155
10.6682
10.6905
10.7654
10.6392
10.7351
10.7357
10.7349
10.6626
11.0686
10.7416
10.7283
10.7001
10.8212
10.9884
10.6188
10.6884
10.6766
11.0291
10.6509
10.6186
10.5641
10.7058
10.7132
10.6574
