5177
5040
5210
5329
5341
5452
5115
5485
5168
5321
5217
5262
5088
5169
5528
5215
5122
5158
5146
5413
5340
5330
5414
5482
5330
5306
5322
5084
5514
5403
5571
5277
5386
5451
5411
5322
5379
5464
5474
5514
5361
5332
5280
5476
5377
5409
5280
5411
5442
5109
5232
5367
5348
5215
5313
5462
5365
5254
5312
5320
5273
5226
5367
5379
5312
5372
5014
5367
5267
5212
5525
5257
5167
5007
5369
5256
5157
5415
5408
5089
5381
5376
5477
5052
5437
5403
5470
5398
5210
5168
5075
5421
5264
5543
5400
5359
5439
5249
5494
5592
5406
5380
5308
5333
5536
5838
5532
5472
5368
5355
5390
5253
5377
5200
5353
5402
5515
5357
5385
5608
5267
5429
5412
5181
5442
5463
5425
5541
5274
5337
5499
5152
5486
5468
5459
5154
5337
5194
5252
5396
5387
5174
5486
5280
5658
5665
5651
5338
5394
5524
5086
5198
5592
5574
5522
5438
5302
5672
5382
5414
5680
5435
5488
5534
5638
5199
5362
5378
5396
5446
5295
5604
5411
5488
5550
5514
5392
5348
5561
5592
5551
5524
5380
5468
5348
5496
5674
5416
5618
5835
5317
5588
5496
5432
5283
5540
5533
5416
5654
5457
5508
5460
5565
5441
5327
8725
5535
5425
5282
5515
5630
5200
5159
5579
5578
5647
5519
5395
5577
5702
5590
5348
5462
5423
5560
5371
5499
5467
5291
5566
5443
5351
5627
5374
5355
5406
5682
5572
5384
5556
5511
5616
5488
5446
5597
5514
5563
5220
5502
5582
5390
5491
5323
5488
5514
5280
5370
5563
5468
5410
5329
5432
5477
5433
5236
5426
5599
5297
5401
5504
5370
5347
5276
5374
5511
5283
5435
5510
5282
5258
5348
5532
5473
5345
5410
5307
5286
5579
5307
5432
5365
5428
5509
5568
5388
5613
5399
5464
