8.05859
7.41345
7.64701
7.43297
7.6433
7.68118
6.04759
7.64727
7.40719
8.14928
7.35214
7.80217
6.0116
7.63472
7.44998
6.42969
7.68738
6.14682
5.72142
7.44101
6.14521
7.35913
7.33606
7.41239
6.1926
7.42628
7.53839
7.72714
6.20255
7.82188
7.30744
7.62219
7.63716
7.3559
8.05008
7.67964
7.60333
7.80985
7.35274
8.04181
7.82989
7.65743
7.70781
7.43624
7.43389
7.6211
7.83172
7.65293
7.65756
6.36294
7.73513
6.35161
7.42512
7.41469
7.63472
7.65415
8.24222
7.85414
8.46721
6.35775
7.55254
6.27323
6.55354
7.3648
7.46692
7.38776
6.19319
8.24612
6.35351
7.3543
7.4194
7.92497
6.3646
6.67549
7.52099
8.24606
7.20646
7.74093
8.19236
6.19441
7.94032
7.74248
7.6495
6.45867
7.63716
7.63597
7.79652
6.48678
5.99717
6.37258
7.6477
7.19051
6.52358
7.43646
7.62453
7.73905
7.94033
7.64507
7.71633
7.63077
6.25575
7.65649
6.36795
6.63788
7.74784
7.85597
7.90106
8.1434
6.56593
6.35374
7.94299
7.67692
6.36051
6.95461
6.67235
7.94047
7.63527
6.56934
7.93665
8.15536
7.4981
8.04217
7.74102
7.79771
7.51851
7.42439
7.81014
7.95314
8.36067
6.86333
8.17089
7.64232
6.3596
8.19814
6.55709
6.35633
7.34442
6.74566
7.48229
6.89643
8.46747
6.65224
6.96421
6.34431
7.72662
6.74476
7.64495
8.06501
6.31976
7.73412
6.53984
6.3591
8.24587
7.9393
7.91268
7.42203
7.41311
8.04935
6.43824
7.65821
7.95783
8.06446
8.3635
6.84788
7.64433
7.50189
7.6309
7.7309
7.56054
6.26674
6.34746
7.72134
7.64714
8.07214
7.93844
7.63706
6.86285
7.54579
7.85645
7.92335
7.65353
7.94377
7.1708
7.35101
6.85712
6.62802
8.0749
8.15392
7.96876
7.56426
8.16919
7.74462
8.05111
7.64246
7.6434
7.57843
7.94728
7.9378
7.78247
7.57462
7.92133
7.94327
7.96096
7.96941
7.72654
7.94852
7.92092
7.94521
6.49925
7.43105
7.62044
6.94537
7.944
7.37058
7.35069
7.92672
7.61958
7.62407
7.62623
7.93976
7.95886
8.00245
7.99253
7.96402
7.7659
6.54866
7.71635
6.86148
7.33847
8.0672
7.32946
7.76855
7.64245
7.45804
8.14573
7.8372
7.74229
7.93774
7.94541
7.96339
7.95425
7.35762
7.65306
7.95617
7.62623
7.6265
7.97246
7.73816
7.62968
7.94673
8.36751
7.54675
6.65753
7.94899
7.4246
7.51948
7.94673
7.94515
7.93446
7.72612
7.8823
8.45822
6.54751
8.05318
7.55386
7.35195
7.87542
7.65867
7.05304
7.95103
7.65187
7.9598
7.76412
7.55427
8.06254
7.61898
7.9519
7.934
7.73879
7.74377
7.94319
7.95954
8.06734
7.54461
7.56168
7.71668
7.63763
7.94023
7.63732
7.72649
8.04276
7.95876
7.71855
7.96744
7.95093
7.34323
7.14498
8.36821
