99.027
98.9427
98.9427
98.8688
97.5972
97.5972
97.6337
97.6337
97.6337
97.6337
97.6337
97.6329
97.6329
97.6329
98.0121
98.0121
98
98
97.2635
97.2635
97.2635
97.2635
97.2635
97.2635
97.2635
97.2635
97.2635
97.2635
97.2635
97.2635
97.2635
97.2635
97.2635
97.2635
97.2635
97.2635
97.2635
97.2635
97.2635
97.2635
97.2635
97.2635
97.2635
97.2635
97.2635
97.2635
97.2635
97.2635
97.2635
97.2635
97.2635
97.2635
97.2635
97.2635
97.2635
97.2635
97.2635
97.2635
97.2635
97.2635
97.2635
97.2635
96.9911
96.9911
96.9911
96.9562
96.9562
96.9562
96.9562
96.9539
96.9539
96.9539
96.9539
96.9539
96.9539
96.9539
96.9539
96.9539
96.9539
96.9539
96.9539
96.9539
96.9539
96.9539
96.9539
96.9539
96.9539
96.9539
96.9539
96.9539
96.9539
96.9539
96.9539
96.9539
96.7369
96.7369
96.7369
96.7369
96.7369
96.7369
96.7369
96.7369
96.7369
96.7369
96.7369
96.7331
96.7331
96.7331
96.7331
96.7331
96.7331
96.7331
96.7331
96.7331
96.7331
96.7331
96.7331
96.7331
96.7331
96.7331
96.7331
96.7331
96.7331
96.7331
96.7331
96.7331
96.7331
96.7331
96.7593
96.7593
96.7593
96.7593
96.7593
96.7593
96.7593
96.7593
96.7593
96.7593
96.7593
96.7593
96.7593
96.7593
96.7593
96.7593
96.7593
96.7593
96.7593
96.7593
96.7593
96.7593
96.7593
96.7593
96.7593
96.7593
96.7593
96.7593
96.7593
96.7593
96.7593
96.7593
96.7593
96.7593
96.7593
96.7593
96.7593
96.7593
96.7593
96.7593
96.7593
96.7593
96.7593
96.7593
96.7593
96.7593
96.7593
96.7593
96.7593
96.7593
96.7593
96.7591
96.7591
96.7591
96.7591
96.7037
96.7037
96.7037
96.7037
96.7037
96.7037
96.7037
96.7037
96.7037
96.7037
96.7037
96.7037
96.7037
96.7037
96.7037
96.7037
96.7037
96.7037
96.7037
96.7037
96.7037
96.7037
96.7037
96.7037
96.7037
96.7037
96.7037
96.7037
96.7037
96.7037
96.7037
96.7037
96.7037
96.7037
96.7037
96.7037
96.7037
96.7037
96.7037
96.7037
96.7037
96.7037
96.7037
96.7037
96.7037
96.7037
96.7037
96.7037
96.7037
96.7037
96.7037
96.7037
96.7037
96.7037
96.7037
96.7037
96.7037
96.7037
96.7037
96.7037
96.7037
96.7037
96.7037
96.7037
96.7037
96.7037
96.7037
96.7037
96.7037
96.7037
96.7037
96.7037
96.7037
96.7037
96.7037
96.7037
96.7037
96.7037
96.7037
96.7037
96.7037
96.7037
96.7037
96.7037
96.7037
96.7037
96.7037
96.7037
96.7037
96.7037
96.7037
96.7037
96.7037
96.7037
96.7037
96.7037
96.7037
96.7037
96.7037
96.7037
96.7037
96.7037
96.7037
96.7037
96.7037
96.7037
96.7037
96.7037
96.7037
96.7037
96.7037
96.7037
96.7037
96.7037
96.7037
