4.26481
4.30417
4.30417
4.30417
5.02798
5.02798
5.03837
5.03837
5.03837
5.03837
5.03837
5.03837
5.03837
5.03837
5.03837
5.03837
5.04406
5.04406
5.38825
5.38825
5.38825
5.38825
5.38825
5.38825
5.38825
5.38825
5.38825
5.38825
5.38825
5.38825
5.38825
5.38825
5.38825
5.38825
5.38825
5.38825
5.38825
5.38825
5.38825
5.38825
5.38825
5.38825
5.38825
5.38825
5.38825
5.38825
5.38825
5.38825
5.38825
5.38825
5.38825
5.38825
5.38825
5.38825
5.38825
5.38825
5.38825
5.38825
5.38825
5.38825
5.38825
5.38825
5.51526
5.51526
5.51526
5.51526
5.51526
5.51526
5.51526
5.51526
5.51526
5.51526
5.51526
5.51526
5.51526
5.51526
5.51526
5.51526
5.51526
5.51526
5.51526
5.51526
5.51526
5.51526
5.51526
5.51526
5.51526
5.51526
5.51526
5.51526
5.51526
5.51526
5.51526
5.51526
5.61685
5.61685
5.61685
5.61685
5.61685
5.61685
5.61685
5.61685
5.61685
5.61685
5.61685
5.61866
5.61866
5.61866
5.61866
5.61866
5.61866
5.61866
5.61866
5.61866
5.61866
5.61866
5.61866
5.61866
5.61866
5.61866
5.61866
5.61866
5.61866
5.61866
5.61866
5.61866
5.61866
5.61866
5.61866
5.61866
5.61866
5.61866
5.61866
5.61866
5.61866
5.61866
5.61866
5.61866
5.61866
5.61866
5.61866
5.61866
5.61866
5.61866
5.61866
5.61866
5.61866
5.61866
5.61866
5.61866
5.61866
5.61866
5.61866
5.61866
5.61866
5.61866
5.61866
5.61866
5.61866
5.61866
5.61866
5.61866
5.61866
5.61866
5.61866
5.61866
5.61866
5.61866
5.61866
5.61866
5.61866
5.61866
5.61866
5.61866
5.61866
5.61866
5.61866
5.61866
5.61866
5.61866
5.61866
5.61866
5.61866
5.61866
5.61866
5.61866
5.61866
5.61866
5.61866
5.61866
5.61866
5.61866
5.61866
5.61866
5.61866
5.61866
5.61866
5.61866
5.61866
5.61866
5.61866
5.61866
5.61866
5.61866
5.61866
5.61866
5.61866
5.61866
5.61866
5.61866
5.61866
5.61866
5.61866
5.61866
5.61866
5.61866
5.61866
5.61866
5.61866
5.61866
5.61866
5.61866
5.61866
5.61866
5.61866
5.61866
5.61866
5.61866
5.61866
5.61866
5.61866
5.61866
5.61866
5.61866
5.61866
5.61866
5.61866
5.61866
5.61866
5.61866
5.61866
5.61866
5.61866
5.61866
5.61866
5.61866
5.61866
5.61866
5.61866
5.61866
5.61866
5.61866
5.61866
5.61866
5.61866
5.61866
5.61866
5.61866
5.61866
5.61866
5.61866
5.61866
5.61866
5.61866
5.61866
5.61866
5.61866
5.61866
5.61866
5.61866
5.61866
5.61866
5.61866
5.61866
5.61866
5.61866
5.61866
5.61866
5.61866
5.61866
5.61866
5.61866
5.61866
5.61866
5.61866
5.61866
5.61866
5.61866
5.61866
5.61866
5.61866
5.61866
5.61866
5.61866
5.61866
5.61866
5.61866
5.61866
