9.94219
9.94219
9.94219
10.0422
10.0422
10.0469
10.0469
10.2313
10.2391
10.2391
10.2391
10.2391
10.2391
10.2531
10.2641
10.2641
10.2641
10.3391
10.4391
10.4391
10.5969
10.5969
10.5969
10.5969
10.5969
10.5969
10.5969
10.5969
10.5969
10.5969
10.5969
10.5969
10.5969
10.5969
10.5969
10.5969
10.5969
10.5969
10.5969
10.5969
10.5969
10.5969
10.5969
10.5969
10.5969
10.5969
10.5969
10.5969
10.5969
10.5969
10.5969
10.5969
10.5969
10.5969
10.5969
10.5969
10.5969
10.5969
10.5969
10.5969
10.5969
10.5969
10.5969
10.5969
10.5969
10.5969
10.5969
10.5969
10.5969
10.5969
10.5969
10.5969
10.5969
10.5969
10.5969
10.5969
10.5969
10.5969
10.5969
10.5969
10.5969
10.5969
10.5969
10.5969
10.5969
10.5969
10.5969
10.5969
10.5969
10.5969
10.5969
10.5969
10.5969
10.5969
10.5969
10.5969
10.5969
10.5969
10.5969
10.5969
10.5969
10.5969
10.5969
10.5969
10.5969
10.5969
10.5969
10.5969
10.5969
10.5969
10.5969
10.5969
10.5969
10.5969
10.5969
10.5969
10.5969
10.5969
10.5969
10.5969
10.5969
10.5969
10.5969
10.5969
10.5969
10.5969
10.5969
10.5969
10.5969
10.5969
10.5969
10.5969
10.5969
10.5969
10.5969
10.5969
10.5969
10.5969
10.5969
10.5969
10.5969
10.5969
10.5969
10.5969
10.5969
10.5969
10.5969
10.5969
10.5969
10.5969
10.5969
10.5969
10.5969
10.5969
10.5969
10.5969
10.5969
10.5969
10.5969
10.5969
10.5969
10.5969
10.5969
10.5969
10.5969
10.5969
10.5969
10.5969
10.5969
10.5969
10.5969
10.6016
10.6016
10.6016
10.6016
10.6016
10.6016
10.6016
10.6016
10.6016
10.6016
10.6016
10.6531
10.6531
10.6531
10.6531
10.6531
10.6531
10.6531
10.6531
10.6531
10.6531
10.6531
10.6531
10.6531
10.6531
10.6531
10.6531
10.6531
10.6531
10.6531
10.6531
10.6531
10.6531
10.6531
10.6531
10.6531
10.6531
10.6531
10.6531
10.6531
10.6531
10.6531
10.6531
10.6844
10.6844
10.6844
10.6844
10.6844
10.6844
10.6844
10.6844
10.6844
10.6844
10.6844
10.6844
10.6844
10.6844
10.6844
10.6844
10.6844
10.6844
10.6844
10.6844
10.6844
10.6844
10.6844
10.6844
10.6844
10.6844
10.6844
10.6844
10.6844
10.6844
10.6844
10.6844
10.6844
10.6844
10.6844
10.6844
10.6844
10.6844
10.6844
10.6844
10.6844
10.6844
10.6844
10.6844
10.6844
10.6844
10.6844
10.6844
10.6844
10.6844
10.6844
10.6844
10.6844
10.6844
10.6844
10.6844
10.6844
10.6844
10.6844
10.6844
10.6844
10.6844
10.6844
10.6844
10.6844
10.6844
10.6844
10.6844
10.6844
10.6844
10.6844
10.6844
10.6844
10.6844
10.6844
10.6844
10.6844
10.6844
10.6844
10.6844
10.6844
10.6844
10.6844
10.6844
