13.0403
13.0403
13.0403
13.1507
13.1507
13.1507
13.1507
13.1507
13.1507
13.1507
13.1507
13.1522
13.1522
13.1522
13.1522
13.1522
13.1522
13.1522
13.1522
13.1522
13.1522
13.1522
13.1522
13.1522
13.1522
13.1522
13.1522
13.1522
13.1522
13.1522
13.1522
13.1522
13.1522
13.1522
13.1522
13.1522
13.1522
13.1522
13.1522
13.1522
13.1522
13.1522
13.1522
13.1522
13.1522
13.1522
13.1522
13.1522
13.1522
13.1522
13.1522
13.1522
13.1522
13.1522
13.1522
13.1522
13.1522
13.1522
13.1522
13.1522
13.1522
13.1522
13.1522
13.1522
13.1522
13.2189
13.2189
13.2189
13.2189
13.2233
13.2233
13.2233
13.2233
13.2233
13.2233
13.2233
13.2233
13.2233
13.2233
13.2233
13.2233
13.2233
13.2233
13.2233
13.2233
13.2233
13.2233
13.2233
13.2233
13.2233
13.2233
13.2233
13.2233
13.2233
13.2233
13.2233
13.2233
13.2233
13.2233
13.2233
13.2233
13.2233
13.2233
13.2233
13.2233
13.2233
13.2233
13.2233
13.2233
13.2233
13.2233
13.2233
13.2233
13.2233
13.2233
13.2233
13.2233
13.2233
13.2233
13.2233
13.2233
13.2233
13.2233
13.2233
13.2233
13.2233
13.2233
13.2233
13.2233
13.2233
13.2233
13.2233
13.2233
13.2233
13.2233
13.2233
13.2233
13.2233
13.2233
13.2233
13.2233
13.2233
13.2233
13.2233
13.2233
13.2233
13.2233
13.2233
13.2233
13.2233
13.2233
13.2233
13.2233
13.2233
13.2233
13.2233
13.2233
13.2233
13.2233
13.2233
13.2233
13.2233
13.2233
13.2233
13.2233
13.2233
13.2233
13.2233
13.2233
13.2233
13.2233
13.2233
13.2233
13.2233
13.2233
13.2233
13.2233
13.2233
13.2233
13.2237
13.2237
13.2237
13.2237
13.3341
13.3341
13.3341
13.3341
13.3341
13.3341
13.3341
13.3341
13.3341
13.3341
13.3341
13.3341
13.3341
13.3341
13.3341
13.3341
13.3341
13.3341
13.3341
13.3341
13.3341
13.3341
13.3341
13.3341
13.3341
13.3341
13.3341
13.3341
13.3341
13.3341
13.3341
13.3341
13.3341
13.3341
13.3341
13.3341
13.3341
13.3341
13.3341
13.3341
13.3341
13.3341
13.3341
13.3341
13.3341
13.3341
13.3341
13.3341
13.3341
13.3341
13.3341
13.3341
13.3341
13.3341
13.3341
13.3341
13.3341
13.3341
13.3341
13.3341
13.3341
13.3341
13.3341
13.3341
13.3341
13.3341
13.3341
13.3341
13.3341
13.3341
13.3341
13.3341
13.3341
13.3341
13.3341
13.3341
13.3341
13.3341
13.3341
13.3341
13.3341
13.3341
13.3341
13.3341
13.3341
13.3341
13.3341
13.3341
13.3341
13.3341
13.3341
13.3341
13.3341
13.3341
13.3341
13.3341
13.3341
13.3341
13.3341
13.3341
13.3341
13.3341
13.3341
13.3341
13.3341
13.3341
13.3341
13.3341
13.3341
13.3341
13.3341
13.3341
13.3341
13.3341
13.3341
