5523
5477
5295
5322
5091
5213
5113
5249
4880
5319
5090
5059
5163
5147
5437
5360
5547
5558
5682
5320
5402
5471
5178
5261
5365
5301
5410
5414
5390
5451
5708
5651
5656
5757
5681
5862
5818
5757
5718
5786
5857
6089
5981
6040
5943
6114
5977
6008
6084
6018
5942
6055
5979
5979
5879
5879
5882
5890
5927
5829
5769
5920
5785
5932
5812
5791
5839
5866
5860
5760
5963
5844
5766
5915
6035
5920
6068
6146
5989
6028
6060
6224
6071
5963
5985
6079
6135
6106
5986
5899
5893
6013
5899
5988
6047
6113
5935
6081
6012
5927
6018
5931
6061
5946
5986
5984
6060
6012
5991
6125
6040
5991
5939
5766
5759
5712
5876
5541
5572
5502
5453
5665
5485
5305
5665
5742
5615
5717
5555
5614
5527
5456
5441
5420
5517
5599
5439
5354
5293
5536
5254
5428
5478
5374
5362
5558
5445
5427
5523
5560
5774
5488
5653
5494
5577
5725
5844
5683
5840
5740
5974
5831
5920
6005
6019
6059
6057
6102
6026
6078
6107
6068
6074
6131
6195
6097
6153
6264
6057
6219
6141
6216
6207
6265
6189
6079
6202
6156
6079
6046
6165
5996
6049
6126
6017
6042
6083
6148
5995
6060
5988
5963
6048
5982
6030
5975
5956
5872
6007
6096
5941
6018
5887
5941
5985
5943
5917
5856
5847
5808
5740
5645
5667
5602
5731
5859
5737
5747
5741
5750
5712
5625
5696
5740
5744
5684
5787
5744
5769
5922
5778
5997
5854
5948
5995
5879
5871
5809
5919
5954
5797
5779
5836
5871
5867
5962
5966
5962
5928
6000
5933
6066
5928
5886
5812
5813
5929
6129
5906
5748
5843
6001
5917
5891
5923
5875
5877
5987
5916
5901
5901
5876
6003
6057
6107
5987
5989
6124
6086
6146
6102
5991
6124
6152
6147
6133
6086
6191
