8.40821
8.40821
8.40821
8.40821
8.53605
8.53605
8.56349
8.56349
8.56349
8.56349
8.56349
8.56349
8.56349
8.56349
8.74088
8.74088
8.74088
8.74088
8.74088
8.74088
8.74088
8.74088
8.74088
8.74088
8.74088
8.74088
8.74088
8.74088
8.74088
8.74088
8.74088
8.74088
8.74088
8.74088
8.74088
8.74088
8.74088
8.74088
8.74088
8.74088
8.74088
8.74088
8.74088
8.74088
8.74088
8.74088
8.74088
8.74088
8.74088
8.74088
8.74088
8.74088
8.74088
8.74088
8.74088
8.74088
8.74088
8.74088
8.74088
8.74088
8.74088
8.74088
8.74088
8.74088
8.74088
8.74088
8.74088
8.74088
8.74088
8.74088
8.74088
8.74088
8.74088
8.74088
8.74088
8.74088
8.74088
8.74088
8.74088
8.74088
8.74088
8.74088
8.74088
8.74088
8.74088
8.74088
8.74088
8.74088
8.74088
8.74088
8.74088
8.74088
8.74088
8.74088
8.74088
8.74088
8.74088
8.74088
8.74088
8.74088
8.74088
8.74088
8.74088
8.74088
8.74088
8.74088
8.74088
8.74088
8.74088
8.74088
8.74088
8.74088
8.74088
8.74088
8.74088
8.74088
8.74088
8.74088
8.74088
8.74088
8.74088
8.74088
8.74088
8.74088
8.74088
8.74088
8.74088
8.74088
8.75317
8.75317
8.75317
8.75317
8.75317
8.75317
8.75317
8.75317
8.75317
8.75317
8.75317
8.75317
8.75317
8.75317
8.75317
8.75317
8.75317
8.75317
8.75317
8.75317
8.75317
8.75317
8.75317
8.75317
8.75317
8.75317
8.75317
8.75317
8.75317
8.75317
8.75317
8.75317
8.75317
8.75317
8.75317
8.75317
8.75317
8.75317
8.75317
8.75317
8.75317
8.75317
8.75317
8.75317
8.75317
8.75317
8.75317
8.75317
8.75317
8.75317
8.75317
8.75317
8.75317
8.75317
8.75317
8.75317
8.75317
8.75317
8.75317
8.75317
8.75317
8.75317
8.75317
8.75317
8.75317
8.75317
8.75317
8.75317
8.75317
8.75317
8.75317
8.75317
8.75317
8.75317
8.75317
8.75317
8.75317
8.75317
8.75317
8.75317
8.75317
8.75317
8.75317
8.75317
8.75317
8.75317
8.75317
8.75317
8.75317
8.75317
8.75317
8.75317
8.75317
8.75317
8.75317
8.75317
8.75317
8.75317
8.75317
8.75317
8.75317
8.75317
8.75317
8.75317
8.75317
8.75317
8.75317
8.75317
8.75317
8.75317
8.75317
8.75317
8.75317
8.75317
8.75317
8.75317
8.75317
8.75317
8.75317
8.75317
8.75317
8.75317
8.75317
8.75317
8.75317
8.75317
8.75317
8.75317
8.75317
8.75317
8.75317
8.75317
8.75317
8.75317
8.75317
8.75317
8.75317
8.75317
8.75317
8.75317
8.75317
8.75317
8.75317
8.75317
8.75317
8.75317
8.75317
8.75317
8.75317
8.75317
8.75317
8.75317
8.75317
8.75317
8.75317
8.75317
8.75317
8.75317
8.75317
8.75317
8.75317
8.75317
8.75317
8.75317
8.75317
8.75317
8.75317
8.75317
8.75317
8.75317
