95.3607
95.3888
95.3888
95.3866
95.3866
95.3866
95.3866
95.3866
95.3866
95.3902
95.3822
95.3871
95.3871
95.3871
95.3871
95.3871
95.0173
95.0173
95.0173
95.0173
95.0173
95.0173
95.0173
95.0268
95.0268
95.0268
95.0236
94.986
94.9864
94.9844
95.1199
94.7216
94.7216
94.7216
94.7216
94.7216
95.3379
95.2765
95.6511
95.6909
95.6909
95.6909
95.6815
95.6815
95.6815
95.6815
95.6815
95.6815
95.6815
95.6815
95.6815
95.6815
95.6815
95.6815
95.6815
95.6815
95.6815
95.6815
95.6815
95.6815
95.6815
95.6815
95.6815
95.6815
95.6815
95.6815
95.6815
95.6871
95.6871
95.6871
95.6871
95.6871
95.6871
95.6871
95.6871
95.6871
95.6871
95.6871
95.6871
95.6871
95.6871
95.6871
95.6871
95.6871
95.6871
95.6871
95.7114
95.7114
95.7114
95.7114
95.7114
95.7114
95.7114
95.7114
95.7114
95.7114
95.7114
95.7114
95.7114
95.7114
95.7114
95.7114
95.7114
95.7114
95.7667
95.7667
95.7667
95.7667
95.762
95.762
95.762
95.762
95.762
95.762
95.762
95.762
95.762
95.762
95.762
95.3816
95.3816
95.3816
95.3816
95.3816
95.3816
95.3737
95.3737
95.3737
95.3737
95.3737
95.3737
95.3737
95.4873
95.4873
95.4873
95.4873
95.4873
95.4873
95.4873
95.4873
95.4873
95.4873
95.4873
95.4873
95.4873
95.4873
95.4873
95.4873
95.4873
95.4873
95.4873
95.4873
95.4873
95.4271
95.4271
95.4271
95.4271
95.4271
95.4252
95.4252
95.4237
95.4237
95.4225
95.4225
95.2954
95.2954
95.2954
95.2954
95.2954
95.2954
95.2954
95.2954
95.2954
95.2954
95.2954
95.2954
95.1682
95.1682
95.1682
95.1682
95.1682
95.1682
95.1682
95.1682
95.1682
95.1682
95.1682
95.1682
95.1682
95.0449
95.0449
95.0449
95.0449
95.0449
95.0449
95.0449
95.0449
95.0449
95.0449
95.0449
95.0449
95.0449
95.0449
95.0449
95.0449
95.0449
95.0449
95.0449
95.0449
95.0449
95.0449
95.0449
95.0449
95.0449
95.0449
95.0449
94.9948
94.9948
94.9948
94.9948
94.9948
94.9948
94.9948
94.9948
94.9948
94.9922
94.9922
94.9922
94.9922
94.9922
94.9913
94.9913
94.9913
94.9913
94.9913
94.9913
94.9913
94.9913
94.9913
94.9913
94.9913
94.9913
94.9913
94.9913
94.9913
94.9913
94.9913
94.9913
94.9913
94.9913
94.9913
94.9913
94.9913
94.9913
94.9913
94.9913
94.9913
94.9913
94.9913
94.9913
94.9913
94.9913
94.9913
94.9913
94.9913
94.9913
94.9913
94.9913
94.9913
94.9913
94.9884
94.9884
94.9884
94.9884
94.9884
94.9884
94.9884
94.9884
94.9884
94.9884
94.9884
94.9884
94.9884
94.9884
94.9884
94.9884
94.9884
94.9884
94.9884
94.9884
94.9884
94.9884
94.9884
94.9884
94.9884
94.9884
94.9884
94.9884
