4.47113
4.47113
4.47113
4.47207
4.47207
4.47207
4.47207
4.47207
4.47207
4.47207
4.47437
4.47437
4.47437
4.47437
4.47437
4.47437
4.58069
4.58069
4.58069
4.58069
4.58069
4.58069
4.58069
4.58069
4.58069
4.58069
4.5816
4.5816
4.5816
4.58216
4.58216
4.69746
4.69746
4.69746
4.69746
4.69746
4.69746
4.71523
4.71523
4.71523
4.71523
4.71523
4.71523
4.71523
4.71523
4.71523
4.71523
4.71523
4.71523
4.71523
4.71523
4.71523
4.71523
4.71523
4.71523
4.71523
4.71523
4.71523
4.71523
4.71523
4.71523
4.71523
4.71523
4.71523
4.71523
4.71523
4.71523
4.71523
4.71523
4.71523
4.71523
4.71523
4.71523
4.71523
4.71523
4.71523
4.71523
4.71523
4.71523
4.71523
4.71523
4.71523
4.71523
4.71523
4.71523
4.71523
4.71523
4.71523
4.71523
4.71523
4.71523
4.71523
4.71523
4.71523
4.71523
4.71523
4.71523
4.71523
4.71523
4.71523
4.71523
4.71523
4.71523
4.71523
4.71523
4.71523
4.71523
4.71523
4.71658
4.71658
4.71658
4.71658
4.71658
4.71658
4.71658
4.71658
4.71658
4.71658
4.71658
4.82712
4.82712
4.82712
4.82712
4.82712
4.82712
4.8294
4.8294
4.8294
4.8294
4.8294
4.8294
4.8294
4.8294
4.8294
4.8294
4.8294
4.8294
4.8294
4.8294
4.8294
4.8294
4.8294
4.8294
4.8294
4.8294
4.8294
4.8294
4.8294
4.8294
4.8294
4.8294
4.8294
4.8294
4.8294
4.8294
4.8294
4.8294
4.8294
4.8294
4.8294
4.8294
4.8294
4.8294
4.8294
4.8294
4.8294
4.8294
4.8294
4.8294
4.8294
4.8294
4.8294
4.8294
4.8294
4.8294
4.8294
4.82966
4.82966
4.82966
4.82966
4.82966
4.82966
4.82966
4.82966
4.82966
4.82966
4.82966
4.82966
4.82966
4.82966
4.82966
4.82966
4.82966
4.82966
4.82966
4.82966
4.82966
4.82966
4.82966
4.82966
4.82966
4.82966
4.82966
4.82966
4.82966
4.82966
4.82966
4.82966
4.82966
4.82966
4.82966
4.82966
4.82966
4.82966
4.82966
4.82966
4.84547
4.84547
4.84547
4.84547
4.84547
4.84547
4.84547
4.84547
4.84547
4.84547
4.84547
4.84547
4.84547
4.84547
4.84577
4.84577
4.84577
4.84577
4.84577
4.84577
4.84577
4.84577
4.84577
4.84577
4.84577
4.84577
4.84577
4.84577
4.84577
4.84577
4.84577
4.84577
4.84577
4.84577
4.84577
4.84577
4.84577
4.84577
4.84577
4.84577
4.84577
4.84577
4.84577
4.84577
4.84577
4.84577
4.84577
4.84577
4.84577
4.84577
4.84577
4.84577
4.84577
4.84577
4.84667
4.84667
4.84667
4.84667
4.84667
4.84667
4.84667
4.84667
4.84667
4.84667
4.84667
4.84667
4.84667
4.84667
4.84667
4.84667
4.84667
4.84667
4.84667
4.84667
4.84667
4.84667
4.84667
4.84667
4.84667
4.84667
4.84667
4.84667
