5.21407
5.21407
5.21407
5.24688
5.24688
5.24688
5.24688
5.24688
5.24688
5.24688
5.24688
5.24688
5.24688
5.24688
5.24688
5.24688
5.24688
5.24688
5.24688
5.24688
5.24688
5.24688
5.24688
5.24688
5.24688
5.25156
5.25156
5.70313
5.70313
5.70313
5.70313
5.70313
5.70313
5.75781
5.75781
5.79063
5.79063
5.79063
5.79063
5.79063
5.79063
5.79063
5.79063
5.79063
5.79063
5.79063
5.79063
5.79063
5.79063
5.79063
5.79531
5.79531
5.85938
5.85938
5.85938
5.85938
5.85938
5.85938
5.85938
5.85938
5.85938
5.85938
5.96875
5.96875
5.96875
5.96875
5.96875
5.96875
5.96875
5.96875
5.96875
5.96875
5.96875
5.96875
5.96875
5.96875
5.96875
5.96875
5.96875
5.96875
5.96875
5.96875
5.96875
5.96875
5.96875
5.96875
5.96875
5.96875
5.96875
5.96875
5.96875
5.96875
5.96875
5.96875
5.96875
5.96875
5.96875
5.96875
5.96875
5.96875
5.96875
5.96875
5.96875
5.96875
5.96875
5.96875
5.96875
5.96875
5.96875
5.96875
5.96875
5.96875
5.96875
5.96875
5.96875
5.96875
5.96875
5.96875
5.96875
5.96875
5.96875
5.96875
5.96875
5.96875
5.96875
5.96875
5.96875
5.96875
5.96875
5.96875
5.96875
5.96875
5.96875
5.96875
5.96875
5.96875
5.96875
5.96875
5.96875
5.96875
5.96875
5.96875
5.96875
5.96875
5.96875
5.96875
5.96875
5.96875
5.96875
5.96875
5.96875
5.96875
5.96875
5.96875
5.96875
5.96875
5.96875
5.96875
5.96875
5.96875
5.96875
5.96875
5.96875
5.96875
5.96875
5.96875
5.96875
5.96875
5.96875
5.96875
5.96875
5.96875
6.00157
6.00157
6.00157
6.00157
6.00157
6.00157
6.00157
6.00157
6.00157
6.00157
6.00157
6.00157
6.00157
6.00157
6.00157
6.07656
6.07656
6.18594
6.18594
6.18594
6.18594
6.18594
6.18594
6.18594
6.18594
6.18594
6.18594
6.18594
6.18594
6.18594
6.18594
6.18594
6.18594
6.18594
6.18594
6.18594
6.18594
6.18594
6.18594
6.18594
6.18594
6.18594
6.19844
6.19844
6.19844
6.19844
6.19844
6.19844
6.19844
6.19844
6.19844
6.19844
6.19844
6.19844
6.19844
6.19844
6.19844
6.21406
6.21406
6.21406
6.21406
6.21406
6.21406
6.21406
6.21406
6.21406
6.21406
6.21406
6.21406
6.21406
6.21406
6.21406
6.21406
6.21406
6.21406
6.21406
6.21406
6.21406
6.21406
6.21406
6.21406
6.21406
6.21406
6.21406
6.21406
6.21406
6.21406
6.21406
6.21406
6.21406
6.21406
6.21406
6.21406
6.21406
6.21406
6.21406
6.21406
6.21406
6.21406
6.21406
6.21406
6.21406
6.21406
6.21406
6.21406
6.21406
6.21406
6.21406
6.21406
6.21406
6.21406
6.21406
6.21406
6.21406
6.21406
6.21406
6.21406
6.21406
6.21406
6.21406
6.21406
6.21406
6.21406
6.21406
6.21406
6.21406
