8.1655
8.16956
8.16956
8.16956
8.16956
8.16956
8.16956
8.16956
8.16956
8.16956
8.16956
8.16956
8.16956
8.16956
8.16956
8.16956
8.16956
8.16956
8.16956
8.16956
8.16956
8.16956
8.16956
8.16956
8.16956
8.16956
8.16956
8.23148
8.23148
8.23148
8.23148
8.23148
8.23148
8.23148
8.23148
8.23148
8.23148
8.23148
8.23148
8.23148
8.23148
8.23148
8.24511
8.24511
8.24511
8.24511
8.24511
8.24511
8.24511
8.24511
8.24511
8.24511
8.24511
8.24511
8.24511
8.24511
8.24511
8.24511
8.24511
8.24511
8.24511
8.24511
8.24511
8.24511
8.24511
8.24511
8.24511
8.24511
8.24511
8.24511
8.24511
8.24511
8.24511
8.24511
8.24511
8.24511
8.24511
8.24511
8.24511
8.24511
8.24511
8.24511
8.24511
8.24511
8.24511
8.24511
8.24511
8.24511
8.24511
8.24511
8.24511
8.24511
8.24511
8.24511
8.24511
8.24511
8.24511
8.24511
8.24511
8.24511
8.24511
8.24511
8.24511
8.24511
8.24511
8.24511
8.24511
8.24511
8.24511
8.24511
8.24511
8.24511
8.24511
8.24511
8.24511
8.24511
8.24511
8.24511
8.24511
8.24511
8.24511
8.24511
8.24511
8.24511
8.24511
8.24511
8.24511
8.24511
8.24511
8.24511
8.24511
8.24511
8.24511
8.24511
8.24511
8.24511
8.24511
8.24511
8.24511
8.24511
8.24511
8.24511
8.24511
8.24511
8.24511
8.24511
8.24511
8.24511
8.24511
8.24511
8.24511
8.24511
8.24511
8.33714
8.33714
8.33714
8.33714
8.33714
8.34002
8.34002
8.34237
8.34237
8.34419
8.34419
8.54567
8.54567
8.54567
8.54567
8.54567
8.54567
8.54567
8.54567
8.54567
8.54567
8.54567
8.54567
8.7557
8.7557
8.7557
8.7557
8.7557
8.7557
8.7557
8.7557
8.7557
8.7557
8.7557
8.7557
8.7557
8.97098
8.97098
8.97098
8.97098
8.97098
8.97098
8.97098
8.97098
8.97098
8.97098
8.97098
8.97098
8.97098
8.97098
8.97098
8.97098
8.97098
8.97098
8.97098
8.97098
8.97098
8.97098
8.97098
8.97098
8.97098
8.97098
8.97098
8.97098
8.97098
8.97098
8.97098
8.97098
8.97098
8.97098
8.97098
8.97098
8.97555
8.97555
8.97555
8.97555
8.97555
8.97555
8.97555
8.97555
8.97555
8.97555
8.97555
8.97555
8.97555
8.97555
8.97555
8.97555
8.97555
8.97555
8.97555
8.97555
8.97555
8.97555
8.97555
8.97555
8.97555
8.97555
8.97555
8.97555
8.97555
8.97555
8.97555
8.97555
8.97555
8.97555
8.97555
8.97555
8.97555
8.97555
8.97555
8.97555
8.97555
8.97555
8.97555
8.97555
8.97555
8.97555
8.97555
8.97555
8.97555
8.97555
8.97555
8.97555
8.97555
8.97555
8.97555
8.97555
8.97555
8.97555
8.97555
8.97555
8.97555
8.97555
8.97555
8.97555
8.97555
8.97555
8.97555
8.97555
8.97555
8.97555
8.97555
8.97555
8.97555
