2058
1981
2040
2044
1927
2021
1916
1956
1959
2000
1912
1955
1919
1641
1883
1915
1881
1780
1868
1861
1304
1927
2014
1988
2067
2037
2199
2317
2201
2420
2387
2209
2493
2205
2358
2310
2333
2430
2456
2423
2451
2578
2493
2458
2472
2492
2529
2356
2599
2524
2597
2541
2551
2517
2535
2569
2605
2505
2554
2462
2581
2534
2504
2569
2604
2639
2590
2594
2606
2568
2587
2657
2504
2648
2499
2382
2562
2497
2577
2575
2675
2731
2457
2589
2567
2639
2651
2545
2652
2571
2584
2620
2646
2563
2487
2360
2624
2520
2543
2585
2526
2586
2629
2611
2543
2653
2598
2660
2376
2594
2491
2433
2487
2437
2646
2492
2441
2464
2551
2578
2521
2460
2381
2441
2416
2464
2362
2433
2370
2285
2349
2170
2360
2198
2043
2317
2300
2010
2312
2224
1947
2324
2216
2349
2189
2380
2310
2269
2275
2347
2399
2269
2465
2496
2495
2504
2494
2499
2534
2591
2522
2679
2546
2549
2645
2684
2611
2607
2655
2689
2715
2663
2741
2695
2664
2656
2715
2676
2714
2696
2697
2696
2743
2684
2775
2681
2731
2648
2723
2757
2684
2704
2800
2729
2689
2711
2703
2757
2754
2790
2741
2694
2651
2519
2669
2790
2712
2645
2664
2702
2711
2640
2659
2637
2771
2627
2636
2699
2652
2647
2624
2600
2798
2618
2695
2547
2606
2511
2687
2657
2577
2582
2745
2641
2665
2729
2849
2661
2720
2580
2562
2636
2739
2774
2700
2770
2635
2671
2718
2643
2521
2674
2631
2665
2629
2609
2769
2743
2763
2843
2853
2776
2748
2798
2861
2648
2740
2782
2794
2629
2878
2802
2852
2791
2679
2750
2741
2730
2721
2824
2747
2716
2661
2752
2783
2837
2752
2739
2874
2811
2902
2557
2774
2708
2807
2707
2869
2810
