6.00355
6.01239
6.01239
6.01271
6.01271
6.01271
6.01271
6.01271
6.01271
6.01376
6.01376
6.01516
6.01516
6.01516
6.01516
6.01516
6.01516
6.01516
6.01516
6.01516
6.01516
6.01516
6.01516
6.01787
6.01787
6.01787
6.01787
6.01787
6.01798
6.01798
6.05719
6.05719
6.05719
6.05719
6.05719
6.05719
6.23565
6.23565
6.34426
6.35581
6.35581
6.35581
6.35581
6.35581
6.35581
6.35581
6.35581
6.35581
6.35581
6.35581
6.35581
6.35581
6.35581
6.35581
6.35581
6.35581
6.35581
6.35581
6.35581
6.35581
6.35581
6.35581
6.35581
6.35581
6.35581
6.35581
6.35581
6.35744
6.35744
6.35744
6.35744
6.35744
6.35744
6.35744
6.35744
6.35744
6.35744
6.35744
6.35744
6.35744
6.35744
6.35744
6.35744
6.35744
6.35744
6.35744
6.36448
6.36448
6.36448
6.36448
6.36448
6.36448
6.36448
6.36448
6.36448
6.36448
6.36448
6.36448
6.36448
6.36448
6.36448
6.36448
6.36448
6.36448
6.38055
6.38055
6.38055
6.38055
6.38055
6.38055
6.38055
6.38055
6.38055
6.38055
6.38055
6.38055
6.38055
6.38055
6.38055
6.38055
6.38055
6.38055
6.38055
6.38055
6.38055
6.38055
6.38055
6.38055
6.38055
6.38055
6.38055
6.38055
6.41354
6.41354
6.41354
6.41354
6.41354
6.41354
6.41354
6.41354
6.41354
6.41354
6.41354
6.41354
6.41354
6.41354
6.41354
6.41354
6.41354
6.41354
6.41354
6.41354
6.41354
6.41354
6.41354
6.41354
6.41354
6.41354
6.41354
6.41354
6.41354
6.41354
6.41354
6.41354
6.41354
6.41354
6.41354
6.41354
6.41354
6.41354
6.41354
6.41354
6.41354
6.41354
6.41354
6.41354
6.41354
6.41354
6.41354
6.41354
6.41354
6.41354
6.41354
6.41354
6.41354
6.41354
6.41354
6.41354
6.41354
6.41354
6.41354
6.41354
6.41354
6.41354
6.41354
6.41354
6.41354
6.41354
6.41354
6.41354
6.41354
6.41354
6.41354
6.41354
6.41354
6.41354
6.41354
6.41354
6.41354
6.41354
6.41354
6.41354
6.41354
6.41354
6.41354
6.41354
6.41354
6.41354
6.41354
6.41354
6.41354
6.41354
6.41354
6.41354
6.41354
6.41354
6.41354
6.41354
6.41354
6.41354
6.41354
6.41354
6.41354
6.41354
6.41354
6.41354
6.41354
6.41354
6.41354
6.41354
6.41354
6.41354
6.41354
6.41354
6.41354
6.41354
6.41354
6.41354
6.41354
6.41354
6.41354
6.41354
6.41354
6.41354
6.41354
6.41354
6.41354
6.41354
6.41354
6.41354
6.41354
6.41354
6.41354
6.41354
6.41354
6.41354
6.41354
6.41354
6.41354
6.41354
6.41354
6.41354
6.41354
6.41354
6.41354
6.41354
6.41354
6.41354
6.41354
6.41354
6.41354
6.41354
6.41354
6.41354
6.41354
6.41354
6.41354
6.41354
6.41354
6.41354
6.41354
6.41354
6.41354
6.41354
6.41354
6.41354
6.41354
6.41354
