3.55674
3.55934
3.55934
3.55934
3.55934
3.55934
3.55934
3.55934
3.55934
3.55934
3.55934
3.55934
3.55934
3.55934
3.55934
3.55934
3.55934
3.55934
3.55934
3.55934
3.55934
3.55934
3.56032
3.56032
3.56032
3.56032
3.56032
3.56032
3.56032
3.56032
3.56032
3.66625
3.66625
3.66625
3.66625
3.66625
3.66625
3.66625
3.8858
3.8858
3.88583
3.88583
3.88583
3.88583
3.88583
3.88583
3.88583
3.88583
3.88583
3.88583
4.17298
4.17298
4.17298
4.17298
4.17298
4.17298
4.17298
4.17298
4.17298
4.17298
4.17298
4.17298
4.17298
4.17298
4.17298
4.17298
4.17298
4.17298
4.17298
4.17298
4.17298
4.17298
4.17298
4.17298
4.17298
4.17298
4.17298
4.17298
4.17298
4.17298
4.17298
4.17298
4.17298
4.17298
4.17298
4.17298
4.17298
4.17298
4.17298
4.17298
4.17298
4.17298
4.17298
4.17298
4.17298
4.17298
4.17298
4.17298
4.17298
4.17298
4.17298
4.17298
4.17298
4.17298
4.17298
4.17298
4.17298
4.17298
4.17298
4.17298
4.17298
4.17298
4.17298
4.17298
4.17298
4.17298
4.17298
4.17298
4.17298
4.17298
4.17298
4.17298
4.17298
4.17298
4.17298
4.17298
4.17298
4.17298
4.17298
4.17298
4.17298
4.17298
4.17298
4.17298
4.17298
4.17298
4.17298
4.17298
4.17298
4.17298
4.17298
4.17298
4.37982
4.37982
4.37982
4.37982
4.38222
4.38222
4.38222
4.38222
4.38222
4.38222
4.38222
4.38222
4.38222
4.38222
4.38222
4.38222
4.38222
4.38222
4.38222
4.38222
4.38222
4.38222
4.38222
4.38222
4.38222
4.38222
4.38222
4.38222
4.38222
4.38222
4.38222
4.38222
4.38222
4.38222
4.38222
4.38222
4.38222
4.38222
4.38222
4.38222
4.38222
4.38222
4.38222
4.38222
4.38222
4.38222
4.38222
4.38222
4.38222
4.38222
4.38222
4.38222
4.38222
4.38222
4.38228
4.38228
4.38228
4.38228
4.38228
4.38228
4.38228
4.38228
4.38228
4.38228
4.38228
4.38228
4.38228
4.38228
4.38228
4.38228
4.38228
4.38228
4.38228
4.38228
4.38228
4.38228
4.38228
4.38228
4.38228
4.38228
4.38228
4.38228
4.38228
4.38228
4.38228
4.38228
4.38228
4.38228
4.38228
4.38228
4.38228
4.38228
4.38228
4.38228
4.38228
4.38228
4.38228
4.38228
4.38228
4.38228
4.38228
4.38228
4.38228
4.38228
4.38228
4.38228
4.38228
4.38228
4.38228
4.38228
4.38228
4.38228
4.38228
4.38228
4.38228
4.38228
4.38228
4.38228
4.38228
4.38228
4.38228
4.38228
4.38228
