7.83907
7.88594
8.13594
8.23594
8.52969
8.52969
8.52969
8.52969
8.52969
8.52969
8.52969
8.52969
8.52969
8.52969
8.54219
8.54219
8.54219
8.54219
8.54219
8.54219
8.54219
8.54219
8.72031
8.72031
8.72031
8.72031
8.72031
8.72031
8.72031
8.72031
8.72031
8.775
8.775
8.775
8.775
8.775
8.83906
8.83906
8.83906
8.83906
8.83906
8.83906
8.83906
8.83906
8.83906
8.83906
8.83906
8.83906
8.83906
8.83906
8.83906
8.83906
8.83906
8.83906
8.83906
8.83906
8.83906
8.83906
8.83906
8.83906
8.83906
8.83906
8.83906
8.83906
8.83906
8.83906
8.83906
8.83906
8.83906
8.83906
8.83906
8.83906
8.83906
8.83906
8.83906
8.83906
8.83906
8.83906
8.83906
8.83906
8.83906
8.83906
8.83906
8.83906
8.83906
8.83906
8.83906
8.83906
8.83906
8.83906
8.83906
8.83906
8.83906
8.83906
8.83906
8.83906
8.83906
8.83906
8.83906
8.83906
8.83906
8.83906
8.83906
8.83906
8.83906
8.83906
8.83906
8.83906
8.83906
8.83906
8.83906
8.83906
8.83906
8.83906
8.83906
8.83906
8.83906
8.83906
8.83906
8.83906
8.83906
8.83906
8.83906
8.83906
8.83906
8.83906
8.83906
8.83906
8.83906
8.83906
8.83906
8.83906
8.83906
8.83906
8.83906
8.83906
8.83906
8.83906
8.83906
8.83906
8.83906
8.83906
8.8625
8.8625
8.8625
8.8625
9.75
9.75
9.75
9.75
9.75
9.75
9.75
9.75
9.75
9.75
9.75
9.75
9.75
9.75
9.75
9.75
9.75
9.75
9.75
9.75
9.75
9.75
9.75
9.75
9.75
9.75
9.75
9.75
9.75
9.75
9.75
9.75
9.75
9.75
9.75
9.75
9.75
9.75
9.75
9.75
9.75
9.75
9.75
9.75
9.75
9.75
9.75
9.75
9.75
9.75
9.775
9.775
9.775
9.775
9.775
9.775
9.775
9.775
9.775
9.775
9.775
9.775
9.775
9.775
9.775
9.775
9.775
9.775
9.775
9.775
9.775
9.775
9.775
9.775
9.775
9.775
9.775
9.775
9.775
9.775
9.775
9.775
9.775
9.775
9.775
9.775
9.775
9.775
9.775
9.775
9.775
9.775
9.775
9.775
9.775
9.775
9.775
9.775
9.775
9.775
9.775
9.775
9.775
9.775
9.775
9.775
9.81407
9.81407
9.81407
9.81407
9.81407
9.81407
9.81407
9.81407
9.81407
9.81407
9.81407
9.81407
9.81407
