8.61483
8.61483
8.78169
8.78169
8.78169
8.78169
8.78169
8.78169
8.78169
8.78169
8.78169
8.78169
8.78169
8.78169
8.78169
8.78169
8.78169
8.78169
8.78169
8.78169
8.78169
8.78169
8.78169
8.78169
8.78169
8.78169
8.78169
8.78169
8.78169
8.78169
8.78169
8.78169
8.78169
8.78169
8.78169
8.78169
8.80377
8.80377
8.80377
8.80377
8.80377
9.14608
9.14608
9.14608
9.14608
9.14608
9.14608
9.14608
9.14608
9.14608
9.14608
9.35657
9.35657
9.35657
9.35657
9.35657
9.35657
9.35657
9.35657
9.35657
9.35657
9.4574
9.4574
9.4574
9.4574
9.4574
9.4574
9.4574
9.4574
9.4574
9.4574
9.4574
9.4574
9.4574
9.4574
9.4574
9.4574
9.4574
9.4574
9.4574
9.4574
9.4574
9.4574
9.4574
9.4574
9.4574
9.4574
9.4574
9.4574
9.4574
9.4574
9.4574
9.4574
9.4574
9.4574
9.4574
9.4574
9.4574
9.4574
9.4574
9.4574
9.4574
9.4574
9.55543
9.55543
9.55543
9.55543
9.55543
9.55543
9.55543
9.55543
9.55543
9.55543
9.55543
9.55543
9.55543
9.55543
9.55543
9.55543
9.55543
9.55543
9.55543
9.55543
9.55543
9.55543
9.55543
9.55543
9.55543
9.55543
9.55543
9.55543
9.55543
9.55543
9.55543
9.55543
9.55543
9.55543
9.55543
9.55543
9.55543
9.55543
9.55543
9.55543
9.55543
9.55543
9.55543
9.55543
9.55543
9.55543
9.55543
9.55543
9.55543
9.55543
9.55543
9.55543
9.55543
9.55543
9.55543
9.73358
9.73358
9.73358
9.73358
9.73358
9.73358
9.73358
9.73358
9.73358
9.73358
9.73358
9.73358
9.73358
9.73358
9.73358
9.73358
9.73358
9.73358
9.73358
9.73358
9.73358
9.73358
9.73358
9.73358
9.73358
9.73358
9.73358
9.73358
9.73358
9.73358
9.73358
9.73358
9.73358
9.73358
9.73358
9.73358
9.73358
9.73358
9.73358
9.73358
9.73358
9.73358
9.73358
9.73358
9.73358
9.73358
9.73358
9.73358
9.73358
9.73358
9.73358
9.73358
9.73358
9.73358
9.73358
9.73358
9.73358
9.73358
9.73358
9.73358
9.73358
9.73358
9.73358
9.73358
9.73358
9.73358
9.73358
9.73358
9.73358
9.73358
9.73358
9.73358
9.73358
9.73358
9.73358
9.73358
9.73358
9.73358
9.73358
9.73358
9.73358
9.73358
9.73358
9.73358
9.73358
9.73358
9.73358
9.73358
9.73358
9.73358
9.73358
9.73358
9.73358
9.73358
9.73358
9.73358
9.73358
9.73358
9.73358
9.73358
9.73358
9.73358
9.73358
9.73358
9.73358
9.73358
9.73358
