2698
2618
2644
2646
2685
2447
2547
2489
2507
2517
2422
2380
2363
2383
2382
2356
2354
2379
2385
2239
2480
2430
2419
2380
2392
2450
2440
2562
2643
2539
2568
2536
2618
2609
2521
2612
2654
2584
2502
2605
2630
2613
2518
2658
2697
2712
2594
2690
2620
2666
2688
2504
2624
2515
2611
2654
2672
2526
2516
2699
2653
2526
2555
2503
2513
4416
2380
2488
2223
2442
2355
2376
2407
2335
2456
4210
2408
2424
2320
2324
2395
2405
2285
2524
2433
2528
2584
2486
2504
2481
2484
4235
2474
4254
2397
2432
2192
2414
4131
2373
2314
4108
4128
2414
2205
2301
2364
2296
2331
3895
2285
2239
2695
2252
2148
3969
2203
2252
2294
2163
2209
2229
2080
2159
2249
2222
2177
2430
2195
3955
2307
4030
2363
2405
2458
2508
2517
2503
2618
2642
2718
2650
4744
2609
2638
2712
2780
2682
2808
4757
2684
2785
2715
2795
2758
2621
2678
2753
2601
2762
2676
2720
2752
2580
2684
2758
2706
2779
2815
2721
2708
2751
2699
2663
2756
2805
2665
2608
2760
2830
2718
2838
2834
2752
2758
2679
2792
2751
2779
2799
2796
2650
2803
2668
2708
2856
2676
2757
2666
2685
2851
2689
2669
2605
2687
2790
2726
2667
2783
2695
2815
2668
2767
2763
2665
2688
2649
2540
2692
2646
2533
2619
2614
2560
2604
2552
2616
2552
2428
2525
2641
2508
2515
2538
2452
2517
2478
2431
2441
2365
2502
2471
2384
2461
2316
2369
2410
2417
2449
2471
2394
2357
2388
2378
2256
2309
2293
2398
2399
2349
2495
2578
2336
2353
2539
