3.25874
3.25874
3.26415
3.26415
3.26415
3.26415
3.26415
3.26415
3.26446
3.45115
3.45115
3.53972
3.53972
3.53972
3.53972
3.53972
3.53972
3.53972
3.53972
3.53972
3.53972
3.53972
3.53972
3.53972
3.53972
3.53972
3.53972
3.53972
3.53972
3.53972
3.53972
3.53972
3.54498
3.54498
3.54498
3.54498
3.54498
3.54498
3.54498
3.54498
3.54498
3.54498
3.54498
3.54498
3.54498
3.54498
3.54498
3.54498
3.54498
3.54498
3.54498
3.54498
3.54498
3.54498
3.54498
3.54498
3.54498
3.54498
3.54498
3.54498
3.54498
3.54498
3.54498
3.54498
3.54498
3.54498
3.54498
3.54498
3.54498
3.54498
3.54498
3.54498
3.54498
3.54498
3.54498
3.54498
3.54498
3.54498
3.54498
3.54498
3.54498
3.54498
3.54498
3.54498
3.54498
3.54498
3.54498
3.54498
3.54498
3.54498
3.54498
3.54498
3.54498
3.54498
3.54498
3.54498
3.54498
3.54498
3.54498
3.54498
3.54498
3.54498
3.54498
3.54498
3.54498
3.54498
3.54498
3.54498
3.54498
3.54498
3.54498
3.54498
3.54498
3.54498
3.54498
3.54498
3.54498
3.54498
3.54498
3.54498
3.54498
3.54498
3.54498
3.54498
3.54498
3.54498
3.54498
3.54498
3.54498
3.54498
3.54498
3.54498
3.54498
3.54498
3.54498
3.54498
3.54498
3.54498
3.54498
3.54498
3.54498
3.54498
3.54498
3.54498
3.54498
3.54498
3.54498
3.54498
3.54498
3.54498
3.54498
3.54498
3.54498
3.54498
3.54498
3.54498
3.54498
3.54498
3.54498
3.54498
3.54498
3.54498
3.54498
3.54498
3.54498
3.54498
3.54498
3.54498
3.54498
3.54498
3.54498
3.54498
3.54498
3.54498
3.54498
3.54498
3.54498
3.54498
3.54498
3.54498
3.54498
3.54498
3.54498
3.54498
3.54498
3.54498
3.54498
3.54498
3.54498
3.54498
3.54498
3.54498
3.54498
3.54498
3.54498
3.54498
3.54498
3.54498
3.54498
3.54498
3.54498
3.54498
3.54498
3.54498
3.54498
3.54498
3.54498
3.54498
3.54498
3.54498
3.54498
3.54498
3.54498
3.54498
3.54498
3.54498
3.54498
3.54498
3.54498
3.54498
3.54498
3.54498
3.54498
3.54498
3.54498
3.54498
3.54498
3.54498
3.54498
3.54498
3.54498
3.54498
3.54498
3.54498
3.54498
3.54498
3.54498
3.54498
3.54498
3.54498
3.54498
3.54498
3.54498
3.54498
3.54498
3.54498
3.54498
3.54498
3.54498
3.54498
3.54498
3.54498
3.54498
3.54498
3.54498
3.54498
3.54498
3.54498
3.54498
3.54498
3.54498
3.54498
3.54498
3.54498
3.54498
