97.0102
97.0052
97.0415
96.8539
96.8539
96.8539
96.8589
97.1085
97.1085
97.1083
97.1083
97.1083
97.1083
97.1083
97.1083
97.108
97.108
97.108
97.108
97.108
97.0847
97.0847
97.0038
97.0038
96.5571
96.5571
96.5162
96.5162
96.5162
96.5162
96.5162
96.5162
96.5162
96.5162
96.5162
96.5162
96.5162
96.5162
96.5142
96.5142
96.5142
96.5142
96.5142
96.5142
96.5142
96.5142
96.5142
96.5142
96.5132
96.5132
96.5132
96.5132
96.5296
96.5296
96.5296
96.5296
96.5296
96.5304
96.5304
96.2193
96.2193
96.2193
96.2193
96.2193
96.2193
96.2193
96.2193
96.2193
96.2193
96.2193
96.2193
96.2193
96.2193
96.2193
96.2193
96.2193
96.2193
96.2193
96.2193
96.2193
96.2193
96.2193
96.2193
96.2193
96.2193
96.2193
96.2193
96.2193
96.2193
96.2193
96.2193
96.2193
96.2193
96.2193
96.2193
96.2193
96.2193
96.2203
96.2203
96.2203
96.2203
96.2203
96.2203
96.2203
96.2203
96.2203
96.2203
96.2203
96.2203
96.2203
96.2203
96.2203
96.2203
96.2203
96.2203
96.2203
96.2203
96.2203
96.2203
96.2203
96.2203
96.2203
96.2203
96.2203
96.2203
96.2203
96.2203
96.2203
96.2203
96.2203
96.2203
96.2203
96.2203
96.2203
96.2203
96.2203
96.2218
96.2218
96.2218
96.2218
96.2218
96.2218
96.2218
96.2218
96.2218
96.2218
96.2218
96.2218
96.2218
96.2218
96.2218
96.2218
96.2218
96.2218
96.2218
96.2218
96.2218
96.2218
96.2218
96.2218
96.2218
96.2218
96.2218
96.2218
96.2218
96.2218
96.2218
96.2218
96.2218
96.2218
96.2218
96.2218
96.2218
96.2218
96.2218
96.2218
96.2218
96.2218
96.2218
96.2218
96.2218
96.2218
96.2218
96.2218
96.2218
96.2218
96.2218
96.2218
96.2218
96.2218
96.2218
96.2218
96.2218
96.2218
96.2218
96.2218
96.2218
96.2218
96.2218
96.2218
96.2218
96.2218
96.2218
96.2218
96.2218
96.2218
96.2218
96.2218
96.2218
96.2218
96.2218
96.2218
96.2218
96.2218
96.2218
96.2218
96.2218
96.2218
96.2218
96.2218
96.2218
96.2218
96.2218
96.2218
96.2218
96.2218
96.2218
96.2218
96.2218
96.2218
96.2218
96.2218
96.2218
96.2218
96.2218
96.2218
96.2218
96.2218
96.2218
96.2218
96.2218
96.2218
96.2218
96.2218
96.2218
96.2218
96.2218
96.2218
96.2218
96.2218
96.2218
96.2218
96.2218
96.2218
96.2218
96.2218
96.2218
96.2218
96.2218
96.2218
96.2218
96.2218
96.2212
96.2212
96.2212
96.2212
96.2212
96.2212
96.2212
96.2212
96.2212
96.2212
96.2212
96.2212
96.2212
96.2212
96.2212
96.2212
96.2212
96.2212
96.2212
96.2165
96.2165
96.2165
96.2165
96.2165
96.2165
96.2165
96.2165
96.2165
96.2165
96.2165
96.2165
