0.64567
0.64567
0.676849
0.868797
0.868797
0.868797
0.868797
0.868797
0.868797
0.868797
0.868797
0.868797
0.868797
0.868797
0.868797
0.868797
0.868797
0.868797
0.868797
0.868797
0.904334
0.904334
0.904334
0.904334
1.41594
1.41594
1.46273
1.46273
1.46273
1.46273
1.46273
1.46273
1.46273
1.46273
1.46273
1.46273
1.46273
1.46273
1.46273
1.46273
1.46273
1.46273
1.46273
1.46273
1.46273
1.46273
1.46273
1.46273
1.46273
1.46273
1.46273
1.46273
1.46273
1.46273
1.46273
1.46273
1.46273
1.46273
1.46273
1.46273
1.46273
1.46273
1.46273
1.46273
1.46273
1.46273
1.46273
1.46273
1.46273
1.46273
1.46273
1.46273
1.46273
1.46273
1.46273
1.46273
1.46273
1.46273
1.46273
1.46273
1.46273
1.46273
1.46273
1.46273
1.46273
1.46273
1.46273
1.46273
1.46273
1.46273
1.46273
1.46273
1.46273
1.46273
1.46273
1.46273
1.46273
1.46273
1.46273
1.46273
1.46273
1.46273
1.46273
1.46273
1.46273
1.46273
1.46273
1.46273
1.46273
1.46273
1.46273
1.46273
1.46273
1.46273
1.46273
1.46273
1.46273
1.46273
1.46273
1.46273
1.46273
1.46273
1.46273
1.46273
1.46273
1.46273
1.46273
1.46273
1.46273
1.46273
1.46273
1.46273
1.46273
1.46273
1.46273
1.46273
1.46273
1.46273
1.46273
1.46273
1.46273
1.46273
1.46273
1.46273
1.46273
1.46273
1.46273
1.46273
1.46273
1.46273
1.46273
1.46273
1.46273
1.46273
1.46273
1.46273
1.46273
1.46273
1.46273
1.46273
1.46273
1.46273
1.46273
1.46273
1.46273
1.46273
1.46273
1.46273
1.46273
1.46273
1.46273
1.46273
1.46273
1.46273
1.46273
1.46273
1.46273
1.46273
1.46273
1.46273
1.46273
1.46273
1.46273
1.46273
1.46273
1.46273
1.46273
1.46273
1.46273
1.46273
1.46273
1.46273
1.46273
1.46273
1.46273
1.46273
1.46273
1.46273
1.46273
1.46273
1.46273
1.46273
1.46273
1.46273
1.46273
1.46273
1.46273
1.46273
1.46273
1.46273
1.46273
1.46273
1.46273
1.46273
1.46273
1.46273
1.46273
1.46273
1.46273
1.46273
1.46273
1.46273
1.46273
1.46273
1.46273
1.46273
1.46273
1.46273
1.46273
1.46273
1.46273
1.46273
1.46273
1.46273
1.46273
1.46273
1.46273
1.46273
1.46273
1.46273
1.46273
1.46273
1.46273
1.46273
1.46273
1.46273
1.46273
1.46273
1.46273
1.46273
1.46273
1.46273
1.46273
1.46273
1.46273
1.46273
1.46273
1.46273
1.46273
1.46273
1.46273
1.46273
1.46273
1.46273
1.46273
1.46273
1.46273
1.46273
1.46273
1.46273
1.46273
1.46273
1.46273
1.46273
1.46273
1.46273
1.46273
1.46273
1.46273
1.46273
1.46273
1.46273
1.46273
1.46273
1.46273
1.46273
1.46273
1.46273
1.46273
1.46273
1.46273
1.46273
1.46273
