39.7969
39.8391
40.5875
41.0281
41.0281
41.0281
41.0281
41.0281
41.0281
41.0281
41.0281
41.0281
41.0281
41.0281
41.0281
41.0281
41.0281
41.0281
41.0281
41.0281
41.0281
41.1656
41.1656
41.1656
41.1656
41.1656
41.1656
41.1656
41.1656
41.2781
41.2781
41.2781
41.2781
41.2781
41.2781
41.2781
41.2781
41.2781
41.2781
41.2781
41.2781
41.2781
41.2781
41.2781
41.2781
41.2781
41.2781
41.2781
41.2781
41.2781
41.2781
41.2781
41.2781
41.2781
41.2781
41.2781
41.2781
41.2781
41.2781
41.2781
41.2781
41.2781
41.2781
41.2781
41.2781
41.2781
41.2781
41.2781
41.2781
41.2781
41.2781
41.2781
41.2781
41.2781
41.2781
41.2781
41.2781
41.2781
41.2781
41.2781
41.2781
41.2781
41.2781
41.2781
41.2781
41.2781
41.2781
41.2781
41.2828
41.3297
41.3297
41.3297
41.3297
41.3297
41.3297
41.3297
41.3297
41.3297
41.3297
41.3297
41.3297
41.3297
41.3297
41.3297
41.3297
41.3297
41.3297
41.3297
41.3297
41.3297
41.3297
41.3297
41.3297
41.3297
41.3297
41.3297
41.3297
41.3297
41.3297
41.3656
41.3656
41.3656
41.3656
41.3656
41.3781
41.3781
41.3781
41.3781
41.3781
41.3781
41.3781
41.3781
41.3781
41.3781
41.3781
41.3781
41.3781
41.3781
41.3781
41.3781
41.3781
41.3781
41.3781
41.3781
41.3781
41.3781
41.3781
41.3781
41.3781
41.3781
41.3781
41.3781
41.3781
41.3781
41.3781
41.3781
41.3781
41.3781
41.3781
41.3781
41.3781
41.3781
41.3781
41.3781
41.3781
41.3781
41.3781
41.3781
41.3781
41.3781
41.3781
41.3781
41.3781
41.3781
41.3781
41.3781
41.3781
41.3781
41.3781
41.3781
41.3781
41.3781
41.3781
41.3781
41.3781
41.3781
41.3906
41.3906
41.3906
41.3906
41.3906
41.3906
41.3906
41.3906
41.3906
41.3906
41.3906
41.3906
41.3906
41.3906
41.3906
41.3906
41.3906
41.3906
41.3906
41.3906
41.3906
41.3906
41.3906
41.3906
41.3906
41.3906
41.3906
41.3906
41.3906
41.3906
41.3906
41.3906
41.3906
41.3906
41.3906
41.3906
41.3906
41.3906
41.3906
41.3906
41.3906
41.3906
41.3906
41.3906
41.3906
41.3906
41.3906
41.3906
41.3906
41.3906
41.3906
41.3906
41.3906
41.3906
41.3906
41.3906
41.3906
41.3906
41.3906
41.3906
41.3906
41.3906
41.3906
41.3906
41.3906
41.3906
41.3906
41.3906
41.3906
41.3906
41.3906
41.3906
41.3906
41.3906
41.3906
41.3906
41.3906
41.3906
41.3906
41.3906
41.3906
41.3906
41.3906
41.3906
41.3906
41.3906
41.3906
41.3906
41.3906
41.3906
41.3906
41.3906
41.3906
41.3906
41.3906
41.3906
41.3906
41.3906
41.3906
41.3906
41.3906
41.3906
41.3906
41.3906
41.3906
41.3906
41.3906
