31.6556
31.6954
31.8
31.9754
31.9754
31.9754
31.9754
31.9754
31.9754
31.9761
31.9761
31.9761
31.9761
31.9761
31.9761
31.9777
31.9777
31.9777
31.9777
31.9777
31.9787
31.9787
32.3518
32.3518
32.3518
32.3518
32.3518
32.3518
32.3518
32.3518
32.3518
32.3518
32.3518
32.3518
32.3518
32.3518
32.3518
32.3518
32.3617
32.3617
32.3617
32.3617
32.3617
32.3617
32.3617
32.3617
32.3617
32.3617
32.3667
32.3667
32.3667
32.3667
32.3667
32.3667
32.3667
32.3667
32.3667
32.3667
32.3667
34.0063
34.0063
34.0063
34.0063
34.0063
34.0063
34.0063
34.0063
34.0063
34.0063
34.0063
34.0063
34.0063
34.0063
34.0063
34.0063
34.0063
34.0063
34.0063
34.0063
34.0063
34.0063
34.0063
34.0063
34.0063
34.0063
34.0063
34.0063
34.0063
34.0063
34.0063
34.0063
34.0063
34.0063
34.0063
34.0063
34.0063
34.0063
34.0063
34.0063
34.0063
34.0063
34.0063
34.0063
34.0063
34.0063
34.0063
34.0063
34.0063
34.0063
34.0063
34.0063
34.0063
34.0063
34.0063
34.0063
34.0063
34.0063
34.0063
34.0063
34.0063
34.0063
34.0063
34.0063
34.0063
34.0063
34.0063
34.0063
34.0063
34.0063
34.0063
34.0063
34.0063
34.0063
34.0063
34.0063
34.0063
34.0063
34.0063
34.0063
34.0063
34.0063
34.0063
34.0063
34.0063
34.0063
34.0063
34.0063
34.0063
34.0063
34.0063
34.0063
34.0063
34.0063
34.0063
34.0063
34.0063
34.0063
34.0063
34.0063
34.0063
34.0063
34.0063
34.0063
34.0063
34.0063
34.0063
34.0063
34.0063
34.0063
34.0063
34.0063
34.0063
34.0063
34.0063
34.0063
34.0063
34.0063
34.0063
34.0063
34.0063
34.0063
34.0063
34.0063
34.0063
34.0063
34.0063
34.0063
34.0063
34.0063
34.0063
34.0063
34.0063
34.0063
34.0063
34.0063
34.0063
34.0063
34.0063
34.0063
34.0063
34.0063
34.0063
34.0063
34.0063
34.0063
34.0063
34.0063
34.0063
34.0063
34.0063
34.0063
34.0063
34.0063
34.0063
34.0063
34.0063
34.0063
34.0063
34.0063
34.0063
34.0063
34.0063
34.0063
34.0063
34.0063
34.0063
34.0063
34.0063
34.0063
34.0063
34.0063
34.0063
34.0063
34.0063
34.0063
34.0063
34.0063
34.0063
34.0063
34.0063
34.0063
34.0063
34.0063
34.0063
34.0063
34.0063
34.0063
34.0063
34.0063
34.0063
34.0063
34.0063
34.0063
34.0063
34.0063
34.0063
34.0063
34.0063
34.0063
34.0063
34.0063
34.0063
34.0096
34.0096
34.0096
34.0096
34.0096
34.0096
34.0096
34.0096
34.0096
34.0096
34.0096
34.0096
34.0096
34.0096
34.0096
34.0096
34.0096
34.0096
34.0096
34.0355
34.0355
34.0355
34.0355
34.0355
34.0355
34.0355
34.0355
34.0355
34.0355
34.0355
34.0355
