3520
3298
3469
3645
3397
3733
3621
3685
3661
3472
3677
3304
3381
3552
3434
3583
3463
6292
3489
3286
3671
3484
3699
3390
3625
3545
3561
3503
3396
3379
3484
3414
3462
3458
3500
3535
3378
3403
3321
3629
3310
3447
3499
3496
3667
3501
3540
3539
3603
3691
3568
3795
3664
3503
3671
3719
3708
3778
3748
3806
3702
3703
3717
3819
3495
3552
3655
3696
3546
3491
3692
3580
3514
3464
3505
3600
3567
3619
3669
3719
3481
3586
3462
3627
3668
3375
3549
3577
3496
3625
3339
3639
3436
3458
3420
3512
3370
3498
3430
3536
3310
3579
3671
3545
3488
3559
3605
3704
3551
3381
3384
3682
3634
3580
3583
3569
3612
3496
3525
3601
3483
3555
3536
3498
3290
3458
3241
3480
3499
3440
3320
3453
3609
3503
3512
3453
3510
3489
3336
3418
3364
3175
3405
3411
3315
3415
3316
3520
3462
3331
3255
3301
3329
3284
3242
3317
3156
3290
6034
3310
3212
3345
6072
3255
3423
3506
3359
3469
3440
3427
3377
3344
3426
3435
3317
3334
3424
3427
3341
5835
3236
3387
3320
2950
2769
3092
2783
2715
3102
2983
3107
2958
2907
3143
2793
2627
3131
2715
2721
2976
3041
3026
3004
2914
3094
2966
3167
5416
2705
3032
3150
2654
3183
3325
3364
2845
3113
3259
3015
3352
3138
3321
5881
3326
3432
3189
3196
3543
3422
3414
3358
3144
3435
3503
3465
6150
3521
3502
3403
3218
3540
3540
3432
3408
3518
3222
3340
3218
3496
3440
3492
3514
3427
3340
3129
3324
3414
3225
3480
3541
3338
3282
3412
3278
3264
3098
3554
3414
3093
3005
3452
3359
3273
3567
3445
3459
3298
3344
3387
3194
2891
3292
3424
3448
3401
3322
2923
3267
3385
3468
3070
3490
3428
