8.43074
8.43498
8.53269
8.55552
8.55552
8.55552
8.56119
8.84393
8.84393
8.84393
8.84393
8.84393
8.84393
8.84393
8.84393
8.84393
8.84393
8.84393
8.84393
8.84393
8.85331
8.85331
8.85331
8.85331
8.85331
8.85331
8.85331
8.85331
8.85331
8.85331
8.85331
8.85331
8.85331
8.85331
8.85331
8.85331
8.85331
8.85331
8.85331
8.85331
8.85331
8.85331
8.85331
8.85331
8.85331
8.85331
8.85331
8.85331
8.85331
8.85331
8.85331
8.85331
8.8721
8.8721
8.8721
8.8721
8.8721
8.873
8.873
8.87451
8.87451
8.87451
8.87451
8.87451
8.87451
8.87451
8.87451
8.87451
8.87451
8.87451
8.87451
8.87451
8.87451
8.87451
8.87451
8.87451
8.87451
8.87451
8.87451
8.87451
8.87451
8.87451
8.87451
8.87451
8.87451
8.87451
8.87451
8.87451
8.87451
8.87451
8.87451
8.87451
8.87451
8.87451
8.87451
8.87451
8.87451
8.87569
8.87569
8.87569
8.87569
8.87569
8.87569
8.87569
8.87569
8.87569
8.87569
8.87569
8.87569
8.87569
8.87569
8.87569
8.87569
8.87569
8.87569
8.87569
8.87569
8.87569
8.87569
8.87569
8.87569
8.87569
8.87569
8.87569
8.87569
8.87569
8.87569
8.87569
8.87569
8.87569
8.87569
8.87569
8.87569
8.87569
8.87569
8.87569
8.87749
8.87749
8.87749
8.87749
8.87749
8.87749
8.87749
8.87749
8.87749
8.87749
8.87749
8.87749
8.87749
8.87749
8.87749
8.87749
8.87749
8.87749
8.87749
8.87749
8.87749
8.87749
8.87749
8.87749
8.87749
8.87749
8.87749
8.87749
8.87749
8.87749
8.87749
8.87749
8.87749
8.87749
8.87749
8.87749
8.87749
8.87749
8.87749
8.87749
8.87749
8.87749
8.87749
8.87749
8.87749
8.87749
8.87749
8.87749
8.87749
8.87749
8.87749
8.87749
8.87749
8.87749
8.87749
8.87749
8.87749
8.87749
8.87749
8.87749
8.87749
8.87749
8.87749
8.87749
8.87749
8.87749
8.87749
8.87749
8.87749
8.87749
8.87749
8.87749
8.87749
8.87749
8.87749
8.87749
8.87749
8.87749
8.87749
8.87749
8.87749
8.87749
8.87749
8.87749
8.87749
8.87749
8.87749
8.87749
8.87749
8.87749
8.87749
8.87749
8.87749
8.87749
8.87749
8.87749
8.87749
8.87749
8.87749
8.87749
8.87749
8.87749
8.87749
8.87749
8.87749
8.87749
8.87749
8.87749
8.87749
8.87749
8.87749
8.87749
8.87749
8.87749
8.87749
8.87749
8.87749
8.87749
8.87749
8.87749
8.87749
8.87749
8.87749
8.87749
8.87749
8.87749
8.87749
8.87749
8.87749
8.87749
8.87749
8.87749
8.87749
8.87749
8.87749
8.87749
8.87749
8.87749
8.87749
8.87749
8.87749
8.87749
8.87749
8.87749
8.87749
8.87749
8.87749
8.87749
8.87749
8.87749
8.87749
8.87749
8.87749
8.87749
8.87749
8.87749
8.87749
