90
93.286
92.5087
95.0855
90
90
94.5693
94.7526
90
93.6482
90
96.7309
93.5425
92.8374
90
96.4122
93.7287
95.3523
90
90
94.4856
93.9489
95.1274
92.7338
90
95.2038
95.634
90
97.2874
93.4898
90
90
90
90
94.9711
90
93.9767
90
90
96.638
90
96.9649
90
90
95.406
90
96.2613
95.5945
90
90
96.6012
90
96.3813
93.7791
95.8052
97.2045
90
90
93.9084
95.2273
90
94.468
90
96.2863
94.8072
90
94.8421
90
90
90
90
90
96.0149
90
90
90
90
90
90
94.3068
96.7525
94.1721
95.5449
90
97.0129
95.4114
93.6427
97.9656
96.1298
98.3104
96.5017
98.802
90
90
94.7978
97.8959
95.7325
90
90
90
90
90
94.1178
97.6845
90
96.9515
90
90
90
90
90
90
90
90
90
90
90
90
90
90
90
90
95.192
90
90
90
96.1481
90
90
90
94.2207
90
90
90
90
96.9172
95.205
90
90
94.2304
90
93.0307
92.7604
90
90
90
97.0451
94.025
90
90
90
90
90
95.7864
90
93.0005
97.1372
96.6481
90
90
96.3074
98.4259
94.7669
90
94.8027
94.7689
90
96.9996
96.7309
97.7385
96.1983
96.3971
97.6547
98.112
95.2864
90
90
95.6327
96.3379
90
96.0954
90
93.8402
95.5883
95.6927
95.9655
96.7959
95.2299
95.961
90
90
96.6069
95.6897
95.5313
95.7579
90
98.0119
96.4342
95.2738
87.2224
96.7128
90
90
94.3285
92.7423
90
90
96.3405
86.3198
95.3171
90
90
93.6758
86.566
96.3232
90
95.7082
96.4813
94.7305
90
96.5849
90
97.9465
90
93.5802
96.3631
96.99
96.5853
95.7897
95.5793
95.315
94.8748
90
94.6297
90
90
90
96.3188
86.0039
96.5228
95.5157
90
90
95.2569
86.6831
90
90
95.9351
90
90
90
95.0701
90
90
94.3391
90
90
95.6421
90
94.8524
90
94.9454
90
90
90
90
90
90
90
92.6699
90
93.012
90
93.0152
90
94.6451
90
90
92.9664
90
90
90
90
90
90
90
90
90
90
90
90
95.0185
90
90
90
90
90
92.673
