2.75427
2.53068
2.75063
1.68491
3.88429
1.9761
1.23165
1.22426
3.86214
1.32787
2.44565
1.32282
1.32127
1.42661
3.74996
1.21142
1.3224
1.10274
3.53335
3.90662
1.42831
1.20707
1.2187
1.43174
3.51486
1.32271
1.42487
3.518
1.30691
2.2364
2.95747
3.70089
3.40565
3.06865
1.43239
3.41127
1.67636
2.94634
3.06399
0.98291
3.07257
1.12789
3.86732
3.77909
1.1326
2.96121
0.905867
1.45977
3.91079
3.86868
1.40492
3.41677
1.10924
2.32173
1.53963
1.11872
3.07075
4.07967
1.80393
1.39657
1.87586
1.50605
3.20884
1.32215
1.19176
3.51253
1.54542
2.86371
3.41031
3.44229
3.40973
3.32018
1.21021
3.75627
3.64073
3.76617
3.19066
3.42722
2.85472
1.89809
0.793456
1.85526
1.55269
2.96345
0.969929
1.64562
1.74796
0.78391
1.6644
0.805914
1.01121
0.801105
3.6308
3.05572
1.64993
0.941725
1.1752
3.64152
3.04186
3.72805
3.0446
3.50265
2.19406
0.985795
3.18054
0.791602
3.40978
3.40819
3.41541
3.16816
3.28605
3.2919
3.63593
3.41414
3.40145
3.37374
3.41072
3.62294
3.41492
3.5137
3.28402
3.62291
1.22957
3.50977
3.29191
3.30348
1.17329
3.6314
3.49689
3.50542
1.62619
3.41356
3.40142
3.27217
3.62475
1.33314
2.12542
2.53838
2.97906
1.56342
3.41474
2.6528
2.7599
3.43226
3.30974
3.3365
1.19836
1.62561
3.4523
3.40789
3.42498
4.42154
3.647
1.5258
3.92421
2.55437
1.09674
1.30238
3.20369
3.42783
1.0946
0.453166
1.20868
3.53728
1.20604
1.22026
3.43128
0.988439
1.20667
0.877694
0.767681
0.553299
0.564095
0.560528
1.20454
3.53879
2.45678
0.670206
1.32148
3.53253
0.565588
3.63045
1.63968
1.09786
0.779186
0.98641
0.679326
1.13325
0.569805
3.53169
3.86578
0.564674
1.09501
0.781368
1.19801
3.64143
0.877096
0.788477
1.20245
4.15224
0.560766
3.53863
2.23606
1.20059
1.78893
3.65642
3.96578
1.20709
4.38581
1.09829
3.87061
3.42308
1.4578
4.38374
0.333441
3.53075
0.781661
0.561912
1.20722
3.30761
0.781309
3.53196
0.566543
3.44309
1.8906
1.20795
1.19077
0.560485
0.766305
1.30281
1.0967
1.20283
3.79478
1.20698
3.85488
4.50943
3.97725
0.97663
4.2842
1.20564
0.776473
3.9787
3.30922
0.872981
4.97595
3.5436
3.87978
1.20604
4.0102
3.79355
3.87748
1.20145
3.09233
3.541
1.42503
3.65671
3.43368
1.32897
4.15247
1.11929
4.42596
1.20325
2.86342
3.53288
3.77306
2.55393
3.55643
2.98025
3.64628
2.56996
4.26346
1.99725
3.32958
1.86945
2.79448
1.28844
2.45705
3.52672
2.35425
3.65278
3.44126
3.83663
3.3224
3.52761
2.68785
3.00644
2.97995
3.41156
3.08443
3.10677
2.63265
1.90186
4.21251
3.75015
3.34909
3.53369
3.42759
2.46714
