11.7785
11.8928
11.9444
11.8215
10.8908
11.778
11.6724
11.6774
10.878
10.7016
12.1382
10.9143
10.9282
10.721
10.4412
11.038
10.4794
10.7526
10.5373
11.1577
11.0771
10.5853
10.8407
10.7127
10.7047
10.8363
10.8753
11.1434
10.5814
11.9768
10.8504
11.403
10.9679
10.9481
11.0887
10.7716
11.4137
11.3445
10.9075
12.1014
10.9907
10.0389
10.53
10.7445
10.4016
10.9187
11.7968
11.8988
11.1403
10.8326
10.3276
10.7716
11.4801
11.9152
11.0614
10.1683
11.0667
12.0379
11.6333
11.9235
11.852
10.6849
11.1948
11.7306
11.8229
8.743
11.9471
11.7603
8.8481
11.8771
10.8844
11.858
10.9164
10.4496
10.7975
10.3415
10.5683
9.08165
11.6554
11.7852
10.2698
11.7946
10.3712
11.9954
11.0499
11.8588
11.8169
9.6852
10.428
9.86664
10.3121
10.0513
8.64371
9.21046
10.2985
10.2777
11.9363
8.79082
9.10311
9.09255
9.2804
8.93692
11.9327
10.7994
9.17009
9.79186
9.01326
9.19761
8.88532
8.89671
8.82893
8.98844
8.61946
9.11431
9.01022
8.55397
8.98616
8.61946
9.0866
9.0753
8.98844
8.58908
10.4063
8.64508
9.05999
9.08013
10.3127
8.54663
8.89009
8.56536
11.8904
8.97984
8.98844
8.92584
8.59195
10.5688
9.81467
11.9279
11.7865
11.6871
10.8241
11.867
11.8004
10.9205
11.8826
11.8497
10.5204
10.5788
11.9386
10.6907
11.7638
11.9649
10.9216
10.6097
11.7747
11.8738
11.6137
10.7117
11.2353
11.691
10.8908
11.3097
10.5543
11.0852
11.0852
11.7659
11.3622
11.4306
10.9291
11.1412
11.0527
11.668
11.3462
11.3337
10.7222
10.9709
11.844
11.5768
11.0977
11.9863
11.2097
11.1577
12.1606
10.8447
11.475
10.5186
11.4772
10.4896
11.9105
11.3168
10.8155
11.2653
11.438
11.7933
10.8468
11.4273
10.7308
11.5487
10.6828
11.0187
11.5303
11.1939
11.9095
11.0816
12.0878
11.1432
10.6788
11.1522
10.8553
10.5083
10.7387
11.5476
11.8497
11.0276
11.9469
11.1321
11.4378
11.4664
11.3049
11.2386
11.6819
11.4316
11.5224
12.1205
12.0538
10.6291
10.6205
11.7574
11.4532
10.5369
11.1422
10.9481
12.0956
11.4463
10.5855
11.9924
10.9271
10.8523
11.9456
11.2762
11.8188
10.7528
11.4966
11.9143
12.0002
11.4577
10.9058
10.8697
11.5922
11.3405
11.7954
11.2848
11.8376
11.6638
11.075
11.9068
11.8988
11.903
11.2618
12.0495
12.0483
10.8857
11.4686
12.1026
11.9727
12.0853
11.8204
11.898
11.3522
11.9465
11.9959
12.0886
12.0333
11.7878
11.9199
12.1006
11.9807
11.1306
12.115
11.5452
11.2155
11.9322
12.045
11.272
12.115
12.0072
12.1514
10.9296
11.9914
11.9159
10.6614
12.0262
12.0809
10.7926
11.9573
11.0692
11.8279
11.9159
