2457
2679
3131
2534
2547
2355
2472
2429
2332
1986
2334
2218
2267
1893
2154
2337
1890
1857
1999
2188
2375
1787
1910
1788
2126
1840
2249
2414
2538
2480
2506
2572
2577
2423
2486
2255
2616
2567
2605
2659
2623
2340
2477
2557
2339
2562
2618
2624
2461
2528
2449
2508
2498
2693
2619
2307
2378
2482
2435
2432
2619
2332
2707
2376
2440
2292
2638
2609
2323
2606
2298
2513
2505
2451
2470
2432
2212
2262
2277
2379
2059
2308
2412
2549
2448
2497
2419
1973
2288
2280
2196
2310
2183
2211
2288
2273
2466
2254
2286
2188
2186
2168
2447
2409
2251
2213
2208
2127
2182
2205
1939
2115
2108
2100
2064
2054
2108
2100
2052
2108
2033
2074
1933
2024
2232
2184
1874
2195
2107
2035
2205
2166
2189
2148
2116
2365
2284
2356
2583
2389
2498
2714
2647
2589
2508
2662
2502
2278
2763
2547
2465
2544
2535
2375
2819
2461
2560
2461
2471
2508
2372
2409
2309
2457
2227
2307
2414
2303
2229
2238
2204
2212
2342
2293
2234
2350
2336
2273
2313
2355
2221
2221
2349
2262
2303
2158
2300
2198
2237
2234
2138
2262
2268
2258
2211
2290
2225
2345
2181
2163
2209
2217
2349
2161
2156
2319
2172
2146
2177
2186
2320
2197
2337
2253
2163
2223
2105
2148
2137
2214
2344
2189
2257
2351
2300
2208
2209
2094
2140
2120
2155
2167
2328
2309
2249
2462
2303
2192
2219
2212
2246
2172
2308
2300
2474
2369
2257
2219
2352
2323
2445
2232
2442
2364
2273
2548
2476
2502
2496
2291
2446
2110
2439
2659
2582
2567
2540
2713
2699
2773
2797
2745
2959
2670
2525
2751
2804
2819
2909
2818
2870
2964
2864
2788
2915
2876
2970
2755
2830
2555
2639
2904
3120
2749
2906
2787
2959
2883
