2.66911
3.89634
3.79729
3.78894
3.6799
2.70356
3.09736
3.16598
3.16159
2.69253
3.16059
3.89904
2.67433
2.48931
3.79599
3.69237
2.68828
3.11751
3.27619
3.68637
3.16629
2.66848
3.16415
2.45481
3.5804
3.29652
3.57057
3.91373
4.01321
3.69719
3.06174
3.67964
3.67916
3.67621
3.36139
3.21934
3.26328
3.36348
3.56907
3.79954
3.80326
3.58063
3.19187
3.78746
3.10128
3.69062
3.49448
3.79086
2.95056
3.68174
3.79523
3.68947
3.67706
3.89581
3.78883
3.68947
3.90368
3.68361
3.39352
3.57827
2.84889
3.1759
3.47501
3.90662
3.18033
3.78145
3.56956
3.69229
3.68206
3.47406
3.29199
3.6793
3.51067
3.79198
3.90216
3.36727
3.4035
3.71513
3.2946
3.67315
3.22539
3.57599
3.56636
3.57374
3.68849
3.89234
3.25255
3.49439
3.90421
3.68833
3.36167
3.91388
3.11043
3.7942
3.3787
3.79254
3.57168
3.67266
3.7798
3.89883
3.17096
3.37004
3.9122
3.90013
3.68754
3.17934
3.78908
3.17265
3.91002
3.18196
2.83654
3.18198
3.5064
3.1793
3.57318
3.39385
3.789
3.69369
3.78873
3.60036
3.20515
3.42023
3.12071
3.79666
3.78927
3.57551
3.39501
3.90818
3.89696
3.71585
3.38116
3.79972
3.79543
3.27657
3.89289
3.8975
3.91354
3.27439
3.68786
3.29238
3.57461
3.90942
3.89783
3.68997
2.78312
3.89806
3.79868
3.11437
3.9145
3.90143
3.67709
3.5747
3.90495
3.67609
3.69395
3.79913
4.00515
3.79935
3.70155
3.68702
3.50216
3.80377
2.96893
3.3981
3.0688
3.18344
3.16739
3.79529
3.78637
3.90565
3.16844
3.16968
3.61397
3.79142
3.18875
3.1587
3.17513
2.95379
3.78672
3.20147
2.95973
3.27502
3.27224
3.22007
3.06693
3.18471
3.41481
3.05354
3.05708
3.06582
2.99964
3.17432
3.3742
3.06551
3.38545
3.24569
3.89789
3.39324
3.17463
3.08306
3.27498
3.05251
3.17367
2.87813
2.94692
3.68716
3.0651
3.68547
2.98938
3.05428
3.61717
3.05349
2.98033
3.0603
2.98111
3.25895
3.06824
3.16719
3.0782
3.67906
3.47834
3.48489
3.78335
3.79325
3.39894
3.57857
3.7951
3.27514
3.08889
3.36142
3.16984
3.07029
3.30756
3.06082
3.90648
3.68619
3.68445
3.38003
2.6152
3.78426
3.05905
3.17439
3.27329
3.06541
3.58501
4.006
3.27069
3.46604
3.17024
3.57624
3.228
3.20385
3.6838
3.10001
3.10568
3.68392
3.68624
3.68084
3.36291
3.16512
3.50723
3.08708
3.68939
3.69516
2.99188
3.38228
3.21408
3.38171
3.79887
3.68413
3.26415
3.2694
3.78753
3.11126
2.70506
3.2548
3.16071
3.79297
3.60984
3.07892
3.79221
3.20073
3.51824
3.06658
3.5996
3.16662
3.25243
3.26548
3.47665
2.88428
3.38481
4.01402
3.7908
3.89657
3.39715
3.57645
3.8976
3.57976
