105.652
101.382
97.661
106.536
107.458
104.598
99.9062
98.5499
102.94
105.624
99.6057
101.947
100.487
108.127
104.926
96.8001
96.5029
98.5911
97.3151
105.896
101.434
101.849
102.747
99.7791
99.1612
97.9513
104.531
98.0881
97.2382
99.9465
97.2833
107.384
108.204
108.386
96.5634
98.0228
104.4
97.4527
98.5128
107.572
103.113
98.7915
96.9949
97.8631
97.0769
109.811
97.6821
98.8467
97.2166
101.015
96.8593
107.391
108.813
97.5578
99.6456
102.739
96.6713
107.753
105.396
96.9741
107.681
97.3418
97.1036
95.6224
95.9562
97.2275
105.389
105.65
105.191
97.3871
96.6672
106.067
102.182
102.364
106.413
104.31
103.83
108.341
104.137
106.231
105.246
105.048
107.405
105.714
94.8098
102.502
94.5644
94.7832
105.167
97.4195
105.631
96.7917
105.267
104.562
97.6706
104.814
101.992
108.788
108.365
95.4988
104.313
105.968
108.962
106.526
108.573
112.154
96.7911
109.096
96.9117
96.0681
110.227
94.6808
99.3741
108.742
108.531
95.7896
97.5691
94.3076
101.475
106.029
105.107
101.999
97.3782
105.798
100.373
97.519
102.518
100.401
102.188
98.0852
101.388
95.45
98.0904
110.147
95.5765
96.364
94.5456
108.027
103.365
99.0059
102.419
101.581
105.422
95.583
98.0106
95.6523
107.265
102.746
94.8033
106.15
103.784
103.078
95.9078
95.4912
98.6833
97.0964
95.9158
108.682
97.7629
95.6059
100.216
97.1986
95.9505
100.68
103.98
95.9083
97.7616
95.9627
101.103
96.4196
99.7993
98.041
97.2459
98.2092
96.9363
99.1768
96.5981
95.5338
98.9064
98.4669
95.0008
97.0775
101.729
96.8593
98.9246
95.2788
96.2191
100.84
96.0354
102.249
97.4759
96.4616
101.666
100.162
99.2398
96.5538
96.8079
103.653
96.6777
98.4119
104.355
97.8697
96.1041
107.848
97.828
100.029
97.2286
106.896
100.354
104.746
107.266
96.8522
103.482
107.149
102.02
106.139
107.053
96.2096
105.584
100.51
108.188
103.157
104.25
100.783
106.703
99.4545
105.872
99.9953
108.217
104.968
105.654
108.289
99.3731
97.4172
97.2487
102.133
100.747
99.9118
103.777
100.036
102.07
104.736
102.579
103.403
102.243
103.314
104.17
107.099
107.058
94.5568
103.633
103.072
101.898
104.194
95.004
103.676
102.282
104.089
96.7219
106.834
102.548
102.585
99.404
104.203
103.68
94.82
103.652
106.748
102.019
96.9307
107.875
106.672
97.9898
101.973
105.251
102.602
98.5255
106.132
103.201
105.896
106.002
108.018
98.8968
107.452
96.8577
106.556
105.707
97.8429
95.7307
105.146
104.463
106.758
100.329
102.979
99.0673
98.8106
106.436
