2.00161
3.40747
5.37082
0.775455
1.21649
2.22811
4.48218
4.81475
2.53275
1.63847
3.85522
3.36621
3.51214
0.877057
1.75231
5.04993
5.04993
4.7016
4.81225
2.19123
3.47914
3.63667
3.3955
3.94452
4.78549
5.04954
3.28714
4.88322
4.77489
4.59621
5.51395
0.895715
0.997869
0.780193
5.49463
5.01352
2.61801
5.26415
4.71722
0.874
2.45178
5.21893
5.26358
4.99902
5.04269
1.03505
4.76321
4.81254
5.24181
4.0371
5.26406
0.783707
0.637159
5.12201
3.8431
3.19476
5.00436
1.09261
1.50761
5.26502
1.08949
5.10378
5.09917
5.39731
5.264
4.99692
1.57922
1.4555
1.35607
4.96395
4.91413
1.45642
2.42339
2.75143
0.929474
1.80115
1.35101
0.806243
1.55279
0.9225
0.918315
1.57394
0.484596
1.46485
6.08652
2.07479
5.7632
5.29811
1.15837
5.08224
1.03885
4.99048
1.78472
1.15158
4.59439
1.15624
3.34062
0.226321
0.677159
5.14562
1.67194
1.04559
0.117446
0.923212
0.33444
0.219733
4.87491
0.655415
5.19107
5.30028
0.334344
5.77692
3.80423
0.545504
0.548452
5.26928
5.52073
5.87007
3.39623
0.997045
1.25155
2.59983
4.96836
0.917102
3.13844
4.87042
2.86453
3.90981
3.39832
4.6601
3.9145
5.26132
4.65827
0.546363
5.68039
5.40185
5.68446
0.440363
1.9524
4.51159
3.81789
3.49609
1.56118
5.13737
4.8679
4.99776
1.14971
2.65489
4.9996
1.59004
2.54564
2.11281
5.04221
4.98952
3.80184
4.81401
4.78293
1.36584
5.02711
4.89525
3.93265
4.60059
5.26219
3.06308
2.22713
4.92543
5.04993
5.26134
3.61437
4.89607
3.73315
4.90968
4.78427
4.99649
4.81111
4.80143
4.7723
5.13893
4.81548
4.88805
5.23853
4.72187
3.50093
4.91406
4.69568
5.12749
4.45146
3.36256
5.05812
3.26373
4.66641
4.89439
3.05387
3.51664
3.83401
4.67407
4.56354
2.11597
4.71759
3.82346
1.84056
4.66875
4.81124
0.605577
4.97681
3.6152
4.98789
1.01705
3.25641
1.86341
1.19858
4.9408
2.28563
0.806599
3.39212
1.12239
1.37088
4.81072
1.97299
4.3097
1.03556
2.72439
1.86848
3.40322
1.01659
4.48739
1.74666
3.39598
0.79511
2.3323
1.20101
0.913142
3.36731
5.04412
4.92146
3.15331
3.29847
3.42079
2.31504
2.96553
3.06277
2.66812
3.18825
2.53528
3.20428
2.54517
2.66524
1.03878
1.17141
5.86945
2.83173
2.95361
4.13426
2.33422
4.82131
1.66141
3.08692
2.43551
4.561
1.09309
2.29792
3.06436
4.70557
2.52051
2.63421
5.59275
2.44822
1.52493
3.29012
5.77997
1.15923
1.6763
5.14193
3.37498
2.31574
3.14856
5.05942
1.75181
3.02187
1.85644
1.9138
0.938002
4.8683
1.12013
4.92466
1.46173
1.90811
4.93097
5.04961
1.3927
1.57754
1.70953
3.18392
2.22267
3.66522
4.77953
0.80997
