10.9435
10.9341
9.49126
10.8948
10.8993
10.9345
10.8781
10.929
10.9392
10.8942
10.9268
10.9801
10.9437
10.8844
10.8805
10.9823
11.0166
10.9707
10.9481
10.8993
11.0056
10.9624
9.41179
10.9621
10.9645
10.9951
9.41394
11.0218
10.9715
10.9358
10.9977
10.8158
10.8489
10.6687
10.9517
10.9707
10.9531
10.8513
11.0056
10.859
10.9483
8.52737
9.34191
11.0114
10.7754
10.3385
10.3427
11.0175
10.9627
11.0062
11.0114
10.8251
10.8258
10.9256
10.9586
10.9004
10.9517
10.816
10.8189
10.9199
10.8561
10.7734
10.926
10.9871
10.9717
10.8299
10.8497
10.9014
10.8567
10.0082
10.8848
10.8818
10.9146
10.9435
10.9214
10.9109
10.9452
10.2855
10.9228
10.8909
10.8854
10.9086
10.8161
10.7656
8.6537
10.9814
8.69653
8.64909
10.8617
8.31693
10.9204
8.63155
10.7562
10.9535
10.862
10.9142
9.46714
10.342
9.60345
10.9286
10.9222
10.8475
10.2494
10.8438
10.1553
9.43795
8.71272
9.52898
8.56588
8.641
9.37868
8.38253
9.14363
9.74495
10.0284
10.8548
8.32716
8.55138
9.47683
10.8803
10.7631
10.9399
8.40924
10.8548
10.9899
8.58799
9.22563
9.13249
8.96662
8.47841
9.07017
10.5776
8.42998
9.16854
8.61818
8.3808
8.50783
10.3327
10.9408
9.30047
9.07714
9.16677
10.8653
10.8735
8.4699
10.8818
10.9003
9.27561
10.9983
10.9146
10.9589
10.8676
10.7966
10.9674
10.9455
10.9682
10.9713
10.8383
10.9651
11.0056
10.8135
10.9491
11.0031
10.8386
10.9042
10.888
10.9234
10.9563
10.9917
10.9548
10.8922
11.0015
10.933
10.8656
10.9222
10.9232
10.8266
10.941
10.8615
10.8759
10.9351
11.0187
10.8868
10.9461
10.9257
10.9378
10.9625
10.9351
10.8866
10.9313
10.9949
10.8999
10.9033
10.9752
10.8458
10.8406
10.8832
10.7666
10.8692
10.8961
10.7799
10.7933
10.916
10.7856
9.93809
10.8612
10.1179
10.5993
10.902
10.8324
9.76348
9.68636
10.7805
10.7917
10.8775
10.7789
10.1015
10.7646
10.7126
9.80158
10.4749
10.8732
10.8211
10.8764
10.3928
10.8886
10.8406
10.896
10.7356
10.8205
10.8304
10.7489
10.856
9.66938
10.9007
10.8398
10.9126
10.9317
10.8974
10.9238
10.8847
10.789
10.8665
10.8761
10.9021
10.8911
9.29468
10.8313
10.8103
8.62775
10.8982
10.8989
9.20273
10.8371
10.858
10.8445
10.8989
10.9282
10.8727
10.9191
10.9023
10.8912
9.36081
10.895
10.8764
9.25908
10.857
10.8077
10.9053
8.78101
10.8028
10.755
9.58226
10.9323
10.857
10.8806
9.1494
10.8324
10.8858
10.8005
10.8189
10.7328
10.0947
10.8289
10.9544
10.8476
10.8725
10.8343
10.9523
10.8201
10.8533
10.8324
10.9035
10.6862
10.9275
10.8299
10.7615
