5523
5462
5362
5156
5426
5437
5361
5494
5362
5401
5421
5591
5448
5351
5540
5337
5545
5670
5438
5606
5559
5433
5106
5361
5675
5540
5271
5463
5391
5637
5426
5213
5135
5179
5389
5370
5409
5289
5436
5219
5163
4908
5035
5330
5379
5106
5163
5306
5265
5346
5283
5216
5117
5207
5263
5076
5233
5118
5034
5048
4944
5088
5257
5171
4999
4841
4965
4741
4786
4728
4835
4878
4682
5138
5097
4962
4859
4800
4792
4878
4675
4815
4866
4879
4743
4700
4689
4456
4799
4749
4615
4642
4804
4824
4777
4661
4512
4512
4488
4582
4618
4679
4333
4514
4122
4375
4195
4221
4183
4402
4340
4351
4159
4382
4477
4473
4266
4293
4315
4603
4445
4409
4415
4291
4098
4128
4167
4384
4022
4350
4087
4490
4232
4431
4219
4261
4424
4352
4367
4392
4489
4436
4652
4712
4500
4637
4643
4638
5085
4984
5236
5106
5276
5466
5347
5404
5404
5502
5717
5394
5380
5433
5548
5540
5475
5504
5538
5700
5614
5579
5527
5587
5642
5653
5639
5749
5541
5554
5625
5662
5475
5486
5474
5536
5449
5552
5407
5351
5302
5332
5287
5212
5153
5296
5372
5105
5161
5121
4997
4906
5009
5064
5078
4962
4844
4993
4810
4540
4673
4887
4614
4760
4620
4712
4907
4717
4625
4787
4560
4681
4552
4777
4838
4673
4634
4852
4741
4695
4515
4632
4708
4590
4743
4654
4732
4790
4738
4910
4843
4810
4734
4876
4720
4812
4797
4534
4457
4511
4631
4539
4618
4790
4451
4746
4755
4799
4858
4651
4532
4432
4708
4711
4530
4746
4777
4523
4635
4601
4911
4739
4690
4816
4712
4765
4687
4854
4555
4864
4985
4904
4869
4847
4817
4914
4920
4870
4870
5038
4981
4722
4816
4844
4937
4812
4953
4929
4850
