8.13389
7.80982
7.92421
7.24466
8.07206
7.92371
8.28167
8.10093
7.55979
7.73193
7.55374
8.01296
7.56365
8.00338
7.55298
7.6691
7.56142
8.01644
7.62307
8.39922
7.93097
8.23672
7.65365
7.72324
8.32199
8.12098
8.16718
8.01584
7.5618
8.43168
8.32509
7.6681
8.13362
7.8723
8.01477
8.10607
8.24243
8.10311
8.01186
7.75158
7.55251
7.85655
7.556
8.04046
7.71814
8.48365
7.55343
8.24214
8.0181
8.32184
7.91322
7.56482
8.01366
8.02118
7.56806
8.12336
7.5663
8.01834
7.46592
7.93657
8.01071
7.87996
7.8224
7.56058
7.55341
7.74375
7.55155
7.56365
7.25183
7.55907
7.45886
7.72462
7.13572
7.5492
7.36345
7.36738
6.73981
7.62565
7.05505
7.26347
6.85219
7.43927
7.26589
7.52272
7.54283
6.94456
7.15174
6.74556
7.04698
7.24837
7.14952
7.04644
7.65646
6.84224
7.52023
6.92906
7.3626
7.26281
7.05357
7.24977
7.2452
7.25325
7.16047
7.35808
7.15916
7.90506
6.95
7.25343
7.2678
7.13747
7.24576
7.14961
6.82317
7.15821
7.27145
7.47047
7.73375
7.15833
7.24396
7.24859
7.06245
7.25005
7.14619
7.05943
7.16165
7.13747
6.96122
7.26245
7.27177
7.06893
7.56838
7.2797
7.05492
7.27378
7.36331
7.2713
7.03727
7.16573
7.15142
7.45965
7.81565
7.25325
7.55561
7.26317
7.25183
7.15176
7.9252
6.85112
6.84797
7.91126
7.92264
7.16181
7.27662
7.0982
7.1451
7.54492
7.05661
8.69544
8.01672
7.05577
7.8301
7.36646
7.55592
7.15131
7.65649
7.17896
8.02766
7.55003
7.92839
7.3612
7.49571
8.01806
7.56441
8.13159
7.4686
8.33073
7.27691
7.25895
8.21972
8.12603
7.15224
7.458
8.02141
7.54752
8.12715
7.14866
6.84066
7.55017
7.36017
8.01
7.55199
7.36336
7.5563
7.45099
7.36272
7.16497
7.16207
7.34636
7.26269
7.04608
7.35806
7.65252
7.146
7.5511
7.70939
7.45662
7.55452
7.45587
7.23991
7.56583
7.26773
7.26876
7.45496
7.46682
8.0241
7.36059
7.56812
7.15318
7.94847
7.94654
7.91878
7.80777
7.36495
7.54618
7.25394
8.11384
7.91127
7.23668
7.86152
8.11783
7.27099
8.0182
6.95122
7.56167
7.69444
7.81398
7.44101
7.24121
7.65919
6.83196
7.71787
8.34365
8.03762
7.71868
7.93548
7.70005
7.35867
7.70269
7.80539
7.2447
8.11815
8.01489
8.01212
7.81609
6.72273
6.93915
7.83239
7.92093
7.12393
7.70046
7.15105
7.92716
7.80626
8.03529
7.92882
7.15426
7.72232
8.02956
7.93357
7.91475
8.12733
8.11815
7.83186
8.01185
8.23605
8.0137
7.80253
8.01803
8.12891
8.00805
8.11921
7.92014
8.02873
7.92906
7.55949
7.91119
8.02335
7.91576
7.24783
7.25049
7.17627
8.23339
7.15847
7.14883
7.15304
8.13677
7.15904
