90
60.1788
64.1432
65.0086
65.0091
65.0335
65.0335
65.0335
65.0335
65.1271
65.1271
65.1271
65.1271
65.1271
65.1271
65.1271
65.1271
65.1271
65.1271
65.1271
65.1271
65.1271
65.1271
65.1271
65.1271
65.1271
65.1271
65.1271
65.1271
65.2135
65.2135
65.2135
65.2172
65.2172
65.2172
65.2172
65.2172
65.2172
65.2172
65.2172
65.2172
65.2172
65.2172
65.2172
65.2237
65.2237
65.2237
65.2237
65.2237
65.4107
65.4107
65.4107
65.414
65.414
65.4147
65.4147
65.4147
65.4575
65.4575
65.4575
65.4575
65.4575
65.4575
65.4575
65.4575
65.4575
65.4575
65.4575
65.4575
65.4575
65.4575
65.4575
65.4575
65.4575
65.4575
65.4575
65.4575
65.4575
65.4575
65.4575
65.4575
65.4575
65.4575
65.4575
65.4575
65.4575
65.4575
65.4575
65.4575
65.4575
65.4575
65.4575
65.4575
65.4575
65.4575
65.4575
65.4575
65.4575
65.4575
65.4575
65.4575
65.4575
65.4575
65.4575
65.4575
65.4575
65.4575
65.4575
65.4575
65.4575
65.4575
65.4575
65.4575
65.4575
65.4575
65.4575
65.4575
65.4575
65.4575
65.4575
65.4575
65.4575
65.4575
65.4575
65.4575
65.4575
65.4575
65.4575
65.4575
65.4575
65.4575
65.4575
65.4575
65.4575
65.4575
65.4575
65.4575
65.4575
65.4575
65.4575
65.4575
65.4575
65.4575
65.4575
65.4575
65.4575
65.4575
65.4575
65.4753
65.4753
65.4753
65.4753
65.4753
65.4753
65.4753
65.4753
65.4753
65.4753
65.4753
65.4753
65.4753
65.4753
65.4753
65.4753
65.4753
65.4753
65.4753
65.4753
65.4753
65.4753
65.4753
65.4753
65.4753
65.4753
65.4753
65.4753
65.5987
65.5987
65.5987
65.5987
65.5987
65.5987
65.5987
65.5987
65.5987
65.5987
65.5987
65.5987
65.5987
65.5987
65.5987
65.5987
65.6258
65.6258
65.6258
65.6258
65.6258
65.6258
65.6258
65.6258
65.6258
65.6258
65.6258
65.6258
65.6258
65.6258
65.6258
65.6258
65.6258
65.6258
65.6258
65.6258
65.6258
65.6258
65.6258
65.6258
65.6258
65.6258
65.6258
65.6258
65.6258
65.6258
65.6258
65.6258
65.6258
65.6258
65.6258
65.6258
65.6258
65.6258
65.9911
65.9911
65.9911
65.9911
65.9911
65.9911
65.9911
65.9911
65.9911
65.9911
65.9911
65.9911
65.9911
65.9911
65.9911
65.9911
65.9911
65.9911
65.9911
65.9911
65.9911
65.9911
65.9911
65.9911
65.9911
65.9911
65.9911
65.9911
65.9911
65.9911
65.9911
65.9911
65.9911
65.9911
65.9911
65.9911
65.9911
65.9911
65.9911
65.9911
65.9911
65.9911
65.9911
65.9911
65.9911
65.9911
65.9911
65.9911
65.9911
65.9911
65.9911
65.9911
65.9911
65.9911
65.9911
65.9911
65.9911
65.9911
65.9911
65.9911
65.9911
65.9911
65.9911
65.9911
65.9911
65.9911
