5.92501
36.1203
37.975
37.975
37.975
37.975
37.975
37.975
37.975
37.975
37.975
37.975
37.975
37.975
37.975
37.975
37.975
37.975
37.975
37.975
37.975
37.975
37.975
37.975
37.975
37.975
37.975
37.975
37.975
37.975
37.975
37.975
37.975
37.975
37.975
37.975
37.975
37.975
37.975
37.975
37.975
37.975
37.975
37.975
37.975
37.975
37.975
37.975
37.975
37.975
37.975
37.975
37.975
38.0375
38.0375
38.0375
38.0375
38.0375
38.0375
38.075
38.075
38.075
38.075
38.075
38.075
38.075
38.075
38.075
38.075
38.075
38.075
38.075
38.075
38.075
38.075
38.075
38.075
38.075
38.075
38.075
38.075
38.075
38.075
38.075
38.075
38.075
38.075
38.075
38.075
38.075
38.075
38.075
38.075
38.075
38.075
38.075
38.075
38.075
38.075
38.075
38.075
38.075
38.075
38.075
38.075
38.075
38.075
38.075
38.075
38.075
38.075
38.075
38.075
38.075
38.075
38.075
38.075
38.075
38.075
38.1125
38.1125
38.1125
38.1125
38.1125
38.1125
38.1125
38.1125
38.1125
38.1125
38.1125
38.1125
38.1125
38.1125
38.1125
38.1125
38.1125
38.1125
38.1125
38.1125
38.1125
38.1125
38.1125
38.1125
38.1125
38.1125
38.1125
38.1125
38.1125
38.1125
38.1125
38.1125
38.1125
38.1125
38.1125
38.1125
38.1125
38.1125
38.1125
38.1125
38.1125
38.1125
38.1125
38.1125
38.1125
38.1125
38.1125
38.1125
38.1125
38.1125
38.1125
38.1125
38.1125
38.1125
38.1125
38.1125
38.1125
38.5859
38.5859
38.5859
38.5859
38.5859
38.5859
38.5859
38.5859
38.5859
38.5859
38.5859
38.5859
38.5859
38.5859
38.5859
39.0984
39.0984
39.0984
39.0984
39.0984
39.0984
39.0984
39.0984
39.0984
39.0984
39.0984
39.0984
39.0984
39.0984
39.0984
39.0984
39.0984
39.0984
39.0984
39.0984
39.0984
39.0984
39.0984
39.0984
39.0984
39.0984
39.0984
39.0984
39.0984
39.0984
39.0984
39.0984
39.0984
39.0984
39.0984
39.0984
39.0984
39.0984
39.0984
39.0984
39.0984
39.0984
39.0984
39.0984
39.0984
39.0984
39.0984
39.0984
39.0984
39.0984
39.0984
39.0984
39.0984
39.0984
39.0984
39.0984
39.0984
39.0984
39.0984
39.0984
39.0984
39.0984
39.0984
39.0984
39.0984
39.0984
39.0984
39.0984
39.0984
39.0984
39.0984
39.0984
39.0984
39.0984
39.0984
39.0984
39.0984
39.0984
39.0984
39.0984
39.0984
39.0984
39.0984
39.0984
39.0984
39.0984
39.0984
39.0984
39.0984
39.0984
39.0984
39.0984
39.0984
39.0984
39.0984
39.0984
39.0984
39.0984
39.0984
39.0984
39.0984
39.0984
39.0984
39.0984
39.0984
