8.11421
26.6691
31.5421
31.5679
31.5679
31.603
31.603
31.603
31.603
31.603
31.603
31.603
31.603
31.603
31.603
31.603
31.603
31.603
31.603
31.603
31.603
31.603
31.603
31.603
31.603
31.603
31.603
31.603
31.603
31.603
31.603
31.603
31.6084
31.6084
31.6084
31.6084
31.6084
31.6084
31.6084
31.6084
31.6084
31.6084
31.6084
31.6084
31.6084
31.6084
31.6084
31.6084
31.6084
31.6084
31.6084
31.6084
31.6133
31.6133
31.6133
31.6133
31.6133
31.6758
31.6758
31.6758
31.6758
31.6758
31.6758
31.6758
31.6758
31.6758
31.6758
31.6758
31.6758
31.6758
31.6758
31.6758
31.6758
31.6758
31.6758
31.6758
31.6758
31.6758
31.6758
31.6758
31.6758
31.6758
31.6758
31.6758
31.6758
31.6758
31.6758
31.6758
31.6758
31.6758
31.6758
31.6758
31.6758
31.6758
31.6758
31.6758
31.6758
31.6758
31.6758
31.6758
31.6758
31.6758
31.6758
31.6758
31.6758
31.6758
31.6758
31.6758
31.6758
31.6758
31.6758
31.6758
31.6758
31.6758
31.6758
31.6758
31.6758
31.6758
31.6758
31.6758
31.6758
31.6758
31.6758
31.6758
31.6758
31.6758
31.6758
31.6758
31.6758
31.6758
31.6758
31.6758
31.6758
31.6758
31.6758
31.6758
31.6758
31.6758
31.6758
31.6758
31.6758
31.6758
31.6758
31.6758
31.6758
31.6758
31.6758
31.6758
31.7019
31.7019
31.7019
31.7019
31.7019
31.7019
31.7019
31.7019
31.7019
31.7019
31.7019
31.7019
31.7019
31.7019
31.7019
31.7019
31.7019
31.7019
31.7019
31.7019
31.7019
31.7019
31.7019
31.7019
31.7019
31.7019
31.7019
31.7019
31.8836
31.8836
31.8836
31.8836
31.8836
31.8836
31.8836
31.8836
31.8836
31.8836
31.8836
31.8836
31.8836
31.8836
31.8836
31.8836
31.9236
31.9236
31.9236
31.9236
31.9236
31.9236
31.9236
31.9236
31.9236
31.9236
31.9236
31.9236
31.9236
31.9236
31.9236
31.9236
31.9236
31.9236
31.9236
31.9236
31.9236
31.9236
31.9236
31.9236
31.9236
31.9236
31.9236
31.9236
31.9236
31.9236
31.9236
31.9236
31.9236
31.9236
31.9236
31.9236
31.9236
31.9236
32.4729
32.4729
32.4729
32.4729
32.4729
32.4729
32.4729
32.4729
32.4729
32.4729
32.4729
32.4729
32.4729
32.4729
32.4729
32.4729
32.4729
32.4729
32.4729
32.4729
32.4729
32.4729
32.4729
32.4729
32.4729
32.4729
32.4729
32.4729
32.4729
32.4729
32.4729
32.4729
32.4729
32.4729
32.4729
32.4729
32.4729
32.4729
32.4729
32.4729
32.4729
32.4729
32.4729
32.4729
32.4729
32.4729
32.4729
32.4729
32.4729
32.4729
32.4729
32.4729
32.4729
32.4729
32.4729
32.4729
32.4729
32.4729
32.4729
32.4729
32.4729
32.4729
32.4729
32.4729
32.4729
32.4729
