1479
1610
1706
2056
3041
1542
1604
2915
1918
1484
1736
1745
1466
1736
2023
1971
1431
1868
1466
1762
1664
1607
1626
2959
1256
1402
1378
2068
1636
1699
1798
1718
1325
1608
1739
1924
1597
1542
1379
1672
2938
2115
1675
3392
1869
1961
1940
2021
1610
2040
2094
1625
1956
1542
3122
1323
1756
1958
1612
1465
1588
1690
1746
1395
2828
1562
1457
1622
1366
1125
1304
1187
1533
1286
1449
1111
891
1518
1479
1110
1124
1327
1003
954
1098
1115
852
1097
1127
1128
777
806
804
878
865
881
1067
801
1773
856
968
678
943
1115
877
728
621
802
1103
975
633
895
1091
621
828
889
644
893
752
740
1409
899
757
897
692
725
844
1023
802
1161
1486
1120
745
751
1240
1618
804
774
985
1540
842
767
1150
807
1501
1014
1243
852
1076
1138
873
1203
1213
1248
1207
823
911
830
803
912
1150
1243
921
1262
786
1294
1016
880
754
1194
1872
1286
1266
1544
1624
1323
1242
1328
1191
1417
857
1470
1338
1222
727
1395
883
1192
1294
1301
1661
1481
1413
1271
1269
1605
999
1358
1548
1672
1548
1544
1744
1225
1706
951
2359
1334
1470
1612
1071
1722
1856
1775
1597
1586
1794
1825
1812
1806
1832
1831
1909
1848
1470
1684
1648
1384
1617
1557
2001
1866
1862
1855
1319
1792
1953
1834
1203
1819
1731
1822
1764
1589
1447
2951
1476
2888
1873
1473
1498
1808
1835
1876
1791
1927
1753
1965
1867
2065
1493
1897
1644
1930
2941
1824
2092
1745
1913
1763
1797
1942
1780
1970
1617
1503
2124
1923
1984
1907
1747
1946
2672
1577
2019
1780
1952
1880
1886
2063
1889
1827
1716
1660
2094
1713
