5.34155
5.34155
5.34155
6.48575
6.48643
6.48643
6.48643
6.48643
6.48643
6.612
6.612
6.612
6.612
6.612
6.612
6.612
6.612
6.612
6.612
6.612
6.612
6.612
6.612
6.612
6.612
6.612
6.612
6.612
6.612
6.72765
6.72765
6.72765
6.72765
6.72765
6.72765
6.72765
6.72765
6.72765
6.72765
6.72765
6.72765
6.72765
6.72765
6.72765
6.73635
6.73635
6.73635
6.73635
6.73635
6.98625
6.98625
6.98625
6.98625
6.98625
6.98714
6.98714
6.98714
6.98714
6.98714
6.98714
6.98714
6.98714
6.98714
6.98714
6.98714
6.98714
6.98714
6.98714
6.98714
6.98714
6.98714
6.98714
6.98714
6.98714
6.98714
6.98714
6.98714
6.98714
6.98714
6.98714
6.98714
6.98714
6.98714
6.98714
6.98714
6.98714
6.98714
6.98714
6.98714
6.98714
6.98714
6.98714
6.98714
6.98714
6.98714
6.98714
6.98714
6.98714
6.98714
6.98714
6.98714
6.98714
6.98714
6.98714
6.98714
6.98714
6.98714
6.98714
6.98714
6.98714
6.98714
6.98714
6.98714
6.98714
6.98714
6.98714
6.98714
6.98714
6.98714
6.98714
6.98714
6.98714
6.98714
6.98714
6.98714
6.98714
6.98714
6.98714
6.98714
6.98714
6.98714
6.98714
6.98714
6.98714
6.98714
6.98714
6.98714
6.98714
6.98714
6.98714
6.98714
6.98714
6.98714
6.98714
6.98714
6.98714
6.98714
6.98714
6.98714
6.98714
6.98714
6.98714
6.98714
6.98714
6.98714
6.98714
6.98714
6.98714
6.98714
6.98714
6.98714
6.98714
6.98714
6.98714
6.98714
6.98714
6.98714
6.98714
6.98714
6.98714
6.98714
6.98714
6.98714
6.98714
6.98714
6.98714
6.98714
6.98714
6.98714
6.98714
6.98714
6.98714
6.98714
6.98714
6.98714
6.98714
6.98714
6.98714
6.98714
6.98714
6.98714
6.98714
6.98714
6.98714
6.98714
6.98714
6.98714
6.98714
6.98714
6.98714
6.98714
6.98714
6.98714
6.98714
6.98714
6.98714
6.98714
6.98714
6.98714
6.98714
6.98714
6.98714
6.98714
6.98714
6.98714
6.98714
6.98714
6.98714
6.98714
6.98714
6.98714
6.98714
6.98714
6.98714
6.98714
6.98714
6.98714
6.98714
6.98714
6.98714
6.98714
6.98714
6.98714
6.98714
6.98714
6.98714
6.98714
6.98714
6.98714
6.98714
6.98714
6.98714
6.98714
6.98714
6.98714
6.98714
6.98714
6.98714
6.98714
6.98714
6.98714
6.98714
6.98714
6.98714
6.98714
6.98714
6.98714
6.98714
6.98714
6.98714
6.98714
6.98714
6.98714
6.98714
6.98714
6.98714
6.98714
6.98714
6.98714
6.98714
6.98714
6.98714
6.98714
6.98714
6.98714
6.98714
6.98714
6.98714
6.98714
6.98714
6.98714
6.98714
6.98714
6.98714
6.98714
6.98714
6.98714
6.98714
6.98714
6.98714
6.98714
6.98714
6.98714
6.98714
6.98714
6.98714
