102.92
113.136
104.524
108.351
103.44
104.918
102.913
104.276
102.53
103.124
101.735
104.302
103.865
102.114
103.859
103.639
101.923
102.703
103.205
108.051
103.906
103.789
103.833
102.38
103.275
102.121
100.958
103.572
103.608
101.518
105.75
103.053
104.255
101.553
102.494
105.951
102.798
104.595
105.702
109.89
102.938
102.848
101.996
102.517
104.361
103.09
108.254
101.283
104.754
105.524
106.252
103.426
103.279
104.536
102.726
104.53
104.643
106.157
104.116
105.203
101.072
103.519
103.223
104.222
100.518
102.39
104.369
102.556
103.15
104.041
102.466
103.22
103.609
104.136
101.06
106.299
103.865
105.841
106.966
102.723
103.95
105.297
102.537
103.265
104.318
103.905
104.846
102.912
105.164
103.57
103.596
104.476
106.123
105.286
103.484
103.582
103.571
105.677
101.976
104.483
104.299
102.094
103.848
106.001
105.855
102.987
105.245
105.262
104.59
103.864
102.995
104.74
105.314
101.362
100.08
105.671
105.114
104.53
102.905
103.025
104.631
102.547
102.78
109.52
102.39
104.678
102.243
103.767
108.487
105.384
104.017
103.17
103.91
104.422
103.736
103.877
101.538
115.794
105.956
102.929
107.051
108.033
104.895
104.648
105.05
103.904
104.018
101.467
102.484
103.454
104.997
102.901
103.156
103.595
102.429
102.794
103.102
105.045
102.989
103.429
102.793
102.927
105.84
103.801
102.399
101.721
105.697
103.214
119.876
103.063
102.936
102.767
102.695
102.037
103.531
111.143
102.572
103.88
101.308
103.453
102.565
101.403
103.795
105.034
103.017
112.892
101.947
103.481
102.711
108.776
102.387
103.295
104.574
104.253
102.495
105.375
102.642
103.132
103.317
101.354
104.195
105.859
103.339
103.958
105.912
104.146
101.607
99.213
102.577
103.798
102.642
105.154
103.599
102.644
103.866
103.944
102.022
102.833
102.615
103.892
102.342
102.169
101.92
101.255
101.886
107.237
103.37
105.381
102.19
102.471
102.784
102.78
105.355
104.017
102.363
103.435
100.406
103.015
103.269
102.512
102.703
103.721
100.976
107.039
104.648
106.248
106.031
101.096
103.342
107.294
102.552
104.617
101.907
104.238
102.236
102.939
102.666
98.2357
106.913
104.596
102.288
109.038
103.428
105.136
104.121
103.522
102.779
101.409
102.066
106.243
103.062
104.754
103.093
104.024
102.165
102.701
102.296
102.734
104.676
102.451
101.419
103.708
103.608
102
107.652
104.208
103.843
102.177
100.924
104.817
104.563
103.09
103.576
104.502
102.989
100.794
106.593
101.567
