5.97083
3.12499
5.28249
5.17058
5.65289
5.56523
6.13678
5.53904
5.14162
5.65672
5.83198
5.54281
5.52129
5.64563
5.59754
5.40494
5.46222
5.31271
5.2541
5.66285
5.40118
5.85096
5.97687
5.4531
5.51821
5.52037
5.69721
5.95986
5.71503
6.34851
5.62339
5.14514
5.64957
5.8003
5.51601
5.42864
5.78166
5.52234
4.39061
6.01806
5.7761
6.36026
6.35225
5.67503
5.60524
5.80112
5.2745
6.48641
5.52967
5.02182
5.30198
5.66691
6.13663
5.70715
5.53489
5.40093
5.11432
5.27541
5.58899
5.31015
6.48994
5.57435
5.69074
5.40065
5.94719
5.57307
5.43652
5.65316
5.67184
5.51144
5.9781
5.41717
5.81833
5.56876
5.63793
5.14437
5.5105
5.43903
5.14835
5.51752
5.53991
5.27696
5.52877
6.34912
5.38548
5.53633
5.45104
5.28984
5.57966
5.7392
5.284
5.26148
5.29456
5.38204
5.69129
5.50683
5.41134
5.29131
5.72755
5.71646
5.45981
5.80275
5.51551
5.27798
5.26433
5.72033
5.23182
5.26329
5.53127
5.58999
5.50138
5.40249
5.41298
5.85009
5.86417
5.28636
5.2469
5.40266
5.41344
5.58375
5.76155
5.4104
5.43767
5.40114
5.73129
5.39147
5.70762
5.50252
5.54226
5.53541
5.46026
5.17712
5.5882
5.17572
5.46002
5.57246
5.77387
2.23993
5.32185
5.86503
5.37459
5.60695
5.1811
5.53073
5.71995
5.53886
5.57104
6.48446
5.51425
5.5609
5.16765
5.40754
5.44392
5.70048
5.55431
5.72567
5.45087
5.40024
6.35798
5.54514
5.52196
5.30836
5.40406
5.51963
5.84009
5.85847
5.41056
5.46455
1.59894
5.71446
5.54179
5.43069
5.86541
6.58053
5.41247
2.69943
5.73413
6.34144
5.6912
5.41182
6.48459
5.73916
5.64982
5.40423
5.70846
2.48391
5.70748
5.42559
5.68675
5.72492
6.3643
5.58531
5.44758
6.20757
5.60181
5.15499
5.60301
5.53723
5.31636
5.7209
5.69452
5.32618
5.40505
5.59246
5.85459
5.52873
5.85091
6.23708
5.97231
5.57415
5.56567
5.72244
5.52287
5.8594
5.74218
5.42635
5.95587
5.85536
5.84338
5.54958
5.7274
5.59124
5.54373
5.72966
5.70059
4.42295
5.84879
5.44863
6.09179
5.57616
5.41847
5.85456
5.45494
5.41497
5.87155
5.93458
5.70192
5.8647
5.72538
5.93897
5.86537
5.9749
6.11283
4.62174
5.41851
5.06204
5.27963
5.84175
5.58573
5.41468
6.47553
5.58067
5.721
5.72995
5.85765
5.41299
5.40814
5.59601
5.9878
5.58577
5.69446
5.51077
5.43891
5.02355
5.72023
5.59079
5.53146
6.48854
5.41338
5.13217
5.70461
5.14613
5.7494
5.41318
5.87264
5.59274
5.71361
5.66669
5.54716
5.875
5.69405
5.58375
6.2379
5.99332
4.74162
5.45072
5.54881
5.97713
5.96608
5.74066
5.59034
5.962
5.59159
5.46376
5.85441
5.96099
5.711
5.69888
