9.11414
9.28223
9.12611
8.99882
9.00925
9.42401
9.36065
9.34374
9.25331
9.19816
9.27163
9.62768
9.12229
8.91107
9.16402
9.12937
9.30066
9.32324
9.16097
9.2029
9.10133
9.16147
9.28667
9.44089
9.55871
9.50534
9.36878
9.21504
9.3025
9.21786
9.23532
9.26681
9.17918
9.16714
8.99988
8.87812
9.17757
9.40214
9.28996
9.28766
9.60799
9.24244
9.12456
9.06633
9.01635
9.19226
9.08715
8.77703
8.82037
9.23139
9.22265
9.24472
9.06219
9.02711
9.4263
9.51307
9.46277
9.15656
9.01143
9.16873
9.19614
8.96612
9.21448
9.21831
9.14156
9.21007
9.11454
9.22436
9.06919
9.1744
9.11776
9.18489
9.06879
8.96654
9.29309
9.2258
9.22114
9.04284
9.28717
9.39593
8.9355
9.2898
9.06185
9.03459
9.11825
9.06518
9.49196
9.22263
9.13832
9.33826
9.20619
9.33313
9.33456
9.0777
9.2211
9.13176
8.98445
9.28628
9.01483
9.2375
9.24273
9.66333
9.05339
9.22785
9.09959
9.27519
9.4928
9.09069
9.12719
9.11127
9.22732
9.25396
9.26623
9.35354
8.97216
9.08076
8.93428
9.25763
9.04577
9.47829
9.3127
9.09131
9.20137
9.44002
9.32082
9.09699
9.24314
9.29784
9.18522
9.0419
9.21716
9.08477
9.10581
8.99501
9.18393
9.06254
9.23657
9.07379
9.45713
8.9914
9.01613
9.39957
8.99796
9.08266
8.98368
9.26708
8.96822
9.06363
9.29111
9.1533
9.05035
9.27257
9.14249
9.04334
9.17892
9.23325
9.34265
9.09262
9.22422
9.03277
9.23797
9.18094
9.14282
9.17784
9.31634
9.15568
9.39873
9.35735
9.4403
9.29671
9.24505
9.39673
9.19184
9.25189
9.02296
8.9421
9.11767
9.12562
9.42146
9.14232
9.36195
9.23023
9.02069
9.44596
9.32106
9.12468
9.11987
8.94573
9.3658
9.30495
9.47069
9.45203
9.02451
9.07379
9.42214
9.00926
9.04949
8.93236
9.2923
9.0335
9.15003
8.9644
9.37
9.32905
9.12051
9.326
8.9906
9.15417
9.11567
9.2663
9.20792
9.29955
9.38044
9.21068
9.12297
9.50848
8.99956
9.3088
9.15554
9.31516
9.1764
9.43403
9.37982
9.00188
9.32417
9.24605
9.24044
9.11312
9.11103
8.93198
9.4031
9.60492
9.2265
9.40731
9.11705
8.95702
9.37313
9.36368
9.40747
9.04886
9.18282
9.19381
9.27948
9.34568
9.36295
9.36956
9.37257
8.99638
9.21054
9.40589
9.06675
9.40658
9.26557
9.38416
9.09289
9.17299
9.35789
9.33269
9.32615
9.21661
9.00554
9.14216
9.2056
9.08403
9.28762
9.18235
9.54452
9.35478
9.26619
9.27917
9.42677
9.35435
9.40456
9.30662
9.25069
9.4622
9.53602
9.23493
9.39556
9.29715
9.23858
9.27318
9.32285
9.32325
9.50251
9.17813
9.21661
9.20088
9.18738
9.00347
9.34414
9.15873
9.4185
9.1055
9.37788
9.23892
9.04465
9.05198
