7.0095
7.8134
7.99122
7.89552
7.84745
7.93243
7.39671
7.90078
8.01077
7.63615
7.78453
7.87277
8.13479
7.92685
8.0362
7.95462
7.97797
7.97422
8.08787
7.81921
8.0849
8.00201
7.00824
7.7087
8.29762
7.93121
7.76957
8.01298
7.86981
6.45634
7.40364
7.93515
7.88482
7.93729
7.7142
7.87711
8.05007
7.97603
8.02224
7.04408
7.90715
6.82631
6.64896
7.6054
7.45123
8.08136
8.10585
6.82126
8.07012
7.94635
8.11115
7.84303
7.26738
7.83407
7.86894
7.97589
8.02265
8.05618
7.84954
8.23234
6.53253
8.03761
7.94913
8.17061
7.95945
7.91078
7.9926
7.9379
7.25356
7.86981
7.76174
8.01077
7.72267
7.8821
7.8714
7.98382
8.18375
7.91983
7.91587
8.08612
8.0173
8.00816
7.91275
6.74717
7.95505
8.06243
7.72574
7.98104
7.9892
7.94093
7.82351
8.03971
7.75127
7.85757
7.8174
8.14306
7.80542
8.21172
7.82738
7.20527
7.98966
7.89459
7.90855
8.07364
7.97378
7.98836
8.7485
7.80751
7.96617
7.98272
7.69452
7.87824
7.97315
7.10722
8.28136
7.99677
7.93335
7.77666
7.97797
7.75908
7.02207
7.9468
7.81161
8.06015
7.93348
7.89225
7.75112
7.86625
7.69417
7.8017
7.96237
8.00911
7.96059
7.79422
8.33893
7.81631
7.81842
7.94923
8.01861
7.76723
7.20438
8.11553
7.95505
8.31634
7.87028
7.81225
7.52775
6.65014
7.821
8.04318
7.9725
8.01426
8.00518
7.91474
8.24074
8.38235
7.82862
8.17931
6.50585
8.08669
7.76801
7.94236
7.98711
7.95363
7.83819
7.99829
7.96378
8.03866
8.19878
8.23724
7.92706
7.99192
7.90903
6.63924
8.31863
7.91251
7.96988
6.6498
7.84621
7.86776
6.59106
7.92311
7.9506
8.12267
7.75799
8.11841
7.90574
7.85275
7.95382
7.78863
6.44746
7.90754
7.87435
6.80034
7.87328
7.98979
7.97772
8.27039
7.89924
8.03586
8.06585
8.07351
7.99637
7.94844
7.15772
7.98699
7.88625
7.97049
8.02303
8.06679
7.99515
8.03807
8.11077
7.92982
7.95278
8.00202
8.39163
7.85911
8.27944
8.0908
7.86478
7.78991
8.21998
7.9851
8.00419
8.23232
8.34959
7.89164
7.76699
7.86718
8.04914
7.83656
7.9043
8.28967
8.06712
8.05062
8.48377
7.94097
8.06679
8.09268
8.10163
7.30585
7.864
7.99869
7.8743
7.89775
7.86034
7.81878
8.31869
7.99341
6.3676
8.06957
7.92562
8.02364
8.24941
7.96064
7.76273
8.13578
8.23131
7.99948
7.97719
7.76425
8.03833
8.1206
7.81227
8.22543
7.75933
6.64762
7.99002
8.06425
8.00893
8.08136
7.9848
8.0645
7.73867
7.97339
7.95194
8.28236
7.89635
8.03469
7.77286
7.87123
7.69082
8.04296
7.78137
7.84026
7.86097
7.71329
8.03766
7.16003
8.07714
8.24986
7.94746
7.92337
8.02219
7.85277
7.81061
7.9341
