2953
3097
3215
3080
3033
3162
3100
3074
3138
2983
2862
3033
3165
3132
3246
3251
3278
3043
3190
3187
3026
3025
3122
3101
3128
3043
3028
5397
3063
2953
3097
2992
3276
3147
2802
3087
3213
3159
2990
3082
3131
2898
2978
3100
3120
3194
3277
2825
3275
3107
3246
3198
3134
3168
3103
3082
3025
3398
2952
3258
3024
3310
3227
3313
3223
3050
3093
3219
3169
3041
3157
3005
3087
3060
3064
3240
3050
3028
3033
3225
3124
3301
3009
2929
3179
3090
3181
3161
3198
3310
3201
3210
3145
3088
3244
2910
3185
2971
3069
3043
3180
3069
3128
3248
3147
3172
5423
3040
3241
3342
3066
3138
3337
3089
3216
3145
3112
3315
3153
3049
2948
3060
3095
3182
3145
3215
3222
3262
3106
3104
3138
3057
3240
3050
3133
3188
3073
3097
3138
3178
3080
3225
3139
3065
3114
3055
3064
2712
3227
3108
3164
3013
3114
3302
3074
3091
3080
3126
3052
3221
3127
3075
3155
3016
3129
3226
3069
3237
2963
3196
3047
3174
3261
2994
3319
2900
3223
2906
3116
3005
2985
3132
3228
3320
3154
2958
3085
3133
3246
3179
3054
3271
3049
2976
3220
3315
3139
3306
3111
3298
3174
3175
3190
3215
2957
3218
3116
3107
3348
3293
3226
3306
3215
3224
3122
3170
3210
3255
3132
3070
3227
3196
3157
3184
3173
3148
3296
3179
3174
3008
3210
3056
3253
3288
3292
3429
3013
3231
3169
3211
3154
2935
3223
3177
3100
2995
3204
3274
3292
3238
2973
3206
3319
3338
3200
3130
2923
3066
3231
3168
3224
3059
3171
3106
3102
3202
3072
3055
3030
3144
3143
3114
3185
3284
3276
3268
3277
3037
3194
3115
2976
3094
3100
3088
3208
3090
3320
3107
3238
3190
3236
3113
3041
3115
3245
2936
3081
3060
