9.18671
9.80198
9.42298
10.4085
9.40355
9.79198
9.52841
9.55989
8.70225
9.21749
9.06606
9.55695
9.53702
9.04847
9.56272
9.26539
8.83134
8.90769
9.0497
10.7594
9.40456
9.77871
9.42819
8.83716
9.43349
8.92709
8.70589
9.82856
9.52517
8.97979
9.79936
8.82451
9.65594
9.0452
8.93468
9.93144
9.43893
9.67597
8.90096
11.1151
9.40921
9.47408
9.17778
9.05197
9.42076
9.55946
10.6215
9.20826
9.78023
9.43646
10.0308
9.41144
9.56684
9.76979
9.0891
9.53514
9.3068
9.9433
9.53709
9.78451
9.0465
9.43928
9.42637
9.54215
8.9028
9.0487
9.53156
9.18896
9.06118
9.44764
9.40991
9.18103
9.55745
9.53906
8.71507
9.81329
9.55038
9.93335
9.97819
9.16883
9.52305
9.65765
9.0479
9.53026
9.44614
9.52841
9.54677
8.94926
9.91001
9.57271
9.06827
9.41277
9.77587
9.67712
9.44034
9.44149
9.17966
9.90054
9.04814
9.43861
9.53269
9.18604
9.41458
9.90849
9.79357
9.40517
10.0005
9.52392
9.67839
9.5305
9.05269
9.54786
9.77954
8.70631
8.80844
9.77334
9.5321
9.43374
9.06926
9.17347
9.42782
8.94765
8.98148
11.1159
9.217
9.52608
9.07152
9.35709
10.6873
9.82859
9.43573
8.92532
9.53121
9.18439
9.53685
9.43447
8.96611
9.92355
9.90713
9.43115
9.79381
10.891
9.41291
9.87806
9.95235
9.40669
9.32991
9.18236
8.97739
9.40924
9.43928
9.07878
9.18626
9.52868
9.18676
9.53269
9.095
9.79714
9.35926
9.40669
9.04954
8.95428
9.93635
9.42722
9.28651
9.17744
9.88666
9.23952
11.0187
9.53705
9.18329
9.05235
9.42868
9.41201
9.41613
8.81941
9.28877
9.62776
8.829
9.17593
9.42279
8.93506
9.55398
9.76742
9.29558
9.33986
9.05316
9.19076
9.27482
11.0207
9.19631
9.32223
9.54226
9.66236
9.09133
9.54907
9.18166
9.39607
9.05581
8.94815
9.77511
9.91318
9.19696
9.54355
9.93567
9.5547
9.09062
8.82267
9.55217
9.53634
9.15233
10.0765
9.44686
9.41726
9.66841
9.39994
9.52994
9.43606
9.5494
9.55166
9.1691
8.95086
9.01428
8.9079
9.06989
9.53127
9.81779
9.79029
9.4474
9.05589
9.07105
9.40956
9.79601
9.55379
9.40807
9.78079
8.81783
9.53574
9.53001
9.53087
9.51775
9.54258
9.16324
9.52464
9.53484
9.66534
9.79653
8.90856
9.53151
10.3922
9.31107
9.78965
9.0633
9.80173
9.43561
9.07096
8.89731
7.95114
10.9936
9.75198
9.16947
10.8693
9.2772
9.41668
9.65082
9.54695
9.05119
9.1715
8.82938
9.83105
9.4208
9.40269
9.46359
9.44187
9.20893
9.18682
9.17995
9.40997
9.68335
9.42312
8.83403
9.42376
9.9613
9.41235
9.69386
9.42083
9.42287
9.30588
9.06865
9.52865
9.78708
9.79846
9.43004
9.56265
9.55538
8.95519
10.3659
8.94666
