12.7352
12.7554
12.7665
12.7665
12.7693
12.7725
12.8761
12.8761
12.8761
12.8761
12.8792
12.8792
12.8792
12.8792
12.8792
12.8792
12.8792
12.8792
12.8792
12.8792
12.8792
12.8792
12.9832
12.9832
12.9832
12.9832
12.9832
12.9832
12.9832
12.9832
12.9832
12.9832
12.9832
12.9832
12.9832
12.9832
12.9832
12.9832
12.9834
12.9834
12.9834
12.9834
12.9834
12.9834
12.9834
12.9834
12.9834
12.9834
12.9834
12.9834
12.9842
12.9854
12.9854
12.9854
12.9854
12.9854
12.9854
12.9854
12.9854
12.9854
12.9854
12.9854
12.9854
12.9854
12.9854
12.9854
12.9854
12.9854
12.9854
12.9854
12.9854
12.9854
12.9854
12.9854
12.9854
12.9854
12.9854
12.9854
12.9854
12.9854
12.9854
12.9854
12.9854
12.9854
12.9854
12.9854
12.9854
12.9863
12.9863
12.9863
12.9863
12.9863
12.9863
12.9863
12.9863
12.9863
12.9863
12.9863
12.9863
12.9863
12.9863
12.9863
12.9863
12.9863
12.9863
12.9863
12.9863
12.9863
12.9863
13.0253
13.0253
13.0253
13.0253
13.0253
13.0253
13.0253
13.0253
13.0253
13.0253
13.0253
13.0253
13.0253
13.0253
13.0253
13.0253
13.0253
13.0253
13.0253
13.0253
13.0253
13.0253
13.0253
13.0253
13.0253
13.0253
13.0253
13.0253
13.0253
13.0253
13.0253
13.0253
13.0253
13.0253
13.0253
13.0253
13.0253
13.0253
13.0253
13.0253
13.0253
13.0253
13.0253
13.0253
13.0253
13.0253
13.0253
13.0253
13.0253
13.0253
13.0253
13.0253
13.0253
13.0253
13.0253
13.0253
13.0253
13.0253
13.0253
13.0253
13.0253
13.0253
13.0253
13.0253
13.0253
13.0253
13.0253
13.0253
13.0253
13.0253
13.0253
13.0253
13.0253
13.0253
13.0253
13.0253
13.0253
13.0253
13.0253
13.0253
13.0253
13.0253
13.0253
13.0253
13.0253
13.0253
13.0253
13.0253
13.0253
13.0253
13.0253
13.0253
13.0253
13.0253
13.0253
13.0253
13.0253
13.0253
13.0253
13.0253
13.0253
13.0253
13.0253
13.0253
13.0253
13.0253
13.0253
13.0253
13.0253
13.0253
13.0253
13.0253
13.0253
13.0253
13.0253
13.0253
13.0253
13.0253
13.0253
13.0253
13.0253
13.0253
13.0253
13.0253
13.0253
13.0253
13.0253
13.0253
13.0253
13.0253
13.0253
13.0253
13.0253
13.0253
13.0253
13.0253
13.0253
13.0253
13.0253
13.0253
13.0253
13.0253
13.0253
13.0253
13.0253
13.0271
13.0271
13.0271
13.0271
13.0271
13.0271
13.0271
13.1182
13.1182
13.1182
13.1182
13.1182
13.1182
13.1182
13.1182
13.1182
13.1182
13.1182
13.1182
13.1182
13.1182
13.1182
13.1182
13.1182
13.1182
13.1182
13.1182
13.1182
13.1182
13.1182
13.1182
13.1182
13.1182
13.1182
13.1182
13.1182
13.1182
