5860
5908
5857
5801
5547
5804
6003
5956
6011
5940
5890
5926
6059
5801
5953
5944
5911
5905
6141
5913
6075
5961
6049
5941
6077
6057
6189
6191
6005
6427
6302
6260
6341
6044
6288
6152
6239
6254
6354
6344
6355
6236
6231
6204
6207
6338
6321
6344
6120
6364
6122
6333
6258
6194
6330
6340
6217
6226
6227
6273
6419
6260
6287
6185
6215
6248
6206
6113
6300
6330
6273
6166
6260
6209
6265
6180
6092
6190
6289
6110
6266
6176
6205
6152
6131
6353
6258
6237
6173
6240
6395
6277
6309
6235
6293
6327
6228
6291
6207
6346
6333
6280
6344
6060
6377
6213
6151
6157
6043
6053
5830
6149
5884
5861
5780
5741
5835
5652
5260
5215
5003
4917
4902
5029
4600
4430
4456
4325
4341
3762
3830
4179
3942
3654
3928
3816
3584
5213
4728
3262
3650
3378
4909
3277
3871
3289
3487
3126
4178
4401
4592
3992
2824
2889
2864
3021
3398
2768
2991
3195
2921
2431
4631
3004
2989
4503
2908
2781
3256
3056
3378
2542
2915
2811
3181
3265
2845
3168
3620
2917
2829
2543
2803
2644
2878
3557
3371
2927
2544
2808
3247
2712
3394
2427
2441
2504
3404
3015
3278
2829
2961
3360
2515
2773
3413
2994
5651
4578
5282
3230
3286
3387
3784
6101
3987
4147
4500
4769
4597
4884
4994
5182
5186
5164
5406
5235
5335
5482
5481
5355
5525
5264
5245
5404
5353
5236
5434
5300
5392
8436
5437
5319
5196
5478
5501
5470
5506
5421
5562
5406
5575
5639
5388
5568
5639
5591
5734
5454
5705
5574
5758
5846
5705
5659
5704
5661
5870
5742
5913
5768
5913
5719
5847
5786
5972
5832
5853
5539
5813
6043
5972
5844
5800
5731
5929
5984
5849
5928
5764
5804
5760
