7.53882
8.31062
8.31392
8.31392
8.31971
8.31971
8.31971
8.52059
8.52059
8.52059
8.52059
8.52059
8.52059
8.52059
8.52059
8.52059
8.52059
8.52059
8.52059
8.52059
8.52059
8.52059
8.52059
8.52059
8.52059
8.52059
8.52059
8.52059
8.52059
8.52257
8.52257
8.52257
8.52257
8.52257
8.52257
8.52257
8.52257
8.52257
8.52257
8.52257
8.52257
8.52257
8.52257
8.52257
8.52257
8.52257
8.52257
8.52257
8.52257
8.52257
8.52257
8.52257
8.52257
8.52257
8.52257
8.52257
8.52257
8.52257
8.52257
8.52257
8.52257
8.52257
8.52257
8.52257
8.52257
8.52257
8.52257
8.52257
8.52257
8.52257
8.52257
8.52257
8.52257
8.52257
8.52257
8.52257
8.52257
8.52257
8.52257
8.52257
8.52257
8.52257
8.52257
8.52257
8.52257
8.52257
8.52257
8.52257
8.52257
8.52257
8.52257
8.52257
8.52257
8.52257
8.52257
8.52257
8.52257
8.52257
8.52257
8.52257
8.52257
8.52257
8.52257
8.52257
8.52257
8.52257
8.52257
8.52257
8.52257
8.52257
8.52257
8.52257
8.52257
8.52257
8.52257
8.52257
8.52257
8.52257
8.52257
8.52257
8.52257
8.52257
8.52257
8.52257
8.52257
8.52257
8.52257
8.52257
8.52257
8.52257
8.52257
8.52257
8.52257
8.52257
8.52257
8.52257
8.52257
8.52257
8.52257
8.52257
8.52257
8.52257
8.52257
8.52257
8.52257
8.52257
8.52257
8.52257
8.52257
8.52257
8.52257
8.52257
8.52257
8.52257
8.52257
8.52257
8.52257
8.52257
8.52257
8.52257
8.52257
8.52257
8.52257
8.52257
8.52257
8.52257
8.52257
8.52257
8.52257
8.52257
8.52257
8.52257
8.52257
8.52257
8.52257
8.52257
8.52257
8.52257
8.52257
8.52257
8.52257
8.52257
8.52257
8.52257
8.52257
8.52257
8.52257
8.52257
8.52257
8.52257
8.52257
8.52257
8.52257
8.52257
8.52257
8.52257
8.52257
8.52257
8.52257
8.52257
8.52257
8.52257
8.52257
8.52257
8.52257
8.52257
8.52257
8.52257
8.52257
8.52257
8.52257
8.52257
8.52257
8.52257
8.52257
8.52257
8.52257
8.52257
8.52257
8.52257
8.52257
8.52257
8.52257
8.52257
8.52257
8.52257
8.52257
8.52257
8.52257
8.52257
8.52257
8.52257
8.52257
8.52257
8.52257
8.52257
8.52257
8.52257
8.52257
8.52257
8.52257
8.52257
8.52257
8.52257
8.52257
8.52257
8.52257
8.52257
8.52257
8.52257
8.52257
8.52257
8.52257
8.52257
8.52257
8.52257
8.52257
8.52257
8.52257
8.52257
8.52257
8.52257
8.52257
8.52257
8.52257
8.52257
8.52257
8.52257
8.52257
8.52257
8.52257
8.52257
8.52257
8.52257
8.52257
8.52257
8.52257
8.52257
8.52257
8.52257
8.52257
8.52257
8.52257
8.52257
8.52257
8.52257
8.52257
8.52257
8.52257
8.52257
8.52257
