95.4763
95.3027
94.5945
94.5852
94.5852
93.9455
93.9513
93.9513
94.4074
94.9597
94.9332
94.9332
94.9332
94.9332
94.9332
94.9332
94.9332
94.9332
94.9332
94.9332
94.9332
94.6297
94.6297
94.6297
94.6088
94.6088
94.6088
94.8731
96.7636
96.7636
96.7636
96.7636
96.7636
96.7636
96.7636
96.7618
96.7618
96.7618
96.7618
96.7618
96.7618
96.7618
96.7618
96.7618
96.7618
96.7618
96.7618
96.7618
96.7618
96.7524
96.7524
96.7524
96.7524
96.7524
96.7524
96.7524
96.7524
96.7524
96.7524
96.7524
96.7524
96.7524
96.7524
96.7524
96.7524
96.7524
96.7524
96.7524
96.4184
96.4184
96.4184
96.4184
96.4184
96.4184
96.4184
96.4184
96.4184
96.4184
96.4184
96.4184
96.4184
96.4163
96.4163
96.4163
96.4163
96.4163
96.4163
96.4163
96.4163
96.4163
96.4163
96.4163
96.4163
96.413
96.413
96.413
96.413
96.413
96.413
96.413
96.413
96.413
96.413
96.413
96.413
96.413
96.413
96.413
96.413
96.413
96.413
96.413
96.413
96.413
96.413
96.413
96.413
96.413
96.413
96.413
96.413
96.413
96.413
96.413
96.413
96.413
96.413
96.413
96.413
96.413
96.413
96.413
96.413
96.413
96.413
96.413
96.413
96.413
96.413
96.413
96.413
96.413
96.413
96.413
96.413
96.413
96.413
96.413
96.413
96.413
96.413
96.413
96.413
96.413
96.413
96.413
96.413
96.413
96.413
96.413
96.413
96.413
96.413
96.413
96.413
96.413
96.413
96.413
96.413
96.413
96.413
96.413
96.413
96.413
96.413
96.413
96.413
96.413
96.413
96.413
96.413
96.413
96.413
96.413
96.413
96.413
96.413
96.413
96.413
96.413
96.413
96.413
96.413
96.413
96.413
96.413
96.413
96.413
96.413
96.413
96.413
96.413
96.413
96.413
96.413
96.413
96.413
96.413
96.413
96.413
96.413
96.413
96.413
96.413
96.413
96.413
96.413
96.413
96.413
96.413
96.413
96.413
96.413
96.413
96.413
96.413
96.413
96.413
96.413
96.413
96.413
96.413
96.413
96.413
96.413
96.413
96.413
96.413
96.413
96.413
96.413
96.413
96.413
96.413
96.413
96.413
96.413
96.413
96.413
96.413
96.413
96.413
96.413
96.413
96.413
96.413
96.413
96.413
96.413
96.413
96.413
96.413
96.413
96.413
96.413
96.413
96.413
96.413
96.413
96.413
96.413
96.413
96.413
96.413
96.413
96.413
96.413
96.413
96.413
96.413
96.413
96.413
96.413
96.413
96.413
96.413
96.413
96.413
96.413
96.413
96.413
96.413
96.413
96.413
96.413
96.413
96.413
96.413
96.413
