5.46694
5.51857
5.84419
5.84419
5.84419
6.12647
6.12647
6.12647
6.27885
6.27885
6.29117
6.29117
6.29117
6.29117
6.29117
6.29117
6.29117
6.29117
6.29117
6.29117
6.29117
6.43201
6.43201
6.43201
6.44169
6.44169
6.44169
6.44169
6.44169
6.44169
6.44169
6.44169
6.44169
6.44169
6.44169
6.44169
6.44169
6.44169
6.44169
6.44169
6.44169
6.44169
6.44169
6.44169
6.44169
6.44169
6.44169
6.44169
6.44169
6.44607
6.44607
6.44607
6.44607
6.44607
6.44607
6.44607
6.44607
6.44607
6.44607
6.44607
6.44607
6.44607
6.44607
6.44607
6.44607
6.44607
6.44607
6.44607
6.60208
6.60208
6.60208
6.60208
6.60208
6.60208
6.60208
6.60208
6.60208
6.60208
6.60208
6.60208
6.60208
6.60208
6.60208
6.60208
6.60208
6.60208
6.60208
6.60208
6.60208
6.60208
6.60208
6.60208
6.60208
6.60208
6.60208
6.60208
6.60208
6.60208
6.60208
6.60208
6.60208
6.60208
6.60208
6.60208
6.60208
6.60208
6.60208
6.60208
6.60208
6.60208
6.60208
6.60208
6.60208
6.60208
6.60208
6.60208
6.60208
6.60208
6.60208
6.60208
6.60208
6.60208
6.60208
6.60208
6.60208
6.60208
6.60208
6.60208
6.60208
6.60208
6.60208
6.60208
6.60208
6.60208
6.60208
6.60208
6.60208
6.60208
6.60208
6.60208
6.60208
6.60208
6.60208
6.60208
6.60208
6.60208
6.60208
6.60208
6.60208
6.60208
6.60208
6.60208
6.60208
6.60208
6.60208
6.60208
6.60208
6.60208
6.60208
6.60208
6.60208
6.60208
6.60208
6.60208
6.60208
6.60208
6.60208
6.60208
6.60208
6.60208
6.60208
6.60208
6.60208
6.60208
6.60208
6.60208
6.60208
6.60208
6.60208
6.60208
6.60208
6.60208
6.60208
6.60208
6.60208
6.60208
6.60208
6.60208
6.60208
6.60208
6.60208
6.60208
6.60208
6.60208
6.60208
6.60208
6.60208
6.60208
6.60208
6.60208
6.60208
6.60208
6.60208
6.60208
6.60208
6.60208
6.60208
6.60208
6.60208
6.60208
6.60208
6.60208
6.60208
6.60208
6.60208
6.60208
6.60208
6.60208
6.60208
6.60208
6.60208
6.60208
6.60208
6.60208
6.60208
6.60208
6.60208
6.60208
6.60208
6.60208
6.60208
6.60208
6.60208
6.60208
6.60208
6.60208
6.60208
6.60208
6.60208
6.60208
6.60208
6.60208
6.60208
6.60208
6.60208
6.60208
6.60208
6.60208
6.60208
6.60208
6.60208
6.60208
6.60208
6.60208
6.60208
6.60208
6.60208
6.60208
6.60208
6.60208
6.60208
6.60208
6.60208
6.60208
6.60208
6.60208
6.60208
6.60208
6.60208
6.60208
6.60208
6.60208
6.60208
6.60208
6.60208
6.60208
6.60208
6.60208
6.60208
6.60208
6.60208
6.60208
6.60208
6.60208
6.60208
6.60208
6.60208
6.60208
6.60208
6.60208
6.60208
6.60208
6.60208
6.60208
6.60208
6.60208
6.60208
6.60208
6.60208
