8.89219
8.99219
9.09219
9.80469
9.80469
9.80469
9.80469
9.80469
10.0281
10.0281
10.0281
10.1844
10.1859
10.1859
10.1859
10.1859
10.1859
10.3031
10.3031
10.3031
10.3156
10.3156
10.3156
10.3156
10.3156
10.4328
10.4328
10.4328
10.4328
10.4328
10.4328
10.4328
10.4328
10.4328
10.4328
10.5031
10.5031
10.5031
10.5031
10.5031
10.5031
10.5172
10.5172
10.5172
10.5172
10.5172
10.5797
10.6297
10.6297
10.6297
10.6297
10.6297
10.6297
10.6297
10.6875
10.6875
10.6875
10.6953
10.6953
10.7031
10.7031
10.7031
10.7031
10.7031
10.7031
10.7031
10.8547
10.8547
10.8547
10.8547
10.8547
10.8547
10.8547
10.8547
10.8547
10.8547
10.8547
10.8547
10.8547
10.8547
10.8547
10.8547
10.8547
10.8547
10.8547
10.8547
10.8547
10.8547
10.8547
10.8547
10.8547
10.8547
10.8547
10.8547
10.8547
10.8547
10.8547
10.8547
10.8547
10.8547
10.8547
10.8547
10.8547
10.8547
10.8547
10.8547
10.8547
10.8547
10.8547
10.8547
10.8547
10.8547
10.8547
10.8547
10.8547
10.8547
10.8547
10.8547
10.8547
10.8547
10.8547
10.8547
10.8547
10.8547
10.8844
10.8844
10.8844
10.8844
10.8844
10.8844
10.8844
10.8844
10.8844
10.8844
10.8844
10.8844
10.8844
10.8844
10.8844
10.8844
10.8844
10.8844
10.8844
10.8844
10.8844
10.8844
10.8844
10.8844
10.8844
10.8844
10.8844
10.8844
10.8844
10.8844
10.8844
10.8844
10.8844
10.8844
10.8844
10.8844
10.8844
10.8844
10.8844
10.8844
10.8844
10.8844
11.05
11.05
11.05
11.05
11.05
11.05
11.05
11.3
11.3
11.3
11.3
11.3
11.3
11.3
11.3
11.3
11.3
11.3
11.3
11.3
11.3
11.3
11.3
11.3
11.3
11.3
11.3
11.3
11.3
11.3
11.3
11.3
11.3
11.3
11.3
11.3
11.3
11.3
11.3
11.3
11.3
11.3
11.3
11.3
11.3
11.3
11.3
11.3
11.3
11.3
11.3
11.3
11.3
11.3
11.3
11.3
11.3
11.3
11.3
11.3
11.3
11.3
11.3
11.3
11.3
11.3
11.3
11.3
11.3
11.3
11.3
11.3
11.3
11.3
11.3
11.3
11.3
11.3
11.3
11.3
11.3
11.3
11.3
11.3
11.3
11.3
11.3
11.3
11.3
11.3
11.3
11.3
11.3
11.3
11.3
11.3
11.3
11.3
11.3
11.3
11.3
11.3
11.3
11.3
11.3
11.3
11.3
11.3
11.3
11.3
11.3
11.3
11.3
11.3
11.3
11.3
11.3
11.3
11.3
11.3
11.3
11.3
11.3
11.3
11.3
11.3
11.3
11.3
11.3
11.3
11.3
11.3
11.3
