12.9228
13.074
13.074
13.1008
13.1008
13.2
13.2
13.2
13.2001
13.2001
13.2001
13.2001
13.2001
13.2001
13.2001
13.2001
13.2001
13.2001
13.2001
13.2001
13.2001
13.2001
13.2001
13.2001
13.2001
13.2001
13.2001
13.2001
13.2001
13.2001
13.2001
13.2001
13.2001
13.2001
13.2001
13.2035
13.2035
13.2035
13.2035
13.2035
13.2035
13.2035
13.2035
13.2035
13.2035
13.2035
13.2035
13.2035
13.2035
13.2035
13.2035
13.2035
13.2035
13.2035
13.2035
13.2035
13.2035
13.2035
13.2035
13.2035
13.2035
13.2035
13.2035
13.2035
13.2035
13.2035
13.2035
13.2035
13.2035
13.2035
13.2035
13.2035
13.2035
13.2035
13.2035
13.2035
13.2035
13.2035
13.2035
13.2035
13.2035
13.2079
13.2079
13.2079
13.2079
13.2079
13.2079
13.2079
13.2079
13.2079
13.2079
13.2079
13.2079
13.2147
13.2147
13.2147
13.2147
13.2147
13.2147
13.2147
13.2147
13.2147
13.2147
13.2147
13.2147
13.2147
13.2147
13.2147
13.2147
13.2147
13.2147
13.2147
13.2147
13.2147
13.2147
13.2147
13.2147
13.2147
13.2147
13.2147
13.2147
13.2147
13.2147
13.2147
13.2147
13.2147
13.2147
13.2147
13.2147
13.2147
13.2147
13.2147
13.2147
13.2147
13.2147
13.2147
13.2147
13.2147
13.2147
13.2147
13.2147
13.2147
13.2147
13.2147
13.2147
13.2147
13.2147
13.2147
13.2147
13.2147
13.2147
13.2147
13.2147
13.2147
13.2147
13.2147
13.2147
13.2147
13.2147
13.2147
13.2147
13.2147
13.2147
13.2147
13.2147
13.2147
13.2147
13.2147
13.2147
13.2147
13.2147
13.2147
13.2147
13.2147
13.2147
13.2147
13.2147
13.2147
13.2147
13.2147
13.2147
13.2147
13.2147
13.2147
13.2147
13.2147
13.2147
13.2147
13.2147
13.2147
13.2147
13.2147
13.2147
13.2147
13.2147
13.2147
13.2147
13.2147
13.2147
13.2147
13.2147
13.2147
13.2147
13.2147
13.2147
13.2147
13.2147
13.2147
13.2147
13.2147
13.2147
13.2147
13.2147
13.2147
13.2147
13.2147
13.2147
13.2147
13.2147
13.2147
13.2147
13.2147
13.2147
13.2147
13.2147
13.2147
13.2147
13.2147
13.2147
13.2147
13.2147
13.2147
13.2147
13.2147
13.2147
13.2147
13.2147
13.2147
13.2147
13.2147
13.2147
13.2147
13.2147
13.2147
13.2147
13.2147
13.2147
13.2147
13.2147
13.2147
13.2147
13.2147
13.2147
13.2147
13.2147
13.2147
13.2147
13.2147
13.2147
13.2147
13.2147
13.2147
13.2147
13.2147
13.2147
13.2147
13.2147
13.2147
13.2147
13.2147
13.2147
13.2147
13.2147
13.2147
13.2147
13.2147
13.2147
13.2147
13.2147
13.2147
13.2147
13.2147
13.2147
13.2147
13.2147
13.2147
13.2147
13.2147
13.2147
13.2147
13.2147
13.2147
13.2147
13.2147
13.2147
13.2147
13.2147
13.2147
13.2147
