3508
3488
3600
3648
3697
3707
3616
3641
3752
3773
3556
3596
3706
3730
3795
3686
3741
3631
3556
3508
3503
3479
3207
3343
3447
3285
3321
3409
3476
3433
3408
3388
3625
3424
3586
3662
3418
3630
3554
3606
3604
3701
3700
3608
3517
3577
3556
3568
3628
3612
3627
3698
3615
3650
3492
3808
3620
3692
3716
3750
3769
3841
3787
3782
3568
3731
3911
3901
3912
3711
3714
3801
3769
3727
3786
3826
3860
3843
3792
3918
3736
3915
3810
3668
3640
3677
3830
3712
3588
3772
3556
3726
3736
3649
3704
3718
3877
3672
3690
3531
3777
3669
3733
3574
3809
3673
3738
3763
3655
3679
3602
3715
3704
3770
3688
3775
3781
3846
3682
3855
3602
3715
3733
3773
3699
3695
3719
3521
3556
3750
3659
3673
3685
3561
3510
3521
3723
3535
3697
3617
3724
3745
3561
3346
3616
3580
3554
3452
3752
3598
3761
3803
3620
3659
3643
3661
3510
3587
3494
3619
3623
3551
3647
3575
3537
3582
3568
3474
3484
3508
3499
3311
3393
3459
3364
3626
3530
3555
3537
3538
3538
3520
3530
3465
3696
3537
3714
3492
3719
3641
3643
3691
3547
3618
3561
3360
3652
3581
3534
3481
3464
3497
3546
3605
3560
3549
3512
3647
3591
3630
3744
3655
3608
3595
3667
3730
3822
3708
3848
3683
3784
3768
3703
3625
3643
3756
3661
3739
3694
3707
3850
3822
3735
3744
3647
3780
3786
3743
3746
3911
3799
3844
3838
3855
3869
3649
3783
3756
3833
3800
3736
3816
3864
3785
3867
3742
3833
3936
3797
3885
3823
3845
3877
3839
3792
3867
3888
3856
3781
3776
3853
3856
3814
3612
3808
3734
3696
3884
3772
3774
3833
3892
3759
3776
3694
3689
3592
3730
3753
3667
3751
3593
3733
3799
3707
3703
3638
3716
3783
