7.94481
7.94549
7.94549
7.94549
7.94549
7.94731
7.94997
7.94997
8.31368
8.56988
8.56988
8.56988
8.56988
8.56988
8.56988
8.56988
8.56988
8.56988
8.56988
8.56988
8.56988
8.56988
8.56988
8.56988
8.56988
8.56988
8.56988
8.6925
9.57269
9.57269
9.57269
9.57269
9.57269
9.57269
9.57269
9.57269
9.57269
9.57269
9.57269
9.57269
9.57269
9.57269
9.57269
9.57269
9.57269
9.57269
9.57269
9.57269
9.57269
9.57269
9.57269
9.57269
9.57269
9.57269
9.57269
9.57269
9.57269
9.57269
9.57269
9.57269
9.57269
9.57269
9.57269
9.57269
9.57269
9.57269
9.57269
9.57269
9.57269
9.57269
9.57269
9.57269
9.57269
9.57269
9.57269
9.57269
9.57269
9.57269
9.57269
9.57269
9.57269
9.57269
9.57269
9.57269
9.57269
9.57269
9.57269
9.57269
9.57269
9.57269
9.57269
9.57269
9.57269
9.57269
9.57269
9.57269
9.57269
9.57269
9.57269
9.57269
9.57269
9.57269
9.57269
9.57269
9.57269
9.57269
9.57269
9.57269
9.57269
9.57269
9.57269
9.57269
9.57269
9.57269
9.57269
9.57269
9.57269
9.57269
9.57269
9.57269
9.57269
9.57269
9.57269
9.57269
9.57269
9.57269
9.57269
9.57269
9.57269
9.57269
9.57269
9.57269
9.57269
9.57269
9.57269
9.57269
9.57269
9.57269
9.57269
9.57269
9.57269
9.57269
9.57269
9.57269
9.57269
9.57269
9.57269
9.57269
9.57269
9.57269
9.57269
9.57269
9.57269
9.57269
9.57269
9.57269
9.57269
9.57269
9.57269
9.57269
9.57269
9.57269
9.57269
9.57269
9.57269
9.57269
9.57269
9.57269
9.57269
9.57269
9.57269
9.57269
9.57269
9.57269
9.57269
9.57269
9.57269
9.57269
9.57269
9.57269
9.57269
9.57269
9.57269
9.57269
9.57269
9.57269
9.57269
9.57269
9.57269
9.57269
9.57269
9.57269
9.57269
9.57269
9.57269
9.57269
9.57269
9.57269
9.57269
9.57269
9.57269
9.57269
9.57269
9.57269
9.57269
9.57269
9.57269
9.57269
9.57269
9.57269
9.57269
9.57269
9.57269
9.57269
9.57269
9.57269
9.57269
9.57269
9.57269
9.57269
9.57269
9.57269
9.57269
9.57269
9.57269
9.57269
9.57269
9.57269
9.57269
9.57269
9.57269
9.57269
9.57269
9.57269
9.57269
9.57269
9.57269
9.57269
9.57269
9.57269
9.57269
9.57269
9.57269
9.57269
9.57269
9.57269
9.57269
9.57269
9.57269
9.57269
9.57269
9.57269
9.57269
9.57269
9.57269
9.57269
9.57269
9.57269
9.57269
9.57269
9.57269
9.57269
9.57269
9.57269
9.57269
9.57269
9.57269
9.57269
9.57269
9.57269
9.57269
9.57269
9.57269
9.57269
9.57269
9.57269
9.57269
9.57269
9.57269
9.57269
9.57269
9.57269
9.57269
9.57269
9.57269
9.57269
9.57269
9.57269
9.57269
9.57269
9.57269
9.57269
9.57269
9.57269
9.57269
9.57269
9.57269
9.57269
9.57269
