82.5298
93.6748
83.5352
90
86.4721
93.1459
94.1387
85.5109
85.5214
90
93.0831
82.8911
85.1374
82.0868
93.7485
90
90
83.7065
94.4093
93.1297
81.8151
84.5693
85.5869
90
90
85.5285
85.5948
85.4398
90
83.0437
84.4084
85.2703
82.6486
95.1603
85.4354
93.3891
95.2535
90
86.3419
95.5273
90
90
84.9692
90
84.4644
90
95.652
84.1016
90
90
94.0968
83.6313
85.3237
90
90
86.5101
90
82.9024
85.2273
94.7648
90
90
90
84.1382
86.8739
94.8168
84.6906
90
90
85.3178
90
90
83.4579
90
84.3427
84.5389
90
86.0434
86.8969
92.6011
84.9705
90
93.202
94.6187
90
90
90
85.2565
90
86.3278
96.1768
86.3316
83.2229
94.1866
90
86.7222
85.6426
90
90
90
85.7491
90
93.3491
93.0503
87.2741
90
90
87.06
86.4835
90
86.0023
90
94.3964
90
86.013
83.9733
90
90
90
90
90
90
90
90
90
90
93.567
85.1885
85.1739
90
92.7837
90
90
90
87.0636
80.5487
90
86.448
90
90
85.4163
90
85.2527
90
86.0256
84.9843
90
90
86.5073
85.5913
90
90
90
83.7672
93.0196
79.5602
90
86.1301
90
90
90
90
90
84.001
90
90
85.3647
90
93.1289
84.1702
90
90
84.037
84.7007
86.4743
90
90
90
90
86.5301
93.1729
90
85.1935
85.3443
90
90
90
90
83.894
93.4641
83.7864
90
85.6575
90
90
85.3895
90
94.4278
93.5445
92.845
90
90
81.6799
85.6612
90
90
94.7834
90
90
85.8939
90
94.5835
90
85.8809
85.6951
84.6202
94.5598
90
90
86.2498
90
85.4798
90
90
94.5537
85.2646
83.9459
90
93.8035
94.834
90
94.9933
85.7405
90
84.2809
86.3301
83.9381
90
85.9208
90
90
90
90
85.1735
84.9081
84.1949
80.3721
85.336
94.7456
85.26
90
84.8044
84.2711
85.7117
81.5769
83.8189
94.5786
84.0493
94.6058
84.6301
84.7633
94.1074
84.2958
94.2739
93.9339
90
84.381
86.5446
84.3966
85.287
85.6604
90
84.9359
85.5454
90
90
84.1081
90
86.4183
85.5318
90
90
94.1122
86.0637
93.9231
85.4204
86.4989
90
86.2742
93.3802
90
86.1875
83.0538
85.0548
83.9862
81.6863
84.3089
84.8145
