4.29804
0.52278
4.30575
2.94146
4.31919
2.1729
1.79441
4.54985
4.55255
3.41296
2.06117
4.05342
4.55898
4.44161
1.80758
2.91269
2.94946
4.90172
1.26586
2.05566
4.44833
4.83747
4.42455
4.18079
2.53731
4.55168
4.29199
4.56075
3.07669
4.18429
4.81731
4.84289
4.4439
1.39976
4.5566
2.05844
1.39165
3.71317
4.31344
1.29543
2.40915
2.44864
4.89455
3.80959
4.55033
4.31499
1.28339
3.79437
4.18037
3.9286
1.79852
4.30569
4.69875
2.79519
2.53486
4.30959
3.70375
4.18132
4.84104
1.55622
2.68814
2.53957
2.82616
5.08508
4.33566
1.42396
4.99771
4.17435
4.30747
4.829
1.93948
4.17907
4.22082
2.42085
4.80496
4.68728
3.96446
4.4411
4.31388
2.1812
4.80309
2.56327
2.03071
1.55733
4.17807
4.30604
2.42873
4.69325
4.07419
4.37249
0.908927
4.43297
4.96045
1.64993
3.82131
4.35001
4.35606
3.83206
3.16639
2.41163
4.42316
2.94605
1.94154
2.19078
4.34172
2.91475
2.57391
4.32528
4.42121
2.56969
4.43758
3.57871
1.33398
3.7553
4.35685
4.3052
3.64474
3.32626
3.17399
3.37666
2.53819
3.37544
3.07757
2.78734
3.72716
3.83778
1.73416
4.5482
4.81197
3.47328
2.17592
3.11072
4.30978
3.36311
3.31971
4.8319
3.46036
4.30614
3.08614
3.36867
4.74884
3.56815
3.70342
1.71882
4.54959
4.80634
2.17941
3.68468
4.41389
4.42429
2.79952
2.8271
3.45303
4.95868
1.9775
4.96184
4.0284
4.42752
3.67313
2.90872
2.44146
4.04832
3.49952
4.23655
3.97158
3.62144
3.72494
4.19879
1.93945
4.81226
3.49421
2.9526
4.94313
4.95573
4.30589
3.78311
3.65023
3.24663
2.79464
4.41759
1.90551
2.97126
4.84451
4.83465
2.97602
2.91781
2.92217
3.42234
5.09423
1.89582
4.96352
2.56893
4.54252
2.94922
3.36253
4.06865
3.42639
1.68139
1.92635
2.03093
2.94767
3.36438
4.81322
4.54655
3.72319
3.45239
1.42683
3.81829
4.11024
4.46427
2.81593
1.39374
3.93194
3.61997
4.4261
4.95682
1.55611
3.48488
3.78922
4.30174
2.3128
4.5481
3.20961
3.45006
1.34622
4.46615
5.08476
3.49526
1.80307
1.43069
3.48913
1.21783
4.42167
3.66993
4.81498
3.59077
4.36947
3.58559
4.47127
2.56062
3.66247
3.71895
3.59653
4.83082
4.55527
4.95771
4.95397
4.43812
1.41569
4.43709
2.32334
4.84159
4.95592
4.42032
4.73823
4.96132
1.41969
4.83101
1.41831
4.83255
4.82144
1.55685
4.86226
1.5188
1.46458
2.12234
4.84267
4.29261
4.83646
4.54415
4.33963
3.58282
4.70063
4.54734
3.6495
2.57577
4.8758
2.68575
4.21131
4.55448
3.75538
3.96329
1.42822
4.51941
1.58159
4.54602
4.30684
3.43383
4.30595
0.8848
2.95129
4.29279
4.41363
4.55362
4.96055
4.55664
4.81748
4.55548
