2.37648
2.42525
2.32766
2.34298
2.26604
2.30516
2.56087
2.25303
2.425
2.89702
2.75353
2.30483
2.29039
2.41745
2.43992
2.30027
3.42071
3.29446
3.34478
2.62213
2.27652
3.03329
2.66672
2.4151
2.44023
2.41308
2.85838
2.29239
2.59171
2.21864
2.49445
3.1823
2.56613
3.01681
2.34316
2.42814
2.55695
2.21336
2.29272
2.40399
2.78133
2.24702
2.89513
2.50906
2.3151
2.4161
2.39682
2.31473
2.48225
2.39218
2.22785
2.77054
2.60493
2.52967
2.28322
2.91592
2.47563
2.6096
2.99056
3.28248
2.9673
2.37039
2.44803
3.02962
3.04599
2.35111
2.97785
2.24868
2.50453
2.94061
2.35507
2.65661
2.36689
2.38714
2.39595
2.50896
2.86565
2.63237
2.73924
2.45245
2.57157
3.13883
2.85374
2.32849
2.94512
2.45983
2.84814
2.5466
2.93832
2.53429
2.48531
2.50417
3.3794
2.81182
3.01679
2.45417
2.2489
2.42837
2.36376
2.35125
2.32799
3.14308
2.39894
2.81612
2.9333
2.74203
2.67033
2.82678
2.75007
2.84442
2.66297
2.5158
2.86713
2.54986
2.26454
2.55499
2.7307
3.19074
2.94821
2.93072
2.67137
2.8433
2.42079
2.72323
2.55308
2.38913
2.60048
2.29328
2.57563
3.00505
2.65575
2.62517
2.25591
2.60812
3.03949
2.71512
3.44649
2.40249
2.72781
3.47034
2.6415
3.04072
2.72589
2.88092
2.5241
2.49066
2.77056
3.00826
2.51897
2.46954
3.08969
3.04421
2.61639
3.48572
3.66605
3.2926
3.02578
2.35233
2.50993
3.10417
3.76106
2.59593
3.04608
2.41948
3.38867
2.31785
3.11974
3.24894
2.39551
2.55795
3.24905
2.49496
2.71647
3.42868
2.52865
2.57874
2.54632
3.3435
2.77457
2.90596
2.44727
2.78739
3.1836
2.89102
3.09677
2.70705
2.54717
3.54292
3.43873
2.91498
3.10372
2.53755
2.64412
3.02907
2.59973
2.53353
2.67874
2.27219
2.97753
2.80117
3.0736
3.13318
2.668
2.46009
2.46686
2.28433
2.268
2.46177
2.8982
2.68655
2.94207
2.34723
2.89488
3.24401
2.85758
3.2085
2.98718
3.35665
2.52644
2.60822
2.34632
2.32516
2.44043
2.35187
2.62502
3.19032
3.48555
2.65406
3.79151
2.46049
2.52892
2.81291
2.97442
3.20304
2.45653
2.3481
3.19744
2.80715
2.32646
3.20833
3.2131
3.10642
3.24275
2.85579
2.55273
2.96488
3.1401
2.37357
2.87841
2.4582
3.17652
3.17827
3.24813
3.62344
3.30958
3.2758
2.85105
2.9406
2.70391
3.15927
2.90717
2.49172
3.20212
2.39128
2.9554
2.57969
3.21426
2.23559
3.18315
2.56675
2.53292
3.29475
2.66458
2.33728
2.82685
3.01402
2.92721
2.3901
2.63519
2.65574
2.62494
3.304
2.99963
2.43251
3.12284
2.99969
2.46975
2.4339
2.49862
3.17104
3.18694
2.32055
2.40281
2.45256
3.21186
2.29943
2.67805
2.27389
