8.74001
10.6725
9.0946
10.4333
9.09852
9.39318
10.4653
8.62655
8.71132
9.45023
10.5105
9.13699
8.62829
8.75686
10.5747
10.5019
10.4757
8.70335
10.3203
10.4295
8.91621
9.21956
8.69552
9.06776
9.27307
8.72407
8.4931
8.49983
10.542
8.44577
8.83815
9.22659
8.52402
10.5815
8.54647
10.6224
10.434
9.6256
8.75383
10.4345
10.5939
10.57
8.97296
9.27066
8.76881
9.23868
9.6214
9.17877
9.3032
9.24381
10.5483
9.25157
9.21934
10.5747
9.17183
9.15882
10.4976
9.1818
9.1795
10.5245
10.6177
9.50498
10.5049
8.63587
9.38848
10.5453
9.0841
8.63629
8.95199
9.26949
10.7195
9.21957
9.14242
10.4801
8.66652
8.46202
9.47416
8.98499
9.26038
11.1549
8.48493
10.5559
10.5406
10.8291
9.3012
9.23519
10.3808
8.97871
9.41036
9.19236
11.0957
8.77558
8.90137
10.4958
9.67398
9.06986
9.13515
10.5682
9.2538
10.8369
8.92476
10.316
10.6677
10.565
12.0899
10.5086
10.6913
11.8907
8.93531
10.4178
8.90218
10.5342
12.106
10.962
9.06156
9.20786
11.9682
10.5583
9.82734
11.2174
10.5561
11.0502
10.4894
10.4924
10.9418
10.1662
11.6654
8.75421
8.86948
10.7066
10.4659
11.0708
9.03187
10.9853
10.4541
9.1796
10.4277
8.94232
10.4615
11.1763
8.94944
9.36819
9.52113
11.3424
8.79046
8.51553
10.7593
11.9768
9.06637
8.60913
10.3752
10.7961
10.6266
8.56218
11.5592
8.6454
11.115
9.06897
9.46043
9.58835
10.6144
9.24695
10.9014
10.5357
10.3648
10.6092
10.533
11.9807
10.5349
8.51126
10.9326
10.4214
8.9112
8.87202
8.92987
11.7829
11.3021
11.1295
10.3797
9.13711
10.6761
10.4522
9.09107
9.23388
11.1981
10.7728
10.3451
9.47741
8.82887
10.7208
8.61247
10.9756
8.84276
10.6951
10.7055
11.9299
9.5533
10.6133
10.3751
10.6133
10.4353
10.8818
8.78095
8.90256
10.7156
10.3981
10.6098
9.51656
8.99716
8.7934
10.418
10.5672
11.8466
11.0854
8.88989
8.71344
10.3381
10.3132
11.6293
9.22476
10.5468
8.55781
10.5862
10.2453
11.6759
9.02708
8.91949
11.8269
10.4186
10.4749
10.6636
11.3822
8.99409
9.33592
8.60668
10.4895
10.5374
10.4832
8.94354
10.3748
11.8276
9.89788
10.2863
8.97631
8.26415
8.6362
8.30781
8.25726
10.709
8.15613
10.9971
9.05233
8.72931
8.88578
8.37832
8.68421
10.415
8.36777
10.2667
8.69133
8.77544
10.6021
8.93743
10.4961
11.7687
11.5558
8.32971
8.99279
8.88709
8.81485
9.07609
9.59923
8.48787
8.64402
11.6418
10.3255
8.663
10.3499
8.90834
8.67343
10.8673
9.42701
10.7312
10.3884
11.0001
8.32449
9.02766
9.3524
8.46857
10.5672
10.6042
8.97911
8.84345
8.45477
8.9231
8.26366
8.66771
8.09998
