1434
1493
1399
1727
1639
1615
1567
1572
1620
1639
1663
1360
1609
1526
1665
1847
1609
1529
1583
1636
1510
1696
1593
1633
1517
1645
1516
1522
1731
1436
1519
3305
1459
1641
1515
1670
1696
1622
1650
1583
1855
1737
1577
1599
1544
1608
1544
1379
1601
1647
1633
1586
1598
1612
1596
1622
1692
1440
1526
1640
1539
1577
1822
1600
1607
1630
3239
1508
1606
1671
1617
3438
1624
1728
1559
1545
1700
1556
1672
1798
1579
1713
1778
1732
1804
1730
1698
1593
1808
1785
1727
1659
1698
1721
1666
1699
1694
1784
1626
1734
1680
1764
1706
1749
1737
1805
1908
1878
1742
1752
1635
1776
1848
1766
1723
1551
1825
1797
1714
1747
1774
1793
1728
1738
1852
1833
1746
1677
1738
1729
1726
3568
1681
1852
1796
1594
1883
1670
1865
1921
1736
1758
1710
1750
1713
1624
1751
1891
1755
1691
3482
1907
1924
1715
1860
1587
1925
1761
1739
1812
1892
1820
1943
1691
1839
1887
1620
1901
1808
1584
1935
1800
1782
1737
1798
1917
1988
3702
1675
1823
1809
1812
1740
1730
1984
1974
1918
1756
1732
1909
1717
1884
1696
1913
1953
1844
1697
1866
1854
1836
1941
1907
1630
1767
1907
1901
1739
1711
1744
1767
1776
1799
1907
1861
1778
1730
1768
1927
1843
1853
1813
1750
1793
1799
1706
1761
1692
1858
1799
1687
1954
1849
1681
1726
1704
1614
1690
3444
1832
1903
1980
1752
1785
1708
1643
1694
1606
1619
1775
1694
3381
1687
1703
1597
1590
1620
1732
1592
1743
1676
1711
1773
1739
1682
1830
1757
1578
1683
1634
1666
1629
1747
3241
1654
1829
1758
1715
1649
1682
1609
3675
1665
1737
1723
3338
1605
1740
1581
1619
1517
1712
1658
1497
1656
1682
1492
1668
1556
