2.00599
1.89367
2.24469
3.19836
3.19732
3.20544
3.30894
3.1953
3.18791
3.32156
3.1934
1.7744
3.09092
2.00728
3.19322
3.31062
2.2443
2.98198
2.85744
3.19618
1.88344
3.08449
3.08239
3.19217
3.3111
3.18721
2.98341
3.20487
3.30472
2.12336
3.08674
3.31614
2.24444
3.31094
3.19195
3.31657
3.31044
3.07619
3.19412
3.31494
3.19096
3.18849
3.31476
3.07485
2.85065
3.31835
3.1878
1.89784
3.31837
3.31345
3.30957
2.24045
3.19048
2.24045
2.96674
3.19249
3.30843
1.8948
3.30821
3.31073
2.24054
3.30421
3.07438
3.31184
3.31017
3.20122
3.3093
3.19445
3.31193
3.31061
1.88672
3.31303
2.1239
3.20258
3.08795
3.06929
3.1958
3.1982
3.30982
3.1947
3.30962
3.19082
3.21009
3.30704
3.31527
3.30922
3.20254
3.20316
3.31093
3.19256
3.31062
3.30771
2.84482
3.18651
3.18489
3.31112
2.96389
3.19061
3.08152
3.3053
3.09643
3.20115
3.19006
3.31675
3.19049
3.19939
3.30988
3.10392
3.32304
3.31929
3.1933
3.31418
3.19548
3.31316
3.09371
2.36096
3.31153
3.20672
3.19807
3.195
3.19061
3.19418
3.20372
3.20124
3.31073
2.98851
3.18853
3.07445
3.31425
3.31243
3.1937
3.31341
3.31949
3.20021
2.24721
1.77568
3.0874
3.19597
3.0913
3.20754
3.31386
3.30802
2.12204
2.23887
3.3281
3.31162
2.14008
3.08668
3.30717
3.0968
3.20899
3.09302
3.08147
3.08846
3.197
1.77596
3.31425
3.20057
3.31364
3.09373
3.20506
3.30755
3.09433
2.02225
3.19517
3.09637
2.01696
3.31338
3.09121
3.07423
3.31425
3.20131
3.08155
3.30989
3.2055
3.19385
3.20285
3.32086
2.36015
3.30952
3.08915
2.84452
3.31563
3.3307
3.08803
3.19073
3.20214
3.19981
3.20528
3.19376
3.08817
3.19953
3.19953
2.25246
3.18742
2.14451
3.09858
3.32503
3.21167
3.08581
3.08164
3.19761
2.24494
3.19566
3.07379
3.21647
3.2025
3.08362
3.20103
3.20174
3.31763
3.08805
3.203
2.02334
3.0877
3.3157
3.20506
3.19485
3.19419
3.09241
3.09458
3.19501
3.08526
3.08871
3.20606
2.9706
3.19276
3.2032
3.18836
3.20239
3.19841
3.20677
3.08192
3.08529
3.09105
2.24518
2.1314
3.19347
3.19565
3.09368
3.20042
3.08458
3.08895
3.31494
3.08251
3.2017
2.13534
3.09083
3.19375
3.08452
3.09194
3.19534
3.20443
3.08771
2.25691
3.08032
3.08781
3.08659
3.07247
3.1986
3.21286
3.07954
3.0768
3.08758
3.08318
3.09018
3.20362
3.20662
3.09261
3.0907
2.96215
2.97204
3.1963
3.20052
3.20219
3.19686
3.08779
2.02521
3.09608
3.19893
3.20566
3.0895
2.97126
3.08977
3.09031
3.21244
3.20218
3.09035
3.20303
2.13307
3.08681
3.09607
2.2588
3.09052
3.08049
2.14154
3.0899
3.08532
