99.5313
90
103.499
102.933
100.631
103.792
90
103.241
103.925
101.998
101.055
104.783
104.494
103.332
100.579
100.466
99.6182
103.822
107.566
101.05
100.275
101.684
101.163
104.237
100.494
101.901
102.306
99.4241
102.063
99.4473
100.502
99.2689
99.9373
100.363
104.162
99.9763
100.174
106.523
97.9832
100.486
103.455
105.868
100.301
99.8169
105.533
101.603
100.056
100.995
101.578
102.512
99.4705
97.2916
100.594
103.159
102.871
98.6753
101.276
101.541
104.23
100.084
100.274
101.196
102.705
99.4068
99.6573
101.175
101.938
106.657
96.4393
100.189
98.6057
105.271
90
110.868
106.943
109.574
90
103.2
109.242
105.841
109.585
90
107.978
103.982
103.391
80.7329
110.196
104.306
108.828
73.3227
96.3517
90
99.4424
97.4631
108.055
99.4601
90
100.85
105.794
102.88
107.624
90
90
96.3861
103.223
104.846
108.825
98.1833
108.436
107.385
104.344
106.405
103.102
98.6978
103.139
90
108.568
103.558
90
113.885
103.549
111.017
90
109.079
99.7743
90
75.31
98.7658
99.035
107.117
98.2185
102.793
108.618
103.581
99.513
103.733
103.125
101.339
105.188
101.496
98.9163
108.063
102.089
100.208
99.7588
101.686
106.04
103.256
101.955
106.074
104.168
103.68
107.467
103.377
107.027
102.832
104.469
100.987
109.834
108.351
103.28
108.256
102.815
103.655
101.891
107.599
99.847
101.696
101.25
103.812
104.577
95.6616
105.191
103.28
105.261
101.632
102.607
101.686
108.451
103.605
90
100.886
102.169
102.041
97.5626
101.289
101.777
100.536
100.809
103.219
102.163
98.1408
102.36
104.406
102.234
103.818
98.7962
95.4239
101.887
97.9123
103.59
101.638
99.0619
