5.02922
4.6395
4.44325
4.33382
4.74275
4.33819
6.81727
4.63728
4.33165
5.14955
5.13793
4.63685
4.22932
4.73489
5.15002
5.03745
4.94011
4.23263
4.14595
5.04519
5.0462
5.02908
5.04157
4.82847
5.25539
5.12855
5.04417
5.81834
5.14616
5.34806
5.24909
5.43614
5.3603
5.51136
5.05111
5.33293
5.25143
5.33713
5.64138
5.14813
4.82169
5.22718
5.13659
5.36982
5.12869
5.12206
5.33157
5.12553
5.02474
5.03518
5.32901
5.71304
5.0165
5.22776
5.70545
5.3281
5.01549
5.12869
4.45118
5.12605
5.24115
5.12953
5.02836
5.01516
5.12711
4.91184
5.03559
4.15195
5.802
5.21981
5.12002
3.8485
6.42581
3.33894
3.74424
3.04718
6.42811
4.3306
3.26122
3.869
3.26199
6.4102
3.26199
4.22683
4.33039
3.36095
3.36531
4.07759
3.36605
6.80837
4.32978
5.41141
3.83926
4.32851
3.25445
6.10853
6.3245
5.04126
3.04251
4.32753
3.56597
6.31775
6.72981
5.25162
4.33299
4.04719
3.14838
5.12151
3.26353
3.36483
3.13407
3.85958
4.33648
5.01952
4.33912
5.13775
3.36737
4.33494
6.53931
3.14838
4.22834
4.14634
6.63812
3.26241
5.22384
6.7921
4.54746
4.9279
5.11936
3.37007
5.14848
4.43308
4.33262
4.54611
5.02027
4.43043
4.43681
4.64261
4.32104
5.2303
5.34218
4.43684
4.54948
5.02609
5.13323
4.62212
4.84726
4.52724
4.64882
4.63719
4.33308
4.54124
4.64339
4.41718
4.63296
4.53492
4.23087
4.64359
3.3611
3.36112
4.33565
3.36689
4.53166
4.33166
4.79357
3.58058
4.8603
4.53928
4.59253
4.3215
4.42753
5.80232
4.23117
4.63906
4.33321
4.85422
4.43396
4.63898
4.22186
4.63524
6.01735
4.84463
4.68716
4.63864
5.1293
4.84824
4.8128
4.84741
4.7326
4.19168
4.42934
5.45482
4.79648
4.22246
4.53548
4.5401
5.43262
5.62727
4.22404
5.43286
4.64297
4.84465
4.95633
