6.8342
5.14015
7.0066
6.91682
6.73139
6.93656
6.91543
7.1555
6.97997
7.40127
7.2522
7.409
6.99396
7.38604
7.12946
7.02413
6.72652
6.98749
7.51168
7.13874
6.98975
7.25004
7.12756
7.5051
7.23988
7.40343
7.38057
7.57139
7.43972
7.13938
7.31101
7.19169
7.2392
7.49998
7.72202
7.23355
7.18437
8.47871
7.16488
7.1686
7.38213
8.29132
7.06485
7.30373
8.12775
7.30191
7.24259
7.19831
7.25844
7.40464
7.11195
7.08045
7.0443
7.71196
8.13423
6.94479
7.13875
7.32478
7.14543
7.03327
7.16343
7.24914
7.40322
6.74435
6.92512
6.9842
7.31438
7.37351
6.98584
7.20382
6.73129
6.82477
6.72101
7.38252
7.02982
6.82683
6.52286
6.82948
6.94033
6.8439
7.02661
6.61439
6.72895
6.8349
6.82141
1.63407
7.23462
6.7277
6.91235
5.43695
5.48688
5.03499
5.59833
5.69763
6.7198
7.37504
6.72373
7.05793
6.08831
6.73606
6.92253
6.44708
6.43905
6.44081
6.81616
6.83368
6.73226
6.63853
6.73882
6.72653
5.82947
6.92124
6.81946
6.63263
6.82449
5.08416
6.99536
6.93127
6.73237
7.90568
6.82514
6.73337
6.73062
6.93915
7.0708
6.73002
1.63826
6.51658
6.83072
6.72539
6.74015
6.94236
7.96133
7.14217
6.92363
7.05287
6.93154
6.81028
7.20067
7.3879
7.02605
7.96091
6.92494
6.94018
6.99509
6.84661
7.89424
7.02209
6.92329
7.6917
7.03748
7.13225
7.98734
6.94742
7.90101
6.93616
6.94522
6.72796
7.13644
6.85399
6.84001
6.91347
6.94263
6.89413
7.01816
6.93221
6.71524
6.73913
6.64412
6.92915
7.20496
6.84386
7.12754
7.20357
7.20737
7.02385
6.72844
6.81939
7.80329
7.14394
6.93906
6.84096
6.93273
6.88379
6.55208
7.01184
7.00371
6.82599
6.82395
6.81215
6.7326
7.00188
7.13335
6.9251
6.83133
7.21011
7.0528
6.63543
6.55397
6.89347
7.20925
7.01415
6.71234
