96.7421
97.0754
97.0754
97.0754
96.8228
96.607
96.604
96.3338
96.3338
96.3338
96.3338
96.3117
96.3117
96.3063
96.3063
96.0638
96.0623
96.0623
96.0622
96.032
96.032
96.032
96.032
96.032
96.032
96.032
96.032
96.0315
96.0315
96.0281
96.0281
96.0281
96.0281
96.0281
96.0281
95.7781
95.7781
95.7781
95.7781
95.7779
95.7779
95.7779
95.7779
95.7779
95.7779
95.7779
95.7321
95.7321
95.7321
95.7321
95.7321
95.7309
95.7309
95.7309
95.7309
95.7309
95.7309
95.7309
95.7309
95.7309
95.7309
95.7309
95.7309
95.7309
95.7309
95.7309
95.7309
95.7309
95.7309
95.7933
95.7933
95.7933
95.7933
95.7933
95.7933
95.7933
95.7933
95.7933
95.7933
95.7933
95.7933
95.7933
95.7933
95.7933
95.7933
95.7933
95.7933
95.7933
95.7933
95.7933
95.7933
95.7933
95.7933
95.7933
95.7933
95.7933
95.7933
95.7918
95.7918
95.8011
95.8011
95.8011
95.8011
95.8011
95.8011
95.8011
95.8011
95.8011
95.8011
95.8011
95.8011
95.8011
95.8011
95.8011
95.8011
95.8011
95.8011
95.8011
95.8011
95.8011
95.8011
95.8011
95.8011
95.8011
95.8011
95.8011
95.8011
95.8011
95.8011
95.8011
95.8011
95.8011
95.8011
95.8011
95.8011
95.8008
95.8008
95.8008
95.8008
95.8008
95.8008
95.8008
95.8008
95.8008
95.8008
95.8008
95.8008
95.8008
95.8008
95.8008
95.8008
95.8008
95.8008
95.8008
95.8008
95.8008
95.8008
95.8008
95.8008
95.8008
95.7905
95.7905
95.7905
95.7905
95.7905
95.7905
95.7905
95.7905
95.7905
95.7905
95.7905
95.7905
95.7905
95.7905
95.7905
95.7905
95.7905
95.7905
95.7905
95.7905
95.7905
95.7905
95.7905
95.7905
95.7905
95.7905
95.7905
95.7905
95.7905
95.7905
95.7905
95.7905
95.7905
95.7905
95.7905
95.7905
95.7905
95.7905
95.7905
95.7905
95.7905
95.7905
95.7905
95.7905
95.7905
95.7905
95.7905
95.7905
95.7905
95.7905
95.7905
95.7905
95.7905
95.7905
95.7905
95.8354
95.8354
95.8354
95.8317
95.8317
95.8317
95.8317
95.8317
95.8317
95.8317
95.8317
95.8317
95.8317
95.8317
95.8317
95.8317
95.8317
95.8317
95.8317
95.6064
95.6064
95.6064
95.6064
95.6064
95.6064
95.6064
95.6064
95.6064
95.6064
95.6064
95.6064
95.6064
95.6064
95.6064
95.6064
95.6064
95.6064
95.6064
95.6064
95.6064
95.6064
95.6064
95.6064
95.6064
95.6064
95.6064
95.6064
95.6064
95.6064
95.6064
95.6064
95.6064
95.6064
95.6064
95.6064
95.6064
95.6064
95.6064
95.6064
95.6064
95.6064
95.6064
95.6064
95.6064
95.6064
95.6064
95.6064
95.6064
95.6064
95.6064
95.6064
95.6064
95.6064
95.6064
95.6064
95.6064
95.6064
95.6064
95.6064
95.6064
95.6064
95.6064
