10.025
10.025
10.025
10.0797
10.0797
10.0797
10.0875
10.1625
10.1625
10.2422
10.2547
10.2875
10.3078
10.3078
10.3797
10.3797
10.3797
10.3797
10.3797
10.3797
10.3797
10.3797
10.4031
10.4031
10.4203
10.4203
10.4328
10.4328
10.4328
10.4328
10.4328
10.4328
10.4328
10.4328
10.4328
10.4328
10.4328
10.5203
10.5203
10.5203
10.5203
10.5203
10.5203
10.5203
10.5203
10.5203
10.5203
10.5203
10.5203
10.5203
10.5203
10.5203
10.5203
10.5203
10.5203
10.5203
10.5203
10.5203
10.5203
10.5203
10.5203
10.5203
10.5203
10.5203
10.5203
10.5203
10.5203
10.5203
10.5203
10.5203
10.5203
10.5203
10.5203
10.5266
10.5266
10.5266
10.5266
10.5266
10.5266
10.5266
10.5391
10.7125
10.7125
10.7125
10.7125
10.7125
10.7125
10.7125
10.7125
10.7125
10.7125
10.7125
10.7125
10.7125
10.7125
10.7125
10.7125
10.7125
10.7125
10.7125
10.7125
10.7125
10.7125
10.7125
10.7125
10.7125
10.7125
10.7125
10.7125
10.7125
10.7125
10.7125
10.7125
10.7125
10.7125
10.7125
10.7125
10.7125
10.7125
10.7125
10.7125
10.7125
10.7125
10.7125
10.7125
10.7125
10.7125
10.7125
10.7125
10.7125
10.7125
10.7125
10.7125
10.7125
10.7125
10.7125
10.7125
10.7125
10.7125
10.7125
10.7125
10.7125
10.7125
10.7125
10.7125
10.7125
10.7125
10.7125
10.7125
10.7125
10.7125
10.7125
10.7125
10.7125
10.7125
10.7125
10.7125
10.7125
10.7125
10.7125
10.7125
10.7125
10.7125
10.7125
10.7125
10.7125
10.7125
10.7125
10.7125
10.7125
10.7125
10.7125
10.7125
10.7125
10.7125
10.7125
10.7125
10.7125
10.7125
10.7125
10.7125
10.7125
10.7125
10.7125
10.7125
10.7125
10.7125
10.7125
10.7125
10.7125
10.7125
10.7125
10.7125
10.7875
10.7875
10.7875
10.7875
10.7875
10.7875
10.7875
10.7875
10.7875
10.7875
10.7875
10.7875
10.7875
10.7875
10.7875
10.7875
10.7875
10.7875
10.7875
10.7875
10.7875
10.7875
10.7875
10.7875
10.7875
10.7875
10.7875
10.7875
10.7875
10.7875
10.7875
10.7875
10.7875
10.7875
10.7875
10.7875
10.7875
10.7875
10.7875
10.7875
10.7875
10.7875
10.7875
10.7875
10.7875
10.7875
10.7875
10.7875
10.7875
10.7875
10.7875
10.7875
10.7875
10.7875
10.7875
10.7875
10.7875
10.7875
10.7875
10.7875
10.7875
10.7875
10.7875
10.7875
10.7875
10.7875
10.7875
10.7875
10.7875
10.7875
10.7875
10.7875
10.7875
10.7875
10.7875
10.7875
10.7875
10.7875
10.7875
10.7875
10.7875
10.7875
10.7875
10.7875
10.7875
10.7875
10.7875
10.7875
10.7875
10.7875
10.7875
10.7875
10.7875
10.7875
10.7875
10.7875
10.7875
10.7875
10.7875
10.7875
10.7875
10.7875
10.7875
10.7875
