8.10522
8.31138
8.31138
8.31138
8.31138
8.31138
8.31138
8.31138
8.31138
8.31138
8.31138
8.31138
8.31138
8.31138
8.31138
8.31138
8.31138
8.31138
8.31138
8.31138
8.31138
8.31138
8.31138
8.31138
8.31138
8.31138
8.31138
8.31138
8.31138
8.31138
8.31138
8.31138
8.31138
8.31138
8.31138
8.31138
8.31138
8.31138
8.31138
8.31138
8.31138
8.31138
8.31138
8.31138
8.31138
8.31138
8.31138
8.31138
8.31138
8.31138
8.31138
8.31138
8.31138
8.31138
8.31138
8.31138
8.31138
8.31138
8.31138
8.31138
8.31138
8.31138
8.31138
8.31138
8.31138
8.31138
8.31138
8.31138
8.31138
8.34041
8.34041
8.34041
8.34041
8.34041
8.34041
8.34041
8.34041
8.34041
8.34041
8.34041
8.34041
8.34041
8.34041
8.34041
8.34041
8.34041
8.34041
8.34041
8.34041
8.34041
8.34041
8.34041
8.34041
8.34041
8.34041
8.34041
8.34041
8.34041
8.34041
8.34474
8.34474
8.34474
8.34474
8.34474
8.34474
8.34474
8.34474
8.34474
8.34474
8.34474
8.34474
8.34474
8.34474
8.34474
8.34474
8.34474
8.34474
8.34474
8.34474
8.34474
8.34474
8.34474
8.34474
8.34474
8.34474
8.34474
8.34474
8.34474
8.34474
8.34474
8.34474
8.34474
8.34474
8.34474
8.34474
8.34474
8.34474
8.34474
8.34474
8.34474
8.34474
8.34474
8.34474
8.34474
8.34474
8.34474
8.34474
8.34474
8.34474
8.34474
8.34474
8.34474
8.34474
8.34474
8.34474
8.34474
8.34474
8.34474
8.34474
8.34474
8.34474
8.34474
8.34474
8.34474
8.34474
8.34474
8.34474
8.34474
8.34474
8.34474
8.34474
8.34474
8.34474
8.34474
8.34474
8.34474
8.34474
8.34474
8.34474
8.34474
8.34474
8.34474
8.34474
8.34474
8.34474
8.34474
8.34474
8.34474
8.34474
8.34474
8.34474
8.34474
8.34474
8.34474
8.34474
8.34474
8.34474
8.34474
8.34474
8.34474
8.34474
8.34474
8.34474
8.34474
8.34474
8.34474
8.34474
8.34474
8.34474
8.34474
8.34474
8.34474
8.34474
8.34474
8.34474
8.36561
8.36561
8.36561
8.36561
8.36561
8.36561
8.36561
8.36561
8.36561
8.36561
8.36561
8.36561
8.36561
8.36561
8.36561
8.36561
8.36561
8.36561
8.36561
8.36561
8.36561
8.36561
8.36561
8.36561
8.36561
8.36561
8.36561
8.36561
8.36561
8.36561
8.36561
8.36561
8.36561
8.36561
8.36561
8.36561
8.36561
8.36561
8.36561
8.36561
8.36561
8.36561
8.36561
8.36561
8.36561
8.36561
8.36561
8.36561
8.36561
8.36561
8.36561
8.36561
8.36561
8.36561
8.36561
8.36561
8.36561
8.36561
8.36561
8.36561
8.36561
8.36561
8.36561
8.36561
8.36561
8.36561
8.36561
8.36561
8.36561
8.36561
8.36561
8.36561
8.36561
8.36561
8.36561
8.36561
8.36561
8.36561
8.36561
8.36561
8.36561
8.36561
