7.73204
7.56857
7.45922
7.48343
7.70112
7.79163
8.35613
7.95204
7.84462
7.2423
7.43455
6.92821
7.28184
7.28999
7.49298
7.23231
7.30107
7.43435
7.18956
7.60549
7.2975
7.20246
7.4222
7.48097
7.18223
7.28415
7.27064
7.30433
7.31567
7.21675
7.27272
6.37777
7.14812
7.08023
7.07314
7.53942
7.14798
7.12797
7.26157
7.08422
7.28747
7.43481
6.91921
7.16229
7.11989
7.05926
8.23871
7.28702
7.46325
6.99191
7.62686
7.86861
6.32296
7.16525
6.9662
7.09765
7.25068
7.18809
7.23915
6.3589
7.08601
6.5559
7.85836
7.43764
6.32108
7.2832
7.55414
7.74913
7.29221
7.0796
6.97652
7.71248
7.1032
7.13855
7.0333
6.45282
7.64017
7.27884
7.02351
7.64928
7.07816
7.39899
7.44248
7.36787
7.56995
7.09991
7.23011
7.62783
6.33587
7.34924
7.51697
7.39893
7.43715
7.09793
7.56113
7.34624
7.39893
7.33468
7.04071
7.42431
7.59047
7.3315
7.85412
7.42133
7.43012
7.83681
7.57048
7.51681
7.36926
7.20881
7.51681
7.3012
6.98368
8.14255
7.52846
7.38168
7.59677
6.99286
7.206
7.1236
7.23097
7.25814
7.05986
7.44473
6.98751
7.22226
7.4132
7.49349
6.99531
7.51751
7.14492
7.23494
7.3084
7.29184
7.4458
6.97111
6.96004
7.20534
7.47672
7.73896
7.26099
6.99938
7.02894
7.359
7.05274
7.3084
6.98624
7.45626
7.21422
7.58781
7.20008
7.31763
7.49343
7.32788
7.73032
7.11656
7.10609
6.97982
7.51394
7.69729
6.90873
7.51681
7.35133
7.23662
7.04282
6.89642
8.38604
7.08047
7.22388
6.9326
7.04349
7.06533
7.7548
7.23629
7.31083
7.60842
7.58384
7.33708
7.23631
7.36777
7.09464
7.30991
7.14109
7.15612
7.33278
7.72389
7.51547
7.59529
7.53449
7.92913
7.62793
7.53981
7.26699
7.30111
7.26538
7.30673
7.38003
7.63704
7.26711
7.70606
7.31197
7.31424
7.35395
7.68504
7.11698
7.22137
7.42568
7.55211
7.32227
7.5523
7.40651
7.82746
7.52224
7.28977
7.20491
7.11185
7.3201
7.39302
