7.24615
9.02903
6.7124
6.80232
7.37566
7.37163
7.35021
6.78909
7.33706
7.42902
7.12882
6.73833
7.14007
7.42522
7.42628
7.42089
6.65806
7.29087
6.7076
7.24093
6.71679
6.72926
7.22583
6.71505
6.72665
6.56545
6.72278
6.72465
6.61367
6.85415
6.71671
6.69839
6.48519
6.73306
6.71884
6.7422
6.72038
6.69955
6.71884
6.77736
7.16026
6.60186
6.68684
6.71979
6.70448
6.72393
6.61608
6.61582
7.21045
7.29938
7.30356
6.69924
6.60519
7.41903
6.69242
6.59968
6.70155
7.30899
6.60653
7.29308
6.64126
7.37263
6.71377
6.63207
6.70142
6.63313
7.26642
7.149
7.12305
7.19183
6.61527
6.62447
6.61923
7.38206
6.52573
6.68503
7.21212
6.62662
6.61785
6.60501
6.83578
7.24759
6.74452
6.62047
7.02299
6.71495
6.68896
6.70083
7.3625
7.24148
6.643
7.11002
7.29468
7.41589
7.33412
7.32962
7.31428
7.14426
7.02588
7.40172
7.1311
7.14784
7.04957
7.32627
6.61007
7.31808
7.05825
7.2582
7.12085
7.4221
7.36978
6.61274
6.39573
6.60501
6.72224
6.63995
6.60385
7.35932
7.44863
7.19087
7.38199
7.15384
7.14809
7.43512
7.29128
7.2394
6.70467
6.71991
6.95948
6.61967
6.69127
6.72782
6.54617
7.00865
7.12425
7.02252
7.04506
6.7264
7.11835
7.42507
7.30191
7.31256
7.31548
6.39821
6.52929
7.06513
6.96092
7.15089
7.16908
7.24003
6.70472
6.4008
7.15748
7.12056
7.42709
6.95772
7.43376
7.2885
6.38753
7.42966
6.71527
6.93768
6.79494
7.12716
7.10716
7.09531
7.19102
7.41894
6.95035
6.91909
7.11719
6.51789
7.22243
7.31607
7.22602
6.69404
7.00842
6.79882
6.99259
7.34901
6.79138
7.13793
6.8205
7.06686
7.00249
7.2295
6.91791
6.89733
7.54318
7.15972
7.26897
7.05375
7.4048
7.36483
7.46061
7.4343
7.51135
7.02122
8.23716
8.4801
7.25482
7.26532
7.17496
7.36134
7.52459
7.16721
7.24144
7.20253
7.05539
7.3959
7.37236
8.51895
10.711
7.26901
10.8285
7.39753
7.55544
7.3818
