102.073
101.253
102.338
102.338
102.338
101.845
101.751
49.4183
49.4183
49.4183
49.4183
49.4183
49.4183
49.4667
49.4667
49.4667
49.5773
49.5773
49.5773
49.5773
49.5773
49.5773
49.5773
49.5773
49.5773
49.5773
49.5773
49.5773
49.5773
49.5773
49.5773
49.5773
49.5773
49.5773
49.5773
49.5773
49.5773
49.5773
49.5773
49.5773
49.5773
49.5773
49.5773
49.678
49.678
49.678
49.678
50.4702
50.4702
50.4702
50.4702
50.4702
50.4702
50.4702
50.5674
50.5674
50.5674
50.5674
50.5674
50.5674
50.5674
50.5674
50.5674
50.5674
50.5674
50.5674
50.5674
50.5674
50.5674
50.5674
50.5674
50.5674
50.5674
50.5674
50.5674
50.5674
50.5674
50.5674
50.5674
50.5674
50.5674
50.5674
50.5674
50.8314
50.8314
50.8314
50.8314
50.8314
50.8314
50.8314
50.8314
50.8314
50.8314
50.8314
50.8314
50.8314
50.8314
50.8314
50.8314
50.8314
50.8314
50.8314
50.8314
50.8314
50.8314
50.8314
50.8314
50.8314
50.8314
50.8314
50.8314
50.8314
50.8314
50.8314
50.8314
50.8314
50.8314
50.8314
50.8314
50.8314
50.8314
50.8314
50.8314
50.8314
50.8314
50.8314
50.8314
50.8314
50.8314
50.8314
50.8314
50.8314
50.8314
50.8314
50.8314
50.8314
50.8314
50.8314
50.8314
50.8314
50.8314
50.8314
50.8314
50.8314
50.7604
50.7604
50.7604
50.7604
50.7604
50.7604
50.7604
50.7604
50.7604
50.7604
50.7604
50.7604
50.7604
50.7604
50.7604
50.7604
50.7604
50.7604
50.7604
50.7604
50.7604
50.7604
50.7604
50.7604
50.7604
50.7604
50.7604
50.7604
50.7604
50.7604
50.7604
50.7604
50.7604
50.7604
50.7604
50.7604
50.7604
50.7604
50.7604
50.7604
50.7604
50.7604
50.7604
50.7604
50.7604
50.7604
50.7604
50.7604
50.7604
50.7604
50.7604
50.7604
50.7604
50.7604
50.7604
50.7604
50.7604
50.7604
50.7604
50.7604
50.7604
50.7604
50.7604
50.7604
50.7604
50.7604
50.7604
50.7604
50.7604
50.7604
50.7604
50.6234
50.6234
50.6234
50.6234
50.6234
50.6234
50.6234
50.6234
50.6234
50.6234
50.6234
50.6234
50.6234
50.6234
50.6234
50.6234
50.6234
50.6234
50.6234
50.6234
50.6234
50.6234
50.6234
50.6234
50.6234
50.6234
50.6234
50.6234
50.6234
50.6234
50.6234
50.6234
50.6234
50.6234
50.6234
50.6234
50.532
50.532
50.532
50.532
50.532
50.532
50.532
50.532
50.532
50.532
50.532
50.532
50.532
50.532
50.532
50.532
50.532
50.532
50.532
50.532
50.532
50.532
50.532
50.532
