5.19292
5.20246
5.20246
5.20246
5.20246
5.25427
5.25427
33.6851
33.6851
33.6851
33.6851
33.6851
33.6851
33.6851
33.6851
33.6851
33.6851
33.6851
33.6851
33.6851
33.6851
33.6851
33.6851
33.6851
33.6851
33.6851
33.6851
33.6851
33.6851
33.6851
33.6851
33.6851
33.6851
33.6851
33.6851
33.6851
33.6851
33.6851
33.6851
33.6851
33.6851
33.6851
33.6851
33.6851
33.6851
33.6851
33.6851
33.7744
33.7744
33.7744
33.7744
33.7744
33.7744
33.7744
33.7744
33.7744
33.7744
33.7744
33.7744
33.7744
33.7744
33.7744
33.7744
33.7744
33.7744
33.7744
33.7744
33.7744
33.7744
33.7744
33.7744
33.7744
33.7744
33.7744
33.7744
33.7744
33.7744
33.7744
33.7744
33.7744
33.7744
33.7744
33.7744
33.7744
33.7744
33.7744
33.7744
33.7744
33.7744
33.7744
33.7744
33.7744
33.7744
33.7744
33.7744
33.7744
33.7744
33.7744
33.7744
33.7744
33.7744
33.7744
33.7744
33.7744
33.7744
33.7744
33.7744
33.7744
33.7744
33.7744
33.7744
33.7744
33.7744
33.7744
33.7744
33.7744
33.7744
33.7744
33.7744
33.7744
33.7744
33.7744
33.7744
33.7744
33.7744
33.7744
33.7744
33.7744
33.7744
33.7744
33.7744
33.7744
33.7744
33.7744
33.7744
33.7744
33.7744
33.7744
33.7744
33.7744
33.7744
33.7744
33.7744
33.7744
33.8424
33.8424
33.8424
33.8424
33.8424
33.8424
33.8424
33.8424
33.8424
33.8424
33.8424
33.8424
33.8424
33.8424
33.8424
33.8424
33.8424
33.8424
33.8424
33.8424
33.8424
33.8424
33.8424
33.8424
33.8424
33.8424
33.8424
33.8424
33.8424
33.8424
33.8424
33.8424
33.8424
33.8424
33.8424
33.8424
33.8424
33.8424
33.8424
33.8424
33.8424
33.8424
33.8424
33.8424
33.8424
33.8424
33.8424
33.8424
33.8424
33.8424
33.8424
33.8424
33.8424
33.8424
33.8424
33.8424
33.8424
33.8424
33.8424
33.8424
33.8424
33.8424
33.8424
33.8424
33.8424
33.8424
33.8424
33.8424
33.8424
33.8424
33.8424
33.9742
33.9742
33.9742
33.9742
33.9742
33.9742
33.9742
33.9742
33.9742
33.9742
33.9742
33.9742
33.9742
33.9742
33.9742
33.9742
33.9742
33.9742
33.9742
33.9742
33.9742
33.9742
33.9742
33.9742
33.9742
33.9742
33.9742
33.9742
33.9742
33.9742
33.9742
33.9742
33.9742
33.9742
33.9742
33.9742
34.0624
34.0624
34.0624
34.0624
34.0624
34.0624
34.0624
34.0624
34.0624
34.0624
34.0624
34.0624
34.0624
34.0624
34.0624
34.0624
34.0624
34.0624
34.0624
34.0624
34.0624
34.0624
34.0624
34.0624
