6.77344
7.12969
7.12969
7.14219
7.14219
7.14219
7.14219
40.125
40.125
40.125
40.125
40.125
40.125
40.125
40.125
40.125
40.125
40.125
40.125
40.125
40.125
40.125
40.125
40.125
40.125
40.125
40.125
40.125
40.125
40.125
40.125
40.125
40.125
40.125
40.125
40.125
40.325
40.325
40.325
40.325
40.325
40.325
40.325
40.325
40.325
40.325
40.325
40.325
40.325
40.325
40.325
40.325
40.325
40.325
40.325
40.325
40.325
40.325
40.325
40.325
40.325
40.325
40.325
40.325
40.325
40.325
40.325
40.325
40.325
40.325
40.325
40.325
40.325
40.325
40.325
40.325
40.325
40.325
40.325
40.325
40.325
40.325
40.325
40.325
40.325
40.325
40.325
40.325
40.325
40.425
40.425
40.425
40.425
40.425
40.425
40.425
40.425
40.425
40.425
40.425
40.425
40.425
40.425
40.425
40.425
40.425
40.425
40.425
40.425
40.425
40.425
40.425
40.425
40.425
40.425
40.425
40.425
40.425
40.425
40.425
40.425
40.425
40.425
40.425
40.425
40.425
40.425
40.425
40.425
40.425
40.425
40.425
40.425
40.425
40.425
40.425
40.425
40.425
40.425
40.425
40.425
40.425
40.425
40.425
40.425
40.425
40.425
40.425
40.425
40.425
40.425
40.425
40.425
40.425
40.425
40.425
40.425
40.425
40.425
40.425
40.425
40.425
40.425
40.425
40.425
40.425
40.425
40.425
40.425
40.425
40.425
40.425
40.425
40.425
40.425
40.425
40.425
40.425
40.425
40.425
40.425
40.425
40.425
40.425
40.425
40.425
40.425
40.425
40.425
40.425
40.425
40.425
40.425
40.425
40.425
40.425
40.425
40.425
40.425
40.425
40.425
40.425
40.425
40.425
40.425
40.425
40.425
40.425
40.425
40.425
40.425
40.425
40.425
40.425
40.425
40.425
40.425
40.425
40.425
40.425
40.425
40.425
40.425
40.425
40.425
40.425
40.425
40.425
40.425
40.425
40.425
40.425
40.425
40.425
40.425
40.425
40.425
40.425
40.425
40.425
40.425
40.425
40.425
40.425
40.425
40.425
40.425
40.425
40.425
40.425
40.425
40.575
40.575
40.575
40.575
40.575
40.575
40.575
40.575
40.575
40.575
40.575
40.575
40.575
40.575
40.575
40.575
40.575
40.575
40.575
40.575
40.575
40.575
40.575
40.575
