3.09943
3.30799
3.30799
3.30799
3.30799
3.33142
3.36892
15.778
15.778
15.778
15.778
15.778
15.778
15.778
15.778
15.778
15.8366
15.8366
15.8366
15.8366
15.8366
15.8366
15.8366
15.8366
15.8366
15.8366
15.8366
15.8366
15.8366
15.8366
15.8366
15.8366
15.8366
15.8366
15.8366
15.8366
15.8366
15.8366
15.8366
15.8366
15.8366
15.8366
15.8366
15.8366
15.8366
15.8366
15.8366
16.342
16.342
16.342
16.342
16.342
16.342
16.342
16.342
16.342
16.342
16.342
16.342
16.342
16.342
16.342
16.342
16.342
16.342
16.342
16.342
16.342
16.342
16.342
16.342
16.342
16.342
16.342
16.342
16.342
16.342
16.342
16.342
16.342
16.342
16.342
16.342
16.4963
16.4963
16.4963
16.4963
16.4963
16.4963
16.4963
16.4963
16.4963
16.4963
16.4963
16.4963
16.4963
16.4963
16.4963
16.4963
16.4963
16.4963
16.4963
16.4963
16.4963
16.4963
16.4963
16.4963
16.4963
16.4963
16.4963
16.4963
16.4963
16.4963
16.4963
16.4963
16.4963
16.4963
16.4963
16.4963
16.4963
16.4963
16.4963
16.4963
16.4963
16.4963
16.4963
16.4963
16.4963
16.4963
16.4963
16.4963
16.4963
16.4963
16.4963
16.4963
16.4963
16.4963
16.4963
16.4963
16.4963
16.4963
16.4963
16.4963
16.4963
16.4963
16.4963
16.4963
16.4963
16.4963
16.4963
16.4963
16.4963
16.4963
16.4963
16.4963
16.4963
16.4963
16.4963
16.4963
16.4963
16.4963
16.4963
16.4963
16.4963
16.4963
16.4963
16.4963
16.4963
16.4963
16.4963
16.4963
16.4963
16.4963
16.4963
16.4963
16.4963
16.4963
16.4963
16.4963
16.4963
16.4963
16.4963
16.4963
16.4963
16.4963
16.4963
16.4963
16.4963
16.4963
16.4963
16.4963
16.4963
16.4963
16.4963
16.4963
16.4963
16.4963
16.4963
16.4963
16.4963
16.4963
16.4963
16.4963
16.4963
16.4963
16.4963
16.4963
16.4963
16.4963
16.4963
16.4963
16.4963
16.4963
16.4963
16.4963
16.4963
16.4963
16.4963
16.4963
16.4963
16.4963
16.4963
16.4963
16.4963
16.4963
16.4963
16.4963
16.4963
16.4963
16.4963
16.4963
16.4963
16.4963
16.4963
16.4963
16.4963
16.4963
16.4963
16.4963
16.4963
16.4963
16.4963
16.4963
16.4963
16.4963
16.4963
16.4963
16.4963
16.4963
16.4963
16.4963
16.4963
16.4963
16.4963
16.4963
16.4963
16.4963
16.4963
16.4963
16.4963
16.4963
16.4963
16.4963
16.4963
16.4963
16.4963
16.4963
16.4963
16.4963
16.4963
16.4963
16.4963
16.4963
16.4963
16.4963
