1675
1384
1570
1655
1717
1488
1716
1696
1422
1800
1436
1412
1567
1312
1443
1438
1499
1356
1626
1646
1613
1529
1541
1379
1255
1397
1274
1136
1268
1112
1050
1321
1510
1231
1512
1299
1533
1372
1542
1594
1338
1325
1546
1473
1518
1413
1640
1329
1218
1317
1271
1113
1758
811
1211
755
685
921
395
661
786
660
666
514
711
780
1099
375
602
742
362
860
981
805
617
327
383
601
1069
978
1508
1058
1956
1281
1210
1387
1370
1367
1310
1866
1430
1456
1498
1241
1323
1251
1382
1384
1524
1397
1549
1569
1405
1604
1536
1648
1557
1340
1652
1790
1372
1556
1269
1528
1206
1519
1452
1403
1477
1311
1414
1424
1318
1297
1229
1396
1389
1217
1535
1411
1398
1436
1302
1115
1426
1463
1476
1510
1430
1400
1452
1532
1534
1533
1840
1456
1562
1658
1506
1563
1792
1458
1516
1452
1329
1518
1390
1536
1289
1500
1455
1376
1107
1385
1382
1091
1198
1224
1370
1319
1236
1013
1357
1147
1066
1191
853
1112
1201
988
1254
1014
1178
1097
1115
1188
1083
1069
1296
950
924
1675
1078
1091
1187
781
891
1300
1423
894
1316
1027
1286
879
1152
827
878
798
862
995
967
1228
783
1021
1206
994
1143
991
1003
708
974
1040
1034
1793
1195
1339
1025
1262
1317
1348
1306
1399
1401
1339
1404
1445
1407
1276
1390
1352
1374
1400
1291
1282
930
1243
1237
1063
1178
1232
1184
1499
1017
1001
1043
828
1015
1111
955
1143
946
961
979
966
1150
1166
793
608
1058
1063
991
935
880
1057
1099
