6.51882
6.51882
6.64962
6.64962
6.64962
6.65166
6.65585
6.65585
6.65585
6.65585
6.65585
6.65585
6.65585
6.70205
6.70205
6.70205
6.70745
6.70745
6.70745
6.70745
6.70745
6.70745
6.70745
6.70745
6.70745
6.70745
6.70745
6.70745
6.70745
6.70745
6.70745
6.70745
6.70745
6.70745
6.70745
6.70745
6.70745
6.70745
6.70745
6.70745
6.70745
6.70745
6.70745
6.80327
6.80327
6.80327
6.80327
6.80327
6.80327
6.80327
6.80327
6.80327
6.80327
6.80327
6.8964
6.8964
6.8964
6.8964
6.8964
6.8964
6.8964
6.8964
6.8964
6.8964
6.8964
6.8964
6.8964
6.8964
6.8964
6.8964
6.8964
6.8964
6.8964
6.8964
6.8964
6.8964
6.8964
6.8964
6.8964
6.8964
6.8964
6.8964
6.8964
6.8964
6.8964
6.8964
6.8964
6.8964
6.8964
6.8964
6.8964
6.8964
6.8964
6.8964
6.8964
6.8964
6.8964
6.8964
6.8964
6.8964
6.8964
6.8964
6.8964
6.8964
6.8964
6.8964
6.8964
6.8964
6.8964
6.8964
6.8964
6.8964
6.8964
6.8964
6.8964
6.8964
6.8964
6.8964
6.8964
6.8964
6.8964
6.8964
6.8964
6.8964
6.8964
6.8964
6.8964
6.8964
6.8964
6.8964
6.8964
6.8964
6.8964
6.8964
6.8964
6.8964
6.8964
6.8964
6.8964
6.8964
6.8964
6.8964
6.8964
6.8964
6.8964
6.8964
6.8964
6.8964
6.8964
6.8964
6.8964
6.8964
6.8964
6.8964
6.8964
6.8964
6.8964
6.8964
6.8964
6.8964
6.8964
6.8964
6.8964
6.8964
6.8964
6.8964
6.8964
6.8964
6.8964
6.8964
6.8964
6.8964
6.8964
6.8964
6.8964
6.8964
6.8964
6.8964
6.8964
6.8964
6.8964
6.8964
6.8964
6.8964
6.8964
6.8964
6.8964
6.8964
6.8964
6.8964
6.8964
6.8964
6.8964
6.8964
6.8964
6.8964
6.8964
6.8964
6.8964
6.8964
6.8964
6.8964
6.8964
6.8964
6.8964
6.8964
6.8964
6.8964
6.8964
6.8964
6.8964
6.8964
6.8964
6.8964
6.8964
6.8964
6.8964
6.8964
6.8964
6.8964
6.8964
6.8964
6.8964
6.8964
6.8964
6.8964
6.8964
6.8964
6.8964
6.8964
6.8964
6.8964
6.8964
6.8964
6.8964
6.8964
6.8964
6.8964
6.8964
6.8964
6.8964
6.8964
6.8964
6.8964
6.8964
6.8964
6.8964
6.8964
6.8964
6.8964
6.8964
6.8964
6.8964
6.8964
6.8964
6.8964
6.8964
6.8964
6.8964
6.8964
6.8964
6.8964
6.8964
6.8964
6.8964
6.8964
6.8964
6.8964
6.8964
6.8964
6.8964
6.8964
6.8964
6.8964
6.8964
