90
87.0429
90
90
93.0975
90
94.1254
86.3829
87.2392
90
90
90
94.363
93.1257
90
92.5415
86.4254
90
90
86.917
92.8115
90
90
90
90
87.0195
90
86.9744
90
90
87.3304
93.8816
90
90
90
90
90
90
90
86.8881
90
90
90
90
90
90
90
86.5153
90
90
90
90
90
90
87.3835
87.0234
90
92.6632
90
90
86.5222
90
92.8138
90
87.0759
90
86.9886
90
87.4796
90
90
90
90
86.7309
90
86.3882
90
90
90
90
90
87.335
90
90
90
90
90
86.7282
90
87.0186
92.9524
90
87.4212
86.822
90
90
90
90
90
90
90
90
90
86.8041
90
90
90
90
90
93.2193
90
87.2898
90
85.6831
90
90
87.3235
90
90
90
86.5739
90
90
90
90
86.9708
87.5519
90
90
90
90
90
90
90
90
90
90
90
90
87.0805
93.8981
87.5569
86.9827
90
86.7303
90
90
87.3658
90
90
90
90
90
90
85.6428
90
87.0316
90
90
90
90
90
93.1553
90
85.0278
90
90
92.5263
92.6105
90
90
86.9942
90
90
90
90
90
87.0765
90
90
90
90
90
90
90
90
90
90
90
87.0034
90
87.3312
90
86.4481
90
86.404
93.1316
90
90
90
90
87.347
90
90
90
90
90
87.3818
90
86.6822
90
90
90
90
86.6853
90
90
90
90
90
86.7568
90
90
90
90
86.7246
92.8911
87.4263
90
92.8613
90
90
92.7049
87.3805
90
87.3456
87.3346
86.3887
90
87.362
90
87.3495
90
90
86.3999
90
90
87.3373
87.3072
90
90
90
90
90
90
90
90
90
90
90
90
90
90
90
90
87.4594
86.7726
90
86.3598
90
93.5173
90
90
90
90
90
86.9585
87.3248
93.3454
87.3396
93.862
92.591
90
90
90
90
90
90
90
90
87.3083
93.1819
90
85.58
90
90
90
90
90
