4.4289
4.42494
3.08913
2.81206
2.31913
4.27409
1.66919
4.68163
3.73001
4.13289
3.05044
4.15509
2.0304
2.18673
4.36692
2.31619
4.69204
3.09314
4.42626
4.83095
2.43901
4.12657
4.42581
4.22787
4.35937
4.53028
3.81441
4.54787
3.9904
3.85575
4.66901
2.05405
4.42307
4.10605
4.00387
2.95656
3.05443
4.00201
3.86427
4.36713
4.39036
3.75488
3.31249
3.08803
3.04214
4.26805
4.03117
4.98547
4.28803
2.95954
3.79222
4.35689
4.41761
2.9637
4.28954
4.40679
3.59438
2.53631
3.99213
2.95517
4.3929
3.09086
2.31936
4.15761
4.41977
4.28579
4.53295
3.86435
4.22876
2.18606
3.86051
3.86662
3.54793
4.68737
3.81842
4.82252
4.14101
4.13271
4.13258
3.55981
2.44206
4.39411
4.27516
4.42653
4.40163
3.59383
4.26776
4.6895
3.34361
4.39709
1.42821
4.00169
4.14445
4.00345
4.40798
4.40204
3.60855
3.99208
2.70001
3.44238
4.13766
4.4249
3.55353
4.40855
3.58103
4.21935
3.0624
4.02239
4.14765
2.28711
4.1401
4.54893
4.12171
4.40741
4.28123
3.92965
4.54872
3.99852
4.00505
2.56916
4.37995
4.4167
4.29434
3.31089
4.16349
4.55794
4.69066
4.02229
3.34506
3.0559
4.15998
4.41748
4.15131
4.13711
4.00968
3.87187
3.08856
4.28929
3.4996
4.52687
2.18828
4.68288
4.69549
3.82257
4.40577
4.27226
2.83233
4.39835
4.26956
4.26694
3.0729
3.41351
3.33702
3.08681
4.53517
3.46808
4.67894
3.87275
2.9585
3.85169
4.15946
3.93905
2.04924
3.72737
4.54549
3.44828
3.68935
2.31204
2.15382
3.17299
4.1393
4.55668
4.12994
3.7197
4.39525
2.3224
3.08579
4.38131
2.95349
2.9465
4.395
4.40381
4.15446
3.3461
4.3951
3.69701
2.69928
3.86406
4.13993
4.55083
4.4162
4.30112
3.34402
4.55474
4.29629
4.68772
2.06153
4.40972
3.99746
3.09583
4.6786
4.42096
4.28568
3.47713
3.44604
3.54929
2.43855
4.4203
2.95096
4.69104
3.21323
3.34252
4.26562
4.13986
4.50639
4.00267
3.82415
3.55042
4.02884
4.26954
4.36977
3.96773
4.16048
4.53737
3.56544
4.55542
2.05715
3.75151
3.8445
2.05805
4.543
4.13552
2.27879
2.92257
3.34128
4.52816
4.4117
4.68694
3.17903
4.42162
4.29479
4.42667
3.20612
4.15832
4.68146
4.0088
4.42025
4.42455
4.5604
3.34228
3.08722
4.26189
4.25547
3.95907
3.37113
4.28759
3.34447
3.08128
3.74231
4.25363
4.39324
4.15257
2.92723
4.00667
3.33765
4.37989
4.4183
3.33286
4.24035
3.09324
2.29293
4.15706
3.19968
3.33511
3.34005
4.15547
4.68429
4.55363
2.31858
4.55093
1.92224
2.28918
3.33679
3.69628
4.68968
3.09544
3.08652
4.12924
2.93812
3.97187
4.55924
2.05034
3.33961
4.552
3.987
3.43859
4.00459
4.14048
4.01428
