2.44474
2.24791
2.10432
2.66639
2.13453
2.39551
2.51386
2.02472
2.68387
2.12575
2.04204
2.31766
2.03183
2.20707
2.19688
2.25372
2.25866
2.20754
2.40298
2.43604
2.56846
2.24833
2.47386
2.50385
2.20919
2.56256
2.22508
2.14388
2.03164
2.42307
2.57821
2.20386
2.25195
2.68262
2.32933
2.38861
2.4927
2.57673
2.39345
2.8917
2.97367
2.63898
2.20796
2.05333
2.23536
2.38126
2.52272
2.73493
2.15098
2.70702
2.31811
2.56565
2.39762
2.22861
2.79711
2.1827
2.73591
2.77907
2.22734
2.39345
2.52191
2.19866
2.57244
2.35296
2.21119
2.74912
2.76735
2.67469
2.26808
2.51536
2.22738
2.31869
2.25911
2.55634
2.12859
2.54208
2.30319
2.89556
2.38861
2.222
2.132
2.24208
2.48311
2.56951
2.42016
1.99492
2.09383
2.32651
2.49381
2.65079
2.54045
2.21019
2.24746
2.39934
2.52116
2.42487
2.27024
2.16364
2.33641
2.60316
2.12713
2.57656
2.77331
2.28291
2.2703
2.17968
2.69156
2.65011
2.69365
2.73213
2.55103
2.30754
2.30142
2.75413
2.38465
2.29254
2.21459
2.39546
2.29282
2.19963
2.70086
2.17558
2.34263
2.14756
2.20674
2.54206
2.48775
2.56763
2.67583
2.32298
2.30149
2.72744
2.21664
2.27781
2.76225
2.2539
2.51771
2.18894
2.25877
2.44417
2.2823
2.19836
2.30987
2.39374
2.39687
2.10148
2.2121
2.03939
2.51006
2.75969
2.52391
2.83628
2.69597
2.39719
2.69386
2.30705
2.73233
2.35995
2.40235
2.68776
2.28565
2.19734
2.51678
2.58275
2.75492
2.30336
2.18738
2.23042
2.29887
2.63708
2.41492
2.35521
2.20313
2.17971
2.47889
2.64665
2.40224
2.24938
2.75561
2.43138
2.55095
2.591
2.5099
2.26697
2.17731
2.31996
2.38526
2.2803
2.42862
2.27244
2.41841
2.40448
2.16025
2.47805
2.94451
2.76045
2.81659
2.25475
2.25676
2.21012
2.43952
2.50282
2.18239
2.62687
2.09216
2.18614
2.32027
2.36439
2.61323
2.14548
2.58132
2.42032
2.70154
2.33001
2.29564
2.29009
2.30367
2.43909
2.49381
2.20658
2.11055
2.83497
2.35323
2.25879
2.28843
2.09731
2.7958
2.16514
2.67494
2.44371
2.55535
2.27668
2.72052
2.59194
2.60527
2.41261
2.51637
2.23389
2.29934
2.31676
2.14607
2.19758
2.46425
1.98212
2.55004
1.92693
1.95181
2.51329
2.41349
2.32673
2.26903
2.24376
2.38416
2.32139
2.74534
2.69852
2.66643
2.44955
2.50506
2.27658
2.21408
2.50678
2.46789
2.59818
2.19585
2.31693
2.0456
2.77473
2.7487
2.34054
2.56823
2.23097
2.76183
2.48554
2.39662
2.59061
2.22209
2.27094
2.14221
2.36218
2.21028
2.19743
2.18005
2.56846
2.39898
2.39236
2.42962
2.52588
2.06017
2.14025
2.22232
2.32431
2.39663
2.81402
2.66011
2.48081
2.34997
2.1804
2.28941
