11.6755
11.939
11.6866
11.4267
11.4431
11.8658
11.3754
11.8745
11.6601
11.4576
10.9267
11.8576
10.8587
11.4406
10.9427
11.3651
11.9279
11.62
11.9236
11.9295
11.4353
11.6316
11.906
11.4363
11.5085
11.5334
10.6956
11.5952
11.5262
11.4028
11.862
11.1947
11.9761
11.56
11.4004
11.3948
11.084
11.6301
11.4909
11.8763
11.9682
11.7466
10.8
11.4663
10.5588
11.9359
11.9162
12.635
11.9102
11.5202
10.7471
10.7482
11.8843
11.4641
11.9346
11.5656
11.5547
11.112
11.7954
11.3641
11.7011
11.5254
11.3861
11.8468
11.9646
11.8666
11.6774
11.576
11.7702
11.4023
11.413
11.7412
10.7107
11.8725
11.299
11.9705
11.4523
11.6384
11.266
11.2872
11.3707
11.4966
11.5844
11.9481
11.8966
11.4064
11.9048
11.9008
11.4888
11.4129
11.4325
11.3167
11.9395
11.5219
11.8383
11.5157
11.4347
11.4984
11.3686
10.7063
11.8729
11.8662
11.4699
11.9718
11.3659
8.04699
11.3209
11.8377
11.8544
11.3835
11.8674
11.81
11.453
11.939
11.8743
10.9591
11.9087
11.7771
11.8135
11.4354
11.8687
11.8755
11.8306
10.8823
11.9794
11.8864
11.7554
11.6637
11.3349
11.1443
11.9178
11.8521
11.8184
11.4404
11.7413
11.3186
11.4374
11.8755
11.8428
11.8988
11.1118
11.9307
11.9262
10.7898
11.6255
11.8965
11.3426
11.7059
11.4401
11.865
10.6212
10.9532
11.4211
11.5007
11.868
11.4028
11.888
11.8957
11.368
11.2621
11.8268
10.6138
11.4014
11.3994
11.8146
11.1818
10.5721
11.4215
11.5112
11.3204
11.4249
11.8095
11.5254
11.3885
11.3992
11.5927
11.516
11.6428
11.4568
11.3076
11.816
11.5865
11.8396
11.5275
11.865
11.3998
11.4608
11.6284
11.9114
11.9106
11.9222
11.8788
11.4755
11.9593
11.7978
11.8755
11.4583
11.5019
11.8241
11.4972
11.7706
11.8855
11.9098
11.5495
11.5047
10.4694
11.3174
11.9316
11.3802
11.8027
11.4992
11.4742
11.6387
11.8574
11.351
11.4097
10.2749
11.2115
11.8693
11.6149
11.4643
11.4169
11.856
11.8401
10.8142
11.9299
11.32
11.4456
11.4747
11.3533
11.865
11.5616
11.1469
11.2065
11.3268
11.7712
11.7194
11.9102
11.435
12.0467
11.8505
11.9211
11.3399
11.8618
11.9011
11.8026
12.0278
11.8519
11.8264
11.3926
11.2648
11.7468
11.5187
11.4762
11.8322
11.8767
11.4386
11.5025
11.3759
11.8474
11.8923
11.8452
11.4381
11.862
11.4481
11.847
11.882
11.3632
11.9449
11.4606
11.1892
11.7205
11.3822
11.3899
11.3994
11.6787
11.8578
11.8625
11.4282
11.8344
11.2404
11.3557
11.4018
10.8431
11.8573
11.4976
11.3692
11.3973
11.3177
11.5714
11.9182
11.4019
11.5898
11.7957
11.8431
10.8071
11.4541
11.913
11.7837
