1898
1905
1849
1862
1825
1972
1894
2521
1814
1919
1867
1879
1828
1828
1852
1797
2603
1979
2023
2007
1812
1878
1925
2062
1897
1896
1777
1953
1897
1878
2025
1778
2298
1896
1923
1878
1839
2002
1920
2284
4038
1990
1885
1912
1758
1957
1975
2596
1926
1922
1851
1932
2030
1815
1942
1978
1947
1803
1962
1746
1954
1815
1891
1885
1913
1932
1840
1929
1937
1767
1941
1986
1862
1990
1936
1902
1999
2299
1944
1806
1797
2061
2025
2010
2047
1911
2075
1863
1872
2272
1765
1916
1907
1888
2015
1911
1883
1930
1876
1926
1995
2002
1832
1864
1878
1547
1829
1947
1895
1896
1895
2055
1907
2521
1913
1884
2060
1919
1965
1867
1896
1962
1950
1929
1884
1951
1936
1977
3847
1810
2006
2054
1907
1939
1922
1909
1910
1927
1949
1957
1764
2374
1946
1868
1931
1851
1851
1981
1991
1923
1826
1877
1889
1914
1964
2007
2019
1940
1813
1869
1891
1898
1850
1920
1945
1939
1870
1793
1809
1888
1872
1937
2001
1889
2347
1809
2169
1972
1823
1880
1880
1952
1919
2280
1969
1842
1809
1866
1994
1979
2033
1879
1859
1967
1940
1939
1831
2020
1946
1958
1978
1976
1966
1757
1938
1852
1838
1982
1924
2026
1982
1887
1933
1977
1881
1879
1816
1833
2034
1953
1889
1926
1916
1999
1934
1999
1782
1869
1955
1808
1951
1974
1819
1801
1769
1868
2006
1867
1902
1881
1949
1884
1957
1923
2028
1917
1976
1970
1902
1917
1935
1967
1963
1899
1841
1914
1883
1893
1873
2015
2471
2269
1910
1959
1852
1850
1876
1935
1912
1856
1915
1952
2256
1944
1912
1941
1994
1931
1783
1934
1795
1786
1887
1839
1994
1987
1894
1960
1932
1941
1959
1797
1965
1887
1981
1868
2021
1961
1957
