3.68949
3.19146
3.44618
2.60546
3.55758
3.56313
3.31013
3.18035
2.60547
3.43473
3.55007
3.18824
3.68734
3.43624
3.45447
3.32513
3.20179
3.55609
3.55866
3.54588
3.56217
3.67538
3.55751
3.67993
3.44584
3.32929
3.20322
3.32211
3.56248
3.31632
3.56282
3.57318
3.43413
3.54578
3.323
3.68906
3.32423
3.44528
3.568
3.07579
3.66529
3.6879
3.44287
2.36632
2.95772
3.55865
3.68458
3.44667
3.3195
3.44114
3.68358
3.42384
3.4397
3.6789
3.19877
3.20402
3.31554
3.57008
3.32506
3.32909
2.97068
3.31528
3.43861
3.43266
3.19749
3.55952
3.30432
3.57017
3.19255
3.06819
3.32212
3.81209
3.55894
3.33108
3.68225
3.31134
3.32435
3.3164
3.56218
3.3251
3.31928
3.32386
3.43051
3.56143
3.43115
3.32311
3.56122
3.32888
3.8139
3.20827
2.60747
3.68597
3.06896
2.72399
3.5541
3.44396
3.55081
3.32412
3.44445
3.57371
3.32243
3.68966
3.20546
3.07162
3.20487
3.42693
3.69387
3.56366
3.68443
3.56767
3.44
3.43081
3.31035
2.60494
3.56728
3.4212
3.43529
3.5713
3.19378
3.20252
2.95882
3.4481
3.57028
3.6838
3.19242
3.29991
3.68548
3.44528
3.6885
3.57634
3.66701
3.6888
3.30554
3.3183
3.4287
3.31114
3.32275
3.32732
3.44366
3.31322
3.70261
3.66481
3.43823
3.5647
3.07746
3.43552
3.54458
3.32121
3.68657
3.44061
3.42569
3.203
3.32316
3.44848
2.72663
3.68139
3.44603
3.44705
3.31424
3.21051
3.20434
3.69027
3.30627
3.68542
2.48976
3.4472
3.563
3.31991
3.2035
3.55583
3.31727
3.31645
3.30045
3.44241
3.43439
3.07006
3.45074
3.19215
3.68661
3.45229
3.44253
3.57164
3.43951
3.32358
3.68211
3.32064
3.31955
3.92563
3.32641
3.30383
3.55625
3.19373
3.54509
3.07006
3.32888
3.19511
3.31531
3.68223
3.45221
3.44046
3.69244
3.31948
3.6807
2.84479
3.30953
3.44677
3.3283
3.3291
3.67705
3.32259
3.43213
3.1913
3.32272
3.33293
3.19153
3.44528
3.56935
3.44026
3.3239
3.44445
3.07053
3.30127
3.56633
3.6654
3.32885
3.18996
3.20054
2.72257
3.33242
3.19295
3.56403
3.67227
3.33206
1.89717
3.19211
3.43673
3.32054
3.18356
3.30972
3.31153
3.68018
3.32295
3.45337
3.44343
3.18393
3.57326
3.53945
3.32215
3.44795
3.30678
3.56058
3.57192
3.68717
3.07803
3.4495
3.44497
3.56694
3.30654
3.31131
3.53777
3.44287
3.32676
3.55972
3.44648
3.68638
3.32855
3.0783
3.69069
2.7205
3.45451
3.66843
3.44
3.5549
3.57051
3.54273
3.57294
3.42418
3.44507
3.65463
3.45112
3.43985
3.31693
3.19985
3.54482
3.80235
3.44426
3.20262
3.43025
3.31026
3.31874
3.43861
3.31806
3.32013
2.72846
3.31147
3.44573
3.30442
3.42358
3.56744
