98.6111
97.903
98.9349
99.0166
99.4294
98.9962
97.7944
99.6221
98.9845
99.2308
100.461
101.065
98.7213
98.4342
98.7917
100.48
99.3612
102.816
102.453
99.4476
97.1675
97.5991
96.6822
99.317
99.4776
98.5146
111.874
98.1314
102.941
100.508
99.0928
100.692
99.8157
109.01
97.3789
98.9513
111.021
100.664
99.1238
98.6036
97.5724
112.351
97.9753
98.2796
97.0811
98.3921
99.7179
99.6394
97.5151
99.0394
103.422
98.6396
99.9231
98.4883
98.7263
111.443
96.46
110.807
99.4095
97.128
101.568
99.535
102.852
99.943
101.672
99.9595
99.4677
102.818
98.249
113.56
100.934
112.07
97.7019
102.628
104.22
98.4737
97.7999
97.0733
100.875
102.545
97.2642
103.067
99.1327
99.884
96.5824
98.9693
99.5535
101.957
98.4311
100.394
103.038
98.6249
98.6899
99.2129
97.8299
98.5295
102.456
102.979
101.408
101.365
97.9285
99.0618
97.3468
100.906
102.302
99.149
98.1335
99.1062
102.231
98.2113
103.963
99.0207
98.6912
98.0629
102.122
98.8124
101.784
100.713
99.384
98.8545
98.4476
100.407
99.2161
98.7794
102.01
101.712
98.8006
97.9979
110.022
97.7426
98.3547
99.509
97.5067
112.573
105.515
103.774
100.03
110.707
98.8373
101.797
102.927
98.9117
97.9535
97.8365
102.164
100.136
98.4228
100.564
112.778
104.968
97.9062
103.505
97.001
110.176
102.494
101.58
99.151
99.7117
102.231
100.932
99.4431
100.436
100.321
98.1332
100.785
100.127
103.824
103.505
99.6675
99.2734
101.331
97.0712
100.109
101.173
98.2056
100.873
100.981
98.3915
98.7674
100.243
102.073
97.7374
102.925
100.751
97.2247
97.5386
98.2347
98.8482
99.1647
98.3016
99.1138
101.366
102.274
107.31
98.6326
98.5598
101.763
98.8325
113.457
99.1576
99.1135
99.022
101.857
100.18
99.1156
99.4049
98.0787
101.527
101.44
99.2989
98.7714
97.2669
98.9917
96.8157
97.4857
102.901
99.4892
98.9089
99.6853
101.354
109.417
96.6281
102.384
110.418
99.0201
100.271
97.2109
100.362
101.029
97.6805
99.3838
97.3531
98.0733
101.553
97.9805
100.857
102.377
97.6249
97.6351
102.384
101.047
101.046
98.247
98.8096
101.886
108.507
104.187
108.561
109.992
110.612
99.4228
101.888
96.7817
103.928
98.7006
108.421
97.8668
98.6952
97.6735
108.522
99.3459
99.7072
97.8529
97.4897
108.304
108.115
102.124
99.1192
109.535
97.1385
100.042
102.529
111.349
98.052
110.399
100.24
111.71
108.451
97.9793
100.796
99.1608
98.3179
97.9271
102.177
102.704
97.0227
102.224
99.0267
102.426
102.665
100.792
101.828
110.414
100.497
97.19
101.619
98.2089
101.88
102.891
99.8898
101.345
97.6734
100.315
97.7845
96.8193
97.571
98.2817
98.7051
99.088
103.368
113.702
98.3559
98.9691
110.816
102.771
101.436
105.807
101.587
103.08
100.74
101.048
96.5329
103.113
98.6082
97.1196
110.306
101.026
98.8936
98.419
97.4949
100.466
97.3374
101.745
98.5605
99.9415
102.278
101.571
102.442
97.3312
96.5179
100.192
100.576
102.873
99.128
99.0708
98.7911
100.51
99.5885
101.211
110.769
104.305
104.687
96.9838
97.4667
100.697
101.674
101.462
100.858
97.2027
101.852
101.815
99.5661
99.5977
97.9391
100.504
97.5813
98.4331
100.401
99.0837
97.3068
100.671
99.0732
104.253
101.845
100.853
99.8354
103.519
100.677
101.565
100.847
101.251
97.8302
97.4695
96.8633
101.345
97.5589
99.9252
100.852
101.726
