5.51697
5.39032
5.5217
5.05026
5.15998
5.74249
5.74493
5.54746
5.82935
5.56673
4.93901
4.70462
5.38094
5.73963
5.73496
4.71121
5.44073
4.16865
4.07015
5.16514
6.14072
5.82321
6.1416
5.16938
5.48838
5.16897
5.51135
5.85998
4.10954
4.91181
5.2537
4.90191
4.80639
5.14461
5.84475
5.51092
5.74777
4.59044
5.02083
5.32529
5.74234
4.27611
5.74111
5.25413
5.5961
5.33169
5.34104
5.46509
5.74243
5.64942
3.78504
5.37941
5.05606
5.55761
5.24154
4.58561
6.15056
5.73554
5.43855
5.73617
5.34686
5.1539
3.95068
5.04612
4.49111
5.03722
5.53951
4.07562
5.64409
3.99371
4.38984
4.05393
5.27049
4.0185
3.48024
5.44679
5.86822
5.84815
4.38519
3.99141
5.77021
3.89651
5.04067
4.58665
5.61018
5.03798
5.53811
4.17216
5.25836
4.4787
3.80067
5.26107
5.16443
5.31992
5.79444
5.65851
4.17986
3.89535
4.48576
4.49436
5.14795
5.04834
5.72929
5.76411
4.21275
5.04521
5.33174
5.0336
4.26045
5.24784
3.80615
5.03707
5.74808
5.36589
5.03651
5.15346
4.2859
4.59247
5.05366
5.35231
5.65846
4.69835
5.02797
5.33393
4.05709
4.48553
5.15976
5.54911
4.69696
5.54164
5.25401
5.24033
5.75939
4.18224
3.99751
3.88895
4.68603
4.46053
5.51911
4.48198
4.16921
5.33111
5.37301
5.64445
4.18659
5.04756
5.15972
4.79674
4.10252
4.16062
5.37457
3.7249
5.93316
5.55319
3.90415
4.37902
5.03035
4.80395
4.06291
4.8269
5.42083
5.76186
4.68813
5.86615
4.51934
5.04678
3.88234
4.37901
4.9282
5.26534
4.38449
5.64482
4.58582
4.58904
5.26065
4.26785
4.46869
5.25833
5.33618
5.15963
5.03878
5.65229
4.59611
4.7967
5.65024
5.74512
5.30771
5.1701
5.54954
5.74901
5.02941
4.38595
4.59397
5.24865
5.05851
5.54961
4.47195
5.37196
3.90086
5.16506
5.3322
6.16154
5.56327
4.59324
5.03363
5.15919
5.85774
4.27229
4.58711
5.32449
5.54902
5.85167
5.18093
5.93316
5.83872
4.16006
5.0401
5.03775
5.12881
5.25424
5.84385
6.03699
4.46577
5.85171
5.36852
4.60014
5.76184
4.69942
4.68918
5.76734
5.11803
5.84301
5.75404
4.45868
5.73014
5.338
4.26125
5.84381
5.75183
4.2637
5.76107
4.58334
5.25628
5.75093
4.16805
5.737
4.47314
5.05929
4.59247
4.48102
5.53037
4.15408
5.66641
4.26069
5.34801
5.04864
5.54924
5.55992
5.7483
5.74243
5.20852
4.80689
5.66853
5.82787
5.63782
5.1543
4.15365
5.2595
5.85336
5.85989
5.11925
4.04365
4.15803
5.78954
4.47201
4.68392
4.59185
5.05768
5.44313
4.58043
5.04858
5.36165
5.75824
5.04934
4.16839
5.9761
4.16747
5.02898
4.26109
3.79194
4.60756
5.05677
4.1701
4.58825
5.84585
4.26793
5.34455
4.19252
4.47247
4.80668
4.1636
5.74851
4.48146
5.73881
5.65281
5.74043
5.72358
5.37427
5.04957
4.50141
3.72919
5.5397
5.03556
4.48135
4.793
4.47235
3.82482
4.25884
4.58632
4.58582
4.48821
6.04996
4.06101
5.52342
5.9526
4.49178
5.36471
5.04274
5.15898
5.88275
4.70624
5.75097
5.04623
5.16577
5.87696
4.06957
3.93817
4.92599
5.8517
5.8437
4.6932
4.59177
4.15895
5.53815
5.02816
5.05434
4.58539
4.69899
5.73088
4.25602
4.27597
4.26496
6.1674
5.83414
5.1545
4.28808
4.25349
4.26658
5.86347
4.26073
4.16238
5.05039
4.70272
5.86262
5.82872
5.69593
5.15488
5.87241
6.15808
5.84048
5.6517
5.05018
4.26127
5.0399
4.4628
4.79537
4.47173
4.59059
4.25722
4.48062
5.25353
5.37612
5.75818
5.65126
4.26328
5.84668
4.79151
4.46949
4.15389
