9.25487
9.22946
9.22313
9.26056
9.15191
9.19137
9.20776
9.2244
9.11693
9.17606
9.15658
9.16915
9.15494
9.14582
9.18863
9.20899
9.23944
9.23165
9.17885
9.19526
9.23484
9.29225
9.34506
9.23034
9.32793
9.15844
9.19831
9.21635
9.28037
9.30531
9.3733
9.36544
9.37675
9.27313
9.25838
9.36148
9.29348
9.35212
9.31483
9.30614
9.37675
9.34187
9.38554
9.30556
9.39414
9.37675
9.41786
9.41903
9.30167
9.39933
9.39933
9.45957
9.4512
9.33381
9.39414
9.45731
9.40883
9.40645
9.47289
9.49693
9.51819
9.47987
9.47987
9.34255
9.39537
9.4072
9.43418
9.41913
9.40398
9.36764
9.48729
9.39982
9.40318
9.43151
9.39589
9.3129
9.47987
9.48383
9.42309
9.37675
9.47987
9.45214
9.42705
9.39537
9.39072
9.37748
9.45926
9.4509
9.40793
9.46407
9.47987
9.36764
9.52766
9.43813
9.41845
9.47067
9.43418
9.47987
9.55195
9.36764
9.38949
9.49333
9.36217
9.44212
9.45801
9.45537
9.55657
9.40447
9.4052
9.45537
9.4758
9.38537
9.4821
9.39933
9.45717
9.45752
9.50095
9.49225
9.39537
9.36772
9.43184
9.45321
9.45474
9.32367
9.38618
9.42549
9.39933
9.29357
9.36368
9.41543
9.39537
9.45321
9.37957
9.50998
9.37279
9.33969
9.38002
9.31733
9.42549
9.40508
9.35904
9.43813
9.43649
9.44529
9.42152
9.42625
9.40248
9.45214
9.30564
9.36368
9.34357
9.30048
9.42336
9.30721
9.36368
9.34968
9.38665
9.39933
9.27125
9.4423
9.29434
9.28829
9.34158
9.44529
9.38554
9.40757
9.36638
9.28829
9.42549
9.3162
9.38404
9.30167
9.45717
9.39046
9.38221
9.30295
9.30308
9.29979
9.27067
9.31337
9.29762
9.31087
9.3345
9.31087
9.46668
9.37342
9.33226
9.29225
9.46668
9.33093
9.27664
9.3068
9.23917
9.31087
9.32765
9.35912
9.32968
9.32197
9.25877
9.3136
9.32148
9.3686
9.31866
9.3377
9.26914
9.34976
9.31199
9.30244
9.32193
9.32525
9.28829
9.24648
9.27304
9.25917
9.28169
9.36872
9.3377
9.34409
9.19986
9.4042
9.28818
9.31561
9.25815
9.31178
9.26575
9.30459
9.37991
9.25044
9.32941
9.28829
9.36137
9.49408
9.3508
9.29979
9.35409
9.34169
9.4042
9.35051
9.33447
9.41492
9.29225
9.21539
9.4305
9.43972
9.32756
9.42967
9.2842
9.33509
9.31561
9.35463
9.31205
9.2842
9.3131
9.33145
9.3603
9.32105
9.34219
9.34618
9.31693
9.33578
9.20379
9.30679
9.39196
9.33578
9.36659
9.35749
9.38477
9.43605
9.28552
9.42919
9.36853
9.45321
9.37045
9.3926
9.28741
9.3377
9.28893
9.31468
9.31851
9.41236
9.41804
9.42776
9.30754
9.38988
9.31851
9.3341
9.31679
9.30639
9.33138
9.37185
9.32526
9.43398
9.36594
9.36211
9.40327
9.43972
9.38793
9.36211
9.3593
9.47488
9.34169
9.43558
9.36872
9.32191
9.2437
9.36594
9.36462
9.35805
9.38274
9.38176
9.40035
9.36211
9.34351
9.33447
9.28552
9.31851
9.33041
9.33477
9.43688
9.29082
9.3406
9.30764
9.39632
9.39837
9.42611
9.46828
9.41109
9.3554
9.27314
9.3536
9.28169
9.34437
9.33515
9.3377
9.32793
9.36462
9.3593
9.2842
9.34326
9.34487
9.4305
9.39606
9.37675
9.34355
9.36936
9.36594
9.36594
9.30589
9.31959
9.42212
9.37218
9.3536
9.28612
9.20118
9.28161
9.3554
9.3536
9.45987
9.36594
9.33578
9.38984
9.34876
9.35008
9.45027
9.35065
9.34351
9.31569
9.35833
9.41609
9.36594
9.41865
9.33044
9.38341
9.20118
9.2882
9.34618
9.34709
9.33545
9.34618
9.36594
9.43792
9.3318
9.4305
9.34646
9.40812
9.48159
9.40035
9.43972
9.33398
