6.99475
8.11611
6.75301
8.17942
8.10514
6.971
6.89993
6.79005
6.65509
6.62449
8.17817
7.80166
8.05401
7.11614
6.83919
8.45586
7.31292
8.09767
8.06237
8.07104
6.70748
6.89759
6.76655
8.15134
6.96332
8.21779
6.86482
6.96967
8.10406
8.11373
8.09688
7.81333
8.21942
8.11264
6.95507
6.77791
6.95978
8.11721
8.16007
7.59394
7.10165
8.05874
7.14826
8.21287
8.2178
7.81774
7.54179
6.92094
7.1705
6.8857
8.10514
8.38927
8.25553
6.95589
8.04425
8.07009
6.62109
6.95681
7.53649
6.87763
7.69169
8.09359
8.10539
8.05038
8.10058
8.07665
7.01058
8.25936
7.27266
8.01185
7.98613
8.05202
8.07152
8.12337
8.17087
7.35355
7.19834
7.18018
8.04182
8.14665
7.33916
8.06632
8.03073
8.25802
8.08254
8.21033
7.09665
8.14376
8.05491
8.38382
8.25605
8.17431
8.10314
7.49239
6.75117
7.28642
8.25299
8.16716
8.1187
8.07542
8.2527
8.12504
7.48774
7.02554
8.0806
8.05034
7.4249
8.07812
8.24269
8.24117
8.16417
8.03247
7.16315
7.96758
8.06981
8.06237
8.06237
8.108
8.15834
7.38434
7.4032
8.01375
8.0775
7.4368
8.19472
8.10086
8.09145
7.44096
8.1345
7.1139
8.06857
8.14468
7.15193
8.0615
8.08155
8.07151
8.03417
7.98025
6.91794
8.05871
8.05893
7.34441
8.09172
7.31546
8.0285
8.01624
8.29605
8.16942
8.06357
8.10314
8.19034
8.17794
6.94915
7.44542
8.21287
8.19441
8.06676
8.22474
8.25226
8.09315
6.93471
6.95015
8.10701
6.94494
8.20635
8.06051
8.09571
8.21002
8.02616
7.99802
8.08243
7.40564
8.05487
8.22457
8.19499
8.27394
8.17688
8.03423
7.41534
7.42549
8.12045
7.38152
8.09829
8.24799
7.66661
7.20789
8.03679
8.20761
7.05663
6.93913
8.10554
8.14068
7.47286
8.18124
8.20804
7.06415
8.04621
7.93432
8.18977
7.97593
7.74388
7.13425
6.96426
8.25138
8.06966
8.16293
6.98713
8.26092
8.01118
7.45205
7.36934
7.02488
7.85967
7.09509
6.87773
8.01118
8.19798
8.30409
7.75912
8.16491
7.07359
6.85574
7.68015
6.92439
7.75312
8.34137
7.56526
8.07711
8.07919
6.94739
7.60212
6.97011
7.44369
7.76511
7.09925
7.7812
8.12681
6.9723
6.9835
8.13468
7.25926
8.05925
8.17878
7.12926
8.19634
7.1036
8.03481
8.07373
8.11569
8.11913
6.97632
8.23018
7.53202
8.30136
8.1131
8.15976
6.9532
6.86447
6.98672
6.97435
7.38953
8.1294
7.11136
6.85256
7.13656
7.96474
8.10099
8.03129
7.03904
7.08411
7.67199
8.02929
8.22202
6.97046
8.0833
8.02518
8.0833
8.15315
7.46894
7.99067
8.07549
8.08064
6.80432
8.18977
8.16293
6.54168
8.05456
8.20072
8.09925
8.34744
7.91834
8.18871
8.07649
8.23951
7.04626
8.15927
7.93635
8.16939
8.17189
8.14023
8.18977
6.99711
8.16551
6.94347
7.53202
7.12147
7.01726
8.0821
8.09864
8.25962
7.9999
7.15251
8.03727
8.0367
8.16859
8.30711
8.23554
8.25802
8.21958
8.05673
8.08476
6.94525
8.10569
7.08287
6.83467
8.23018
8.04667
8.24659
8.32801
6.9596
7.9928
7.30817
8.07373
8.25574
7.04297
8.2056
8.34886
7.87316
6.92433
6.99673
8.1802
8.13682
8.07351
6.54166
8.1257
8.26703
8.30423
8.20671
6.96045
8.22437
8.28328
8.07422
6.78932
6.86583
8.10401
8.15096
8.35134
8.30817
6.88389
8.07351
8.32773
8.34309
8.16583
7.04965
6.90387
7.30898
8.38154
6.86709
7.03646
7.04365
7.21923
8.0818
8.11499
7.99388
8.30003
8.222
8.18708
8.182
8.24235
8.19982
8.14531
8.16928
7.15441
7.57521
8.23222
6.77889
8.10442
8.2264
8.14695
