4449
4530
4468
4605
4612
4556
4546
4435
4517
4440
4708
4517
4713
4539
4571
4739
4550
4711
4675
4797
4567
4607
4568
4784
4551
4734
4820
4681
4742
4731
4778
4599
4736
4951
4618
4628
4898
4584
4742
4634
4495
4970
4535
4675
4707
4615
4556
4511
4536
4555
4650
4787
4685
4548
4656
4925
4481
4727
4511
4567
4565
4594
4579
4678
4681
4517
4524
4705
4539
4795
4596
4788
4633
4585
4564
4485
4590
4559
4708
4525
4492
4596
4494
4662
4503
4645
4528
4586
4632
4572
4587
4625
4611
4526
4463
4549
4573
4592
4582
4536
4496
4744
4492
4528
4504
4653
4508
4596
4604
4658
4683
4590
4451
4649
4662
4578
4630
4684
4630
4507
4581
4541
4670
4588
4730
4589
4699
4635
4824
4534
4698
4543
4589
4825
4633
4605
4602
4824
4545
4732
4697
4622
4723
4616
4610
4646
4668
4745
4830
4703
4700
4711
4587
4880
4637
4695
4726
4779
4543
4677
4524
4547
4753
4599
4744
4712
4624
4865
4635
4644
4704
4578
4693
4784
4789
4631
4692
4755
4603
4633
4734
4648
4711
4755
4693
4673
4771
4721
4553
4659
4776
4784
4629
4874
4703
4606
4757
4708
4884
4728
4654
4698
4680
4801
4713
4686
4662
4716
4668
4657
4655
4600
4689
4713
4673
4629
4651
4729
4630
4896
4838
4649
4652
4902
4719
4709
4677
4708
4744
4592
4718
4711
4683
4761
4701
4748
4664
4724
4704
4787
4771
4710
4640
4666
4690
4856
4696
4930
4929
4981
4646
4608
4613
4741
4741
4872
4646
4650
4650
4853
4672
4727
4618
4721
4832
4828
4744
4683
4839
4625
4709
4583
4892
4628
4951
4680
4905
4905
4634
4558
4704
4656
4704
4829
4715
4610
4620
4770
4694
4652
4702
4749
4872
4737
4614
4651
4628
4688
4769
4690
4639
4645
4601
4618
4555
4617
4639
4660
4760
4735
4824
4673
4633
4938
4728
4632
4741
4720
4781
4674
4789
4597
4619
4564
4599
4850
4771
4812
4724
4617
4623
4662
4739
4720
4720
4685
4625
4635
4776
4631
4593
4717
4686
4584
4667
4643
4604
4742
4650
4856
4690
4695
4651
4680
4642
4734
4774
4693
4652
4711
4715
4678
4679
4601
4611
4674
4692
4640
4656
4583
4736
4783
4616
4714
4672
4704
4783
4665
4588
4725
4752
4772
4575
4636
4691
4554
4652
4590
4619
