7.63546
7.64359
7.64511
7.64611
7.85212
7.94973
7.6339
7.84974
7.93378
7.7199
7.95909
7.75599
7.85194
7.84995
7.85045
7.83936
7.85185
7.85278
7.63105
7.85122
7.82768
7.66366
7.72711
7.844
7.8133
7.62957
11.0235
7.85164
7.83393
7.92172
7.84543
7.85241
7.6505
10.7347
7.64615
7.64615
11.0969
7.64749
7.64185
7.62322
7.63051
10.903
7.74406
7.64441
7.63775
7.63832
7.92418
7.81605
7.6343
7.8403
7.65332
7.9288
7.94456
7.63382
7.71097
10.925
7.64997
11.0227
7.93643
7.4563
8.49554
7.87286
7.64905
7.8686
7.83787
7.87371
7.87772
7.834
7.75279
10.9808
7.47553
10.5832
7.45367
7.65828
7.62155
7.63788
7.8403
7.63003
7.47506
7.61696
7.64122
7.64086
7.62271
7.46442
7.47552
7.62973
7.92689
7.62139
7.64619
7.55438
7.62435
7.74083
7.64141
7.75038
7.6512
7.8441
7.82573
7.66002
7.76207
7.74074
7.44664
7.64006
7.66012
8.47148
7.73705
7.63825
7.45402
7.62319
7.834
7.62631
7.86599
7.58746
7.93806
7.62329
8.50313
7.65326
7.64983
7.66042
7.75018
7.653
7.85744
7.64204
7.64916
7.63101
7.54383
7.84434
7.66518
7.64006
10.6253
7.47608
7.62389
7.96888
7.64424
10.8847
8.48444
7.84621
7.52811
10.4937
7.67025
7.84813
7.86873
7.6344
7.63405
7.65814
7.64765
7.91378
7.61658
7.84382
10.8746
8.49341
7.64939
7.65306
7.6399
11.0249
7.54382
7.73723
7.62924
7.61918
7.64058
7.95338
7.72762
8.32201
7.64073
7.85118
7.64578
7.92634
7.86642
8.32266
7.6627
7.87717
7.62375
7.4821
7.45791
7.83787
7.62412
7.44639
7.64177
7.62867
7.62345
7.84335
8.51263
7.65814
8.31311
7.9288
7.594
7.65288
7.63389
7.72545
7.82648
7.77403
7.63
7.65872
7.84564
10.3481
7.55076
7.67618
7.82311
7.83777
11.0081
7.7366
7.81668
8.42706
8.4876
7.5566
7.62324
7.86336
7.84128
7.64186
7.82956
7.76483
7.82316
7.64324
7.6683
7.62918
7.64618
7.82986
7.78068
7.64116
7.77728
8.53339
10.8306
7.63029
7.83852
11.007
7.83005
7.62313
7.67618
7.65332
7.83852
7.64116
7.63066
7.64193
7.86574
7.6333
7.72069
8.32264
7.82807
7.71059
7.62414
7.83592
8.59544
7.73001
7.62713
7.96071
7.6184
10.4925
8.53551
10.4812
10.4977
10.5884
7.84591
7.61917
7.45781
8.37791
7.83116
10.4841
7.47071
7.65955
7.63101
10.4156
7.64084
7.58816
7.63018
7.62968
10.3593
10.3653
7.63409
7.83783
10.8482
7.6343
7.83633
7.61233
10.5856
7.76171
10.4838
7.58342
11.0285
10.4982
7.537
7.62791
7.65313
7.72447
7.65316
8.58375
7.84892
7.5878
7.65746
7.63456
7.83032
7.54349
7.62624
8.48641
10.1818
7.64157
7.62365
7.62336
7.63435
7.62983
8.21304
7.64508
7.44979
7.63399
7.45384
7.63727
7.45423
7.63351
7.76642
7.8492
7.64048
8.42706
10.7531
7.64084
7.57265
10.592
8.49606
7.83333
8.48785
7.64511
8.40589
7.64209
7.64529
7.64066
7.83751
7.66786
7.65996
10.5826
8.50045
7.62363
7.62417
7.71399
7.65909
7.63306
8.40333
7.65125
8.34586
7.64133
7.35678
8.40017
7.63341
7.44249
7.63443
7.63016
7.8491
7.64031
7.62271
7.6113
7.66644
7.47172
8.49015
10.4943
8.5002
8.49756
7.83075
7.63383
8.2161
7.65632
7.64006
7.45387
7.60341
7.64925
7.6464
7.8625
7.46433
7.82887
8.38877
7.64152
7.64012
8.39337
8.40809
7.64681
8.37238
7.63141
8.3842
8.39305
7.64536
7.6462
8.40841
7.67592
7.63051
7.62307
8.49431
7.62301
7.63423
7.47482
7.56653
7.64578
7.62776
7.62345
7.53598
