101.614
106.448
102.198
97.7627
110.889
102.05
98.1641
97.3442
102.975
101.957
101.195
101.677
100.172
97.639
98.0698
97.0796
103.08
102.14
116.802
97.5341
102.751
102.997
114.217
98.0458
109.113
104.392
101.199
102.286
96.8599
110.729
97.8436
94.9505
102.536
103.134
97.8376
102.17
102.671
101.065
102.786
113.28
98.6164
114.366
98.2417
97.2897
97.0908
97.6454
101.482
97.4491
111.002
102.994
99.302
101.982
101.513
97.3955
102.48
97.4918
96.8841
112.974
102.869
100.563
96.9499
102.47
102.095
112.891
99.9762
97.9515
100.737
102.138
97.5415
103.227
102.873
98.7392
101.798
102.119
103.01
100.06
103.087
101.164
102.701
103.522
103.193
102.677
97.4576
102.674
116.364
102.218
97.5528
103.34
99.1359
102.136
97.7812
98.116
100.965
101.885
101.677
102.487
101.53
108.677
98.234
101.555
102.514
97.6646
103.064
97.5908
102.861
101.74
102.282
99.195
99.7984
97.5079
99.3932
102.615
97.557
112.405
98.489
97.3779
100.445
99.9067
100.746
97.1162
98.6484
98.0184
101.647
101.897
103.271
103.353
103.262
97.9926
100.715
99.2683
102.409
102.579
102.391
100.773
102.229
96.8373
101.374
98.0384
102.56
97.7802
102.068
102.578
100.516
101.78
100.039
101.63
97.1605
100.163
102.345
100.424
102.118
98.5083
100.45
101.903
100.744
102.497
100.259
98.8269
103.322
98.6935
101.389
100.323
101.957
103.537
100.664
97.7694
97.389
97.4302
106.254
97.6819
102.178
90
97.7218
97.5233
100.516
97.1209
96.4018
98.4149
102.952
102.991
97.3318
97.4652
102.131
103.708
105.17
103.03
101.619
103.734
102.285
105.73
101.947
99.5758
100.848
97.7482
97.8389
97.5798
96.9886
97.3532
105.427
98.2323
104.383
97.6643
106.246
97.6128
97.631
98.5603
102.077
96.7193
97.7997
97.9084
97.8619
97.0568
96.4853
98.263
97.6896
98.6077
100.985
101.686
99.4019
97.1619
96.4285
104.115
103.804
96.9926
101.942
97.2839
97.5818
101.387
100.997
97.8111
98.1318
98.0747
97.3195
100.017
96.3293
105.487
102.041
104.883
97.4855
97.7082
96.798
97.5622
101.026
103.937
97.5588
97.6816
97.2276
100.733
106.206
97.6435
97.1465
102.542
97.75
97.2249
97.6972
96.2293
97.0686
102.19
99.9871
97.3482
103.409
101.521
97.1477
97.4365
100.127
102.988
96.8873
97.0092
99.9434
97.8169
105.287
105.677
97.1787
98.5081
98.5917
102.137
98.0688
102.847
102.308
97.5474
98.2075
97.6776
97.7378
102.245
97.6244
106.155
97.6716
101.213
100.722
103.271
98.2033
97.6392
103.753
100.739
99.8331
97.2611
97.8294
96.939
