4.76095
3.32556
4.31041
6.13589
4.55514
4.39159
6.01412
6.13314
4.2906
4.63931
4.77951
4.52666
5.18419
6.02563
6.01499
6.0171
4.26111
4.54391
3.00712
6.12332
4.40307
4.36309
3.95912
6.01435
6.02017
3.9456
4.96322
4.36231
6.13391
6.02529
6.10382
6.01435
4.2951
4.05154
6.02238
4.36066
4.41884
4.72076
4.4029
4.45331
5.69771
4.04469
6.01965
5.99651
6.02556
6.12353
4.57346
6.02102
4.66427
4.2455
5.28586
4.42476
4.76904
6.12591
4.25799
6.12639
6.12895
4.41494
4.37579
5.16508
6.0249
4.30761
4.3909
4.64735
5.06531
5.9155
4.77456
4.36307
6.01581
4.25746
4.39565
5.59708
4.52485
4.38799
4.0464
5.27724
4.25307
4.65742
4.21116
4.20269
4.04911
4.25782
5.81389
4.40053
3.42839
4.36501
5.81697
4.3162
5.49517
4.35705
5.91862
5.70624
4.75477
4.65082
4.52942
4.2784
4.51198
5.71666
6.0153
4.69463
4.4921
5.90779
4.36831
6.02403
4.36745
4.51135
4.30602
5.48899
5.17709
6.00908
4.36457
4.4089
6.02319
4.36675
5.91823
6.03592
4.83606
5.1857
4.73045
5.91181
5.72098
6.02629
4.44305
4.39895
4.20759
4.15156
4.05271
6.01801
4.77032
5.50714
4.30651
4.56409
4.45209
4.98778
4.41278
6.05377
4.45563
6.01035
4.30958
5.90747
4.75677
4.36288
4.71506
4.42001
5.09043
4.66808
5.91527
4.86891
4.45673
5.03497
4.55765
5.60901
4.41559
4.51865
4.95445
4.45786
5.06257
5.59499
4.14646
5.60006
4.7584
5.07212
4.54156
4.0417
4.70762
6.01042
6.12131
6.02063
3.21823
5.70942
4.49222
6.12422
6.12992
6.10406
4.74769
6.14188
6.11869
5.69548
4.28675
4.20879
6.02095
6.11718
4.50257
4.09363
3.62631
4.32438
4.42387
3.92464
4.45656
3.42466
4.61598
5.50764
4.67574
6.01391
5.91863
6.12167
6.01605
6.11997
3.62961
5.91863
3.83226
5.91654
3.21573
6.1115
6.01132
5.80569
4.25291
5.90532
5.91695
6.11809
6.01219
6.1241
6.1184
5.90698
6.01411
5.69833
4.86339
4.5597
4.85839
6.1251
6.11909
3.8934
3.99146
6.13117
4.55881
6.12571
6.114
4.55918
4.75114
5.598
6.01484
6.02595
6.23082
4.45978
6.01742
3.22534
4.66008
3.62388
6.01568
6.01797
6.12312
6.00926
4.86233
3.89834
6.1268
5.91559
6.12244
4.96334
3.2284
6.12226
6.22724
4.29945
6.01729
6.11115
5.90791
6.12312
6.12422
4.46387
5.17053
6.11787
4.06901
4.66697
6.22792
6.12435
4.86667
4.25323
6.02288
6.22241
5.16912
6.017
3.6162
3.41263
6.11854
5.91539
5.91508
4.36688
6.0156
4.30432
4.47125
6.0047
6.01812
6.01931
6.01411
4.46871
6.02403
3.22475
6.01772
4.66688
5.06297
4.218
5.91486
6.01525
3.83194
4.81691
5.27523
6.13568
6.02359
6.12503
