9.12926
8.97658
8.99422
9.14679
8.94846
8.89585
9.03182
8.94538
8.94625
9.06272
8.94664
9.11387
8.95941
9.03572
9.08776
8.91037
8.90184
8.93655
9.00819
9.00147
8.94184
9.0525
8.93182
8.99048
9.0346
8.9954
9.07609
8.98198
8.98996
8.92385
9.0253
9.0171
9.0159
9.01976
9.02084
9.05076
8.93931
8.92406
8.95076
9.04135
8.95941
9.04906
8.98561
9.11532
8.95121
8.94846
9.03423
9.11092
9.05558
8.9384
8.9116
9.06721
9.00825
9.02095
8.96562
8.97688
8.97056
9.03707
8.96293
8.92914
9.05187
8.97248
9.11497
9.18749
9.05698
8.97222
9.00838
9.05555
8.97788
9.03445
9.00629
9.04572
9.00175
9.02516
9.12803
8.97506
8.99219
9.03642
9.06263
9.03529
8.96705
9.01046
8.96188
8.97523
8.97242
9.00501
8.94628
8.92605
8.9617
9.05555
8.96056
8.95511
8.99253
9.0525
8.98424
8.91909
9.0525
8.95384
9.0525
9.04758
8.99698
9.01506
9.05373
9.09605
8.99072
9.03273
8.96292
9.12257
9.03652
9.02884
9.02541
9.0335
9.06048
9.16282
8.98096
9.02625
8.97242
8.94497
8.99418
9.07775
8.96465
8.90364
8.97101
9.11302
9.08935
9.2705
9.0439
9.02418
9.10317
9.05004
9.05373
9.08019
8.95306
9.01867
9.18949
9.01976
9.16309
9.11302
9.1685
9.05373
9.10353
9.06372
8.97156
9.20484
9.10408
9.11475
9.10455
9.00032
8.95759
9.19264
9.04459
8.9873
9.09843
9.03642
9.21368
9.04609
9.04965
9.0159
9.03926
9.01976
8.90369
9.03997
9.05555
9.14182
9.05742
9.03013
9.08935
9.19141
9.03608
8.96742
9.04609
9.02959
8.95572
9.16727
9.12161
9.1324
9.13105
9.05373
9.08299
8.94777
9.02884
9.02064
9.12038
8.96742
9.03485
9.03997
8.92926
8.97416
9.17543
9.01593
9.03986
9.13117
9.03642
9.11494
9.00991
9.03626
8.92015
8.9316
9.07766
9.02153
9.08935
9.07082
9.15349
9.0654
9.11864
9.13915
9.13117
9.11302
9.01754
8.95759
9.00625
8.94843
9.03844
9.02423
9.08442
9.04486
9.03227
9.01976
8.97907
8.91986
8.97821
8.85866
9.07845
9.00539
8.97436
9.05283
9.00086
9.09918
9.03626
9.10446
8.99704
9.02792
8.99894
9.05688
8.99047
9.06985
8.95174
9.00401
9.0375
9.00642
9.19141
9.11494
9.03844
8.94153
9.13642
8.97821
9.20124
9.15654
9.21467
9.10093
8.98987
9.09329
9.09843
8.97821
9.0475
9.02689
9.043
8.97821
8.90356
8.9819
9.03317
8.92333
9.01448
9.06048
9.0006
8.98198
9.05786
9.03485
8.98569
8.97821
9.0457
9.05688
9.01317
9.05688
8.96689
8.90593
9.13915
9.08951
9.03498
8.99095
8.96689
9.09661
9.03181
9.06618
9.00435
8.97908
9.03275
9.00628
9.0346
9.1507
8.98804
9.09155
9.1004
9.01498
9.12265
9.02949
9.1243
9.1324
