7.95782
7.97722
8.11908
6.87597
7.89623
8.01769
6.95479
7.34901
8.06417
7.95387
7.9622
7.99383
7.87554
7.47646
7.09086
7.18822
8.0889
8.0673
7.9564
7.46034
7.97003
7.94837
7.98823
7.15261
7.40138
7.96868
7.74333
7.93973
6.98273
6.90433
6.97977
7.09886
7.95425
8.06091
7.3575
8.01315
8.031
7.9157
7.9572
7.99133
7.61155
8.04708
6.89129
7.09263
7.19169
7.05764
7.97505
7.59033
7.89276
8.1411
7.7757
7.9656
7.97368
7.30521
8.02714
7.22302
7.08952
7.94594
8.00314
7.64509
7.38472
7.95411
7.99583
7.93058
7.80214
7.19578
7.99896
7.99179
7.53297
8.01315
7.87461
7.49759
7.93341
7.95401
8.13787
7.71334
8.0898
7.9853
7.99701
7.93297
8.04129
7.92822
7.6343
8.02531
7.96387
7.98633
7.53758
7.82168
7.54373
8.0107
6.9049
7.66033
7.93033
7.96173
7.92441
7.99272
8.08365
7.70015
7.26502
8.09159
7.94138
7.16199
7.92278
7.44683
8.15679
8.16022
8.01301
7.76624
7.84688
7.24091
7.99049
8.03056
7.46987
8.08331
7.30418
7.59936
8.07497
8.05978
8.13123
7.59248
7.81498
7.08538
8.18447
8.07925
8.06849
8.14467
7.99671
7.40366
7.99398
7.60689
8.13934
7.95885
8.08892
8.14667
8.06858
8.0887
8.10725
7.16556
8.09455
7.61509
7.83075
8.14944
8.0906
8.10468
7.69774
8.10265
7.57065
7.95149
8.11121
8.08931
8.06849
7.37516
7.94785
8.24605
8.03107
7.97451
8.09459
7.06117
8.13154
7.85596
8.04308
8.03107
8.15305
8.21652
7.99724
7.31302
7.29916
7.59543
8.20104
7.4718
8.14458
7.26277
6.94359
7.12752
7.99098
7.4527
7.45961
7.76892
8.09464
8.21022
7.684
7.536
8.11652
8.05292
8.09557
7.9735
8.01667
7.93823
8.13225
8.12822
8.0405
7.38185
8.13725
7.31728
6.86632
7.42977
7.70506
7.29193
8.09242
7.18122
8.14095
7.40858
8.21337
7.05614
7.09399
7.62153
8.28608
7.65337
7.6314
6.8087
7.24132
7.58331
7.04974
7.23051
7.33232
7.62743
8.0754
8.12976
7.82021
7.12085
7.07029
8.15362
8.18664
7.25349
8.14095
6.99895
7.09473
8.07588
8.12405
7.73712
6.97415
6.97613
6.96568
7.95016
7.6358
8.10655
8.07099
8.227
7.54957
7.32945
7.04409
7.51027
8.09782
8.25025
7.09635
7.74155
7.38997
8.04691
8.21337
7.04566
7.07472
8.1174
7.27026
7.50287
7.44795
7.41043
7.53456
8.19661
8.037
7.28548
8.25722
8.18073
7.46275
7.19602
7.97541
8.13999
7.40188
7.26283
8.09791
7.25495
8.0605
8.1851
7.48207
7.32545
6.98178
8.21661
7.0877
8.14761
8.11457
7.51991
7.22272
7.03355
7.29358
8.15864
7.46421
8.2354
7.45085
8.18193
7.80447
8.03295
7.28469
7.07932
8.30673
8.18454
7.90942
7.36842
7.29305
7.75521
