4816
4734
4806
4576
4798
4669
4620
4716
4736
4702
4741
4771
4663
4757
4703
4673
4704
4774
4973
4630
4853
4821
4842
4676
4930
4803
4587
4740
4641
4989
4685
4428
4711
4654
4620
4614
4715
4717
4801
4914
4728
4916
4753
4673
4570
4747
4710
4723
4940
4864
4691
4586
4736
4711
4508
4661
4712
4956
4749
4777
4522
4665
4793
5029
4789
4661
4794
4630
4680
4632
4709
4694
4678
4732
4750
4569
4821
4749
4731
4779
4720
4603
4671
4756
4957
4594
4539
4755
4598
4662
4680
4705
4720
4635
4675
4556
4693
4895
4639
4695
4727
4667
4747
4685
4806
4714
4794
4684
4706
4626
4671
4570
4696
4951
4702
4639
4691
4789
4870
4575
4716
4597
4756
4612
4602
4481
4656
4605
4537
4644
4579
4714
4662
4654
4490
4655
4636
4448
4441
4377
4721
4656
4635
4537
4635
4621
4497
4571
4561
4583
4573
4604
4697
4647
4583
4532
4696
4575
4630
4570
4452
4723
4617
4470
4532
4486
4608
4533
4470
4495
4561
4171
4508
4757
4604
4495
4505
4521
4525
4647
4537
4448
4584
4584
4540
4695
4615
4512
4594
4458
4611
4502
4582
4441
4452
4242
4407
4561
4282
4461
4265
4403
4594
4482
4367
4464
4388
4343
4469
4420
4499
4473
4251
4415
4531
4397
4491
4485
4520
4553
4396
4645
4506
4476
4410
4361
4555
4585
4422
4504
4564
4660
4494
4388
4627
4456
4689
4536
4531
4612
4502
4456
4634
4630
4567
4601
4470
4620
4634
4461
4541
4562
4441
4478
4474
4545
4489
4575
4715
4569
4523
4521
4647
4455
4415
4508
4510
4530
4481
4518
4512
4525
4601
4437
4461
4430
4556
4670
4560
4465
4466
4400
4496
4420
4577
4465
4566
4516
4678
4597
4577
4512
4488
4590
4561
4440
4555
4479
