8.0319
8.03585
7.82061
8.01055
10.5823
7.81471
8.00964
8.02751
8.00661
8.00825
7.93113
7.83071
8.0104
8.03114
8.02573
7.80258
8.01982
8.01478
11.0461
8.09669
8.01023
8.03228
11.145
8.03648
11.1497
8.03514
8.02925
7.82046
7.814
11.2512
8.02686
7.24414
7.83254
7.81331
8.04793
7.81692
8.02994
7.81677
8.01454
11.3299
8.00445
11.3337
8.01599
7.8111
7.81477
8.0183
7.8134
8.00586
10.7244
8.0028
7.83306
7.80574
8.01721
8.02231
7.81112
8.02614
7.84079
11.1521
8.03252
8.01638
7.82525
7.82554
7.8177
11.3445
7.81009
7.92569
7.80803
7.80084
8.01037
8.02433
7.99503
7.90216
7.83911
7.80394
7.80689
8.0141
8.01436
7.80918
7.81583
8.01822
7.81931
7.82442
7.81255
8.01006
11.3224
7.82365
7.81578
8.02577
7.92149
7.80222
7.80573
7.89105
7.82757
8.00217
7.80503
7.81863
7.81017
10.9225
8.1179
8.0032
8.01719
7.83547
8.04526
8.00885
8.09201
7.903
7.79508
8.00332
7.88742
7.91769
7.00827
8.00332
8.00516
11.0317
8.0986
8.00393
7.8131
8.00096
7.8167
7.80756
8.0983
8.0225
7.81702
7.80328
8.01353
8.0182
7.82222
8.09708
7.79555
7.98985
7.88839
8.116
8.00622
8.08782
7.91037
7.99351
7.71729
8.03426
7.9165
7.98837
8.10513
7.99941
7.71878
7.80048
7.81594
8.00346
7.81746
7.71977
8.007
8.01143
8.02235
7.81563
7.34729
7.99513
8.00209
7.99289
7.99278
7.78803
7.99757
8.0025
7.99863
7.9978
7.99464
7.99806
7.7194
8.00599
8.01445
8.00171
8.00028
7.72507
8.00765
6.74967
8.01292
7.98667
7.71435
8.00397
7.79263
7.99403
8.01014
7.99717
7.99832
8.09215
7.99176
8.02226
8.0162
8.01491
7.72054
7.80488
7.99844
8.00323
8.0185
7.99832
7.79432
8.00511
7.80927
8.09903
7.90505
8.00197
8.09592
7.99656
8.00748
7.91049
8.00233
7.99767
7.91221
8.10019
7.79872
7.70868
8.00761
8.00968
8.01202
8.0016
7.72116
8.00707
7.99414
8.0075
7.99845
7.92264
7.44819
7.91464
7.71234
7.99403
8.01435
7.9105
8.0025
7.91489
8.0027
7.81205
7.90853
7.72077
8.00788
8.00537
8.02028
7.26829
7.71133
7.71778
8.1033
7.99679
7.99964
8.00207
7.80255
8.00336
8.01798
7.99302
8.01014
8.00391
7.99683
8.0139
8.00258
8.01334
8.00131
7.91104
7.99618
8.01344
7.92119
7.74086
7.9928
8.00529
8.00108
7.99692
8.00616
8.00209
8.09962
8.00288
7.71575
8.0083
7.81101
8.0083
8.0084
8.00895
8.02242
8.00704
8.0033
8.1071
8.0248
7.90105
8.0252
8.02055
8.01219
7.99739
8.10168
7.91564
7.99616
8.01018
8.02239
7.99596
8.02499
7.91089
8.01857
8.00731
8.0152
7.91427
7.89809
7.92134
8.01704
8.01335
8.02926
8.01271
