86.2824
90
93.87
83.1416
94.0117
95.5294
90
84.2697
93.8703
86.2186
90
94.8764
90
85.9511
95.1117
87.2363
96.8096
95.2652
90
90
94.4314
90
93.51
90
93.3297
95.7357
90
94.9733
95.6047
95.6504
95.4279
95.1158
96.1456
95.03
90
96.6892
93.8737
95.0555
90
96.8795
90
95.7681
90
94.8437
94.3268
90
93.7354
94.9396
90
95.7221
96.2175
84.3
93.6252
94.5706
87.2889
93.7713
90
94.4371
93.584
97.4634
96.8776
90
90
94.333
95.7725
86.0698
94.1194
96.8319
90
93.2121
93.3711
90
90
94.8152
96.0777
90
90
86.0692
90
86.6063
96.1752
90
96.5931
90
93.4164
90
93.9808
90
90
95.3014
94.8716
97.7664
90
96.7366
90
93.2043
97.1486
90
90
96.511
94.9225
85.6117
84.7201
95.2232
90
90
90
85.6707
90
96.905
93.8499
90
90
85.3581
90
97.3194
86.0535
86.3037
95.0695
85.373
92.7334
86.2003
90
90
85.4065
85.4823
90
90
90
90
90
90
90
86.2449
94.3774
85.3414
86.1788
90
90
94.0979
86.3193
90
84.1827
95.4149
94.1984
85.505
94.1197
84.5711
85.5648
97.1673
86.3841
86.3194
95.7598
90
84.0852
93.4897
90
86.2053
94.8453
90
95.05
90
90
95.7269
90
90
90
90
90
85.2113
97.1804
96.6227
94.6117
90
85.9076
90
94.0832
86.5813
90
90
90
90
86.2092
86.2321
96.3669
95.9338
86.3359
90
90
83.2965
90
95.6145
90
95.9783
82.3784
93.8158
90
90
84.6185
90
90
86.5493
85.9666
94.0115
90
86.2318
94.261
84.9582
96.5177
90
83.6708
90
92.5312
90
90
90
86.717
85.1971
85.8887
84.9907
90
90
85.5744
85.9921
83.0449
90
83.3104
84.7074
83.4311
90
84.361
83.3704
84.3113
90
84.9243
83.6456
82.7567
83.1094
90
94.3019
83.0236
90
90
84.5444
93.8244
94.5075
83.3522
83.3821
82.7162
82.6207
85.2623
90
83.03
85.9414
90
90
90
90
83.7781
84.3077
85.0096
90
90
90
86.3074
90
90
86.1859
90
90
86.2179
94.5544
94.5722
90
90
90
93.5476
90
90
90
86.332
93.0658
93.5497
90
96.9821
90
90
