3.95979
2.16154
1.08736
3.57639
1.59066
0.776459
3.65416
3.8936
1.08872
3.97549
3.4685
0.970116
3.86909
4.16571
0.77269
4.03597
0.753712
0.75818
3.57381
1.89896
1.48216
2.19957
1.52095
3.5767
0.437561
0.683122
1.79353
0.886617
0.983659
0.873781
0.983883
0.883112
0.672521
1.06757
2.75212
0.5558
1.11849
0.881395
3.47182
0.232083
3.87462
0.749285
3.47053
0.998271
1.47824
3.7019
1.07645
0.88659
3.25261
0.35354
0.642694
3.96833
1.2135
1.10196
4.02841
1.4282
1.89522
0.887506
1.40512
0.544477
0.650094
2.86278
3.37551
1.47875
0.556279
3.86901
1.20503
0.635278
3.66137
1.63703
1.54374
1.99786
3.87114
0.879456
0.746664
3.60156
3.68808
3.97226
3.874
4.21699
0.858105
3.30262
0.752911
2.53154
1.58587
3.57815
1.58587
3.25076
2.85712
0.984905
1.18522
0.325818
2.85437
0.64892
2.64112
1.59431
0.322784
3.56472
2.84503
0.748974
0.971945
3.97939
4.06392
0.960451
3.46289
3.87879
3.46442
3.86736
3.87524
0.322572
1.28922
2.75441
3.36872
3.87223
1.89994
0.116142
3.6656
3.98175
1.3876
3.87151
1.86967
3.96478
3.87013
3.55449
3.87032
3.66115
3.86665
3.87579
3.87415
3.88114
3.87516
3.44165
3.66013
4.06792
1.47844
3.87465
3.97786
3.68263
3.65598
1.21073
3.97579
3.66151
3.66637
0.757593
1.58522
3.97522
0.443366
3.88147
3.87693
0.124645
3.87058
3.67691
0.537216
3.87355
3.67512
1.58987
2.74338
3.97115
1.20029
3.64816
0.947751
3.66005
3.57326
1.1665
3.6702
2.2115
3.14096
3.87228
3.8781
3.98805
0.324404
0.652048
0.978333
3.29642
4.09977
3.47403
1.59236
3.99319
2.74486
3.47591
3.56796
3.48103
3.99015
3.98896
0.437761
0.661028
3.9865
3.68887
3.47842
3.89364
3.47203
1.06662
3.88181
0.424316
4.21872
1.40694
3.58233
3.47374
3.58814
3.47514
3.58917
3.57762
3.87701
0.447439
3.58169
3.98608
1.49104
3.47138
0.438513
3.89276
3.89087
1.91552
0.866551
3.58299
1.9115
1.91455
3.88955
3.48688
4.10014
4.08304
2.22539
2.02997
3.897
3.89419
3.99951
1.37716
3.90172
3.59441
3.89834
1.91608
3.58255
3.89048
3.68567
2.7393
3.99536
3.89314
3.90484
3.89831
2.01361
0.224583
3.99832
2.01704
2.2235
3.99045
0.443239
1.49375
3.88677
3.89029
3.97184
3.99511
3.48017
1.79706
3.98309
3.9015
1.90925
1.91306
2.74382
3.88488
3.66978
3.57377
3.89119
1.90897
2.0041
1.29831
3.99924
2.39665
2.22714
3.04735
2.83699
2.23036
4.01037
1.29967
1.37514
1.9075
2.02113
3.13053
1.91267
3.27016
2.01864
1.49712
4.00385
0.783094
1.69077
2.21412
0.4412
2.01069
2.22672
