8.1929
11.8568
11.9086
8.47985
9.30292
10.9398
8.26968
11.7378
11.9369
8.12147
8.41751
11.287
8.33667
7.59995
11.8577
11.8445
9.38316
11.5872
11.8373
9.29324
9.08573
9.32615
10.4243
8.87443
9.46086
11.0074
8.89594
10.4218
10.2412
10.2023
10.2692
10.6963
10.7737
9.29673
9.35431
10.3967
11.6678
10.4822
9.16222
11.025
8.35133
9.18686
8.72895
11.7469
9.34265
11.7951
11.7078
11.593
9.05369
11.7135
9.44336
8.2854
11.745
11.7907
11.9768
11.8704
9.30779
11.0259
10.3382
9.33826
9.30579
9.57182
9.14896
9.37072
11.586
8.49203
11.7409
9.44542
8.40413
11.5239
11.8067
9.37254
8.16988
10.8154
9.61365
9.49662
9.32343
7.84202
8.41049
11.1402
9.41903
10.1669
9.277
9.39974
9.32122
9.04816
9.402
8.51598
9.45931
10.3106
10.0301
9.39895
9.5865
9.51003
9.51727
9.04168
9.47609
8.97126
9.40466
9.55116
10.0287
8.12818
7.92294
9.52538
8.42317
8.46727
8.37435
8.32396
8.48601
9.4194
9.76363
9.38946
8.94753
8.40284
8.3583
10.4319
8.38974
8.43764
8.49009
8.41879
11.7665
8.06481
8.33834
8.35623
8.46014
8.53335
8.2985
8.47048
8.29104
8.48102
8.39304
8.54724
8.33842
7.8679
9.27341
8.38158
8.1259
8.52484
8.41334
11.7532
8.4378
8.18393
8.57838
10.2462
9.22234
8.12778
10.2368
8.24098
8.19693
10.2363
8.52893
8.32524
10.7266
8.17594
8.47324
9.12441
9.26002
8.11269
10.2706
8.25406
9.3775
8.45652
9.27294
9.11156
8.31747
9.47502
9.15937
8.28885
8.26108
8.2505
10.1826
9.63352
11.8805
9.93026
8.39741
9.16874
9.13998
8.39229
9.48115
9.3655
9.30503
9.44181
8.32537
8.30572
11.4297
10.7399
8.55422
9.07562
9.42576
8.80778
9.3751
9.28373
8.42973
11.7841
8.95229
11.8589
9.28348
9.46907
9.36635
9.33057
9.40398
8.88767
8.34332
10.4963
9.40398
8.32537
9.39338
8.81597
10.741
8.62766
8.91497
9.07746
11.86
9.30939
9.13932
8.94882
8.74428
9.35445
8.41501
8.44187
8.79998
8.54503
8.38853
8.52691
8.54089
9.6
8.47155
9.57057
8.61666
8.57931
8.93883
8.48965
8.88739
8.75293
8.39655
8.88032
8.21477
8.2121
8.64392
10.5982
8.52196
8.42369
8.93687
8.29472
10.3025
8.85062
8.46384
8.51512
8.06087
8.40261
9.45876
8.41501
8.45889
8.48876
8.47367
8.43972
8.29034
8.25336
8.48794
8.31749
8.48876
8.72398
8.7886
11.5884
8.61663
8.24893
8.67433
8.50346
8.57588
8.52488
8.47186
9.94829
9.48882
8.40272
8.42482
8.18905
8.59743
8.13185
8.24308
8.81294
8.69199
10.5689
9.63927
8.41554
9.97214
8.55107
8.63257
