1818
2184
2072
1735
1893
1886
1734
2164
2005
1725
1807
2021
1830
1763
1964
2129
1859
2049
2426
1902
1893
1864
1917
1889
1751
1985
1826
1930
2066
1911
2070
2108
1908
1940
1957
1987
2021
2051
2004
1910
1813
1870
1884
2034
1937
2267
2044
2056
1843
1909
1838
1797
1986
1950
2165
2020
1755
1945
1975
1889
1878
2048
1912
1979
2024
1926
1934
1939
1823
2031
2116
1902
1813
1907
1896
2005
1918
1693
1873
1929
1912
1835
1858
2050
1921
1845
1961
1821
1903
1949
1882
1793
1963
1887
1825
1759
1820
1857
1881
1986
1836
1875
1715
1841
1810
1980
1790
1769
1717
1724
1791
1844
1729
1735
1693
1798
1648
1633
1721
1721
1980
1735
1685
1587
1539
1657
1679
1676
1582
1734
1678
1619
1731
1656
1800
1664
1698
1842
1693
1903
1654
1666
1638
1656
1799
1633
1664
1534
1623
1641
1638
1613
1693
1583
1595
1635
1698
1633
1896
1680
1711
1612
1708
1835
1753
1814
1874
1759
1799
1827
1917
1898
1967
1951
1863
1827
1964
1814
1949
1873
1804
1899
1832
1804
1968
1970
1832
1870
1884
1757
1905
1864
1720
1900
1764
2081
1889
1891
1801
1985
1935
1791
1724
1969
1978
1864
1870
1827
1928
1727
1783
1820
1855
1927
1816
1798
1800
1818
1745
1692
1681
1669
1819
1825
1746
1572
1693
1743
1615
1568
1596
1626
1652
1702
1594
1583
1473
1613
1594
1612
1594
1524
1564
1535
1592
1537
1563
1612
1579
1484
1730
1513
1495
1553
1523
1537
1541
1594
1533
1562
1604
1464
1540
1715
1762
1524
1522
1509
1560
1549
1607
1756
1780
1563
1520
1577
1641
1525
1413
1470
1629
1707
1653
1504
1693
1475
1545
