2.89511
2.89443
2.69854
1.53652
2.89554
2.89455
2.89455
1.53788
2.70386
2.90193
2.89372
2.89604
2.89297
3.08979
2.89413
2.89245
2.99465
2.89382
2.89492
2.89542
2.8904
2.99172
2.79975
2.89189
1.53842
2.89435
2.70017
2.70041
2.99366
2.8926
2.93542
2.7983
2.9926
2.70408
2.60354
2.99449
2.69859
2.736
2.93273
2.89244
2.89244
2.60527
2.99404
2.98913
2.89198
2.89457
2.60518
2.89047
2.89356
2.701
2.70029
2.31434
2.70172
2.98708
2.89413
2.99311
2.70195
2.59865
2.70016
2.99117
2.89497
2.89714
2.89813
2.89877
2.89877
2.70216
2.8962
2.89855
2.89657
2.93047
2.93469
2.89971
2.98506
2.70163
2.79392
2.93475
2.89379
2.89455
2.89734
2.89574
2.89632
2.51033
2.89741
2.98892
2.69881
2.88932
2.89443
2.89455
2.89455
2.89838
2.89499
2.88957
2.89872
2.89558
2.89425
2.60668
2.69974
2.89583
2.89349
2.92913
2.69942
2.73188
2.59954
2.70199
2.89595
2.9904
2.69629
2.60702
2.89692
2.60398
2.6033
2.89729
2.89459
2.5077
2.89279
2.79605
2.508
2.89158
2.89394
2.50881
2.9932
2.89354
2.89249
2.99041
2.51087
2.31267
2.98665
2.89719
2.89077
2.8962
2.99292
2.89332
2.89297
3.03513
2.89818
2.50864
2.89238
2.84584
2.88845
2.89484
2.8902
2.89679
1.91843
2.70006
2.93918
2.6973
1.91801
2.31509
2.60535
2.69907
2.79263
2.60584
2.70114
2.99238
1.91945
2.70271
2.89595
2.89497
2.94152
2.9879
2.60508
2.70078
2.99143
2.99404
2.88858
2.89536
2.50906
2.89151
2.99521
2.60571
2.89003
2.88907
2.89496
2.69942
2.89813
2.60184
2.89729
2.9905
2.89334
2.89561
2.89273
2.69785
2.88689
2.89497
2.98851
2.89356
2.89092
2.89475
2.51054
1.82319
2.99022
2.89191
2.89277
2.89238
1.82287
2.98886
2.89593
2.89632
1.82346
2.89228
2.89714
2.50578
2.70039
1.9196
2.70154
2.88942
2.89077
1.91581
2.8928
2.89314
1.91323
2.50281
1.91512
3.08557
2.88882
2.50697
2.88638
1.9149
2.8904
2.60315
1.91611
2.8912
2.59852
2.69932
1.91571
1.91324
1.91449
1.82122
1.91386
1.91446
1.81734
1.91703
1.91506
2.50381
2.50381
1.91527
1.8167
1.9135
2.50553
1.81907
1.91271
1.81855
1.81934
2.40604
1.82063
2.8892
1.91387
1.91443
1.91124
1.81868
1.91232
1.9149
1.91485
2.69686
1.91329
1.82065
1.91387
2.88513
1.81905
1.91564
2.40873
1.72222
2.88891
1.82105
2.88705
1.81966
1.81808
1.91354
2.69784
1.8145
2.89028
2.88457
2.89277
1.82191
1.91573
2.69865
2.97868
2.89636
1.82026
1.82102
2.88942
1.91522
2.88669
1.91308
2.88371
1.9142
1.81759
