90
90
90
90
90
90
90
90
90
90
90
90
90
90
90
90
90
90
90
90
90
90
90
87.5994
90
90
90
87.4751
90
90
90
90
87.4608
90
90
90
90
90
90
87.2685
90
90
90
90
90
90
90
90
90
90
90
90
90
87.1665
90
90
90
90
90
90
90
87.3191
90
87.267
90
87.4949
87.1319
90
90
90
90
90
90
90
90
90
90
90
90
90
90
90
90
90
90
86.6217
90
86.5876
90
90
90
90
87.5032
90
86.9865
90
87.342
87.4643
90
90
90
90
90
90
90
90
90
90
90
90
90
90
90
90
86.7883
87.4718
87.4659
90
87.2868
87.4649
90
87.5087
90
90
90
90
90
90
87.2225
90
90
90
90
90
90
90
90
90
90
90
90
90
90
90
90
90
90
87.2436
90
87.441
90
90
90
87.1831
90
90
90
90
90
90
90
90
86.584
90
90
90
90
87.0938
90
90
90
90
90
90
90
90
90
90
90
90
90
90
90
90
90
86.1457
90
90
90
90
90
90
90
90
90
90
90
90
90
90
90
90
85.0586
85.5735
90
90
90
84.438
85.0346
90
90
90
90
90
90
85.4171
90
90
90
90
90
90
90
90
90
90
85.0983
90
90
90
90
90
90
90
90
90
90
90
90
90
90
90
90
90
90
90
90
90
90
90
90
90
90
90
90
90
90
90
90
90
90
90
90
90
90
90
87.3573
90
90
90
90
90
90
90
87.4712
87.1776
90
90
87.2023
87.1112
90
87.4528
90
90
90
90
90
90
90
90
90
86.3689
90
90
90
90
