3.50782
3.03482
3.35595
3.52155
3.4634
3.62084
3.25194
2.75687
2.97616
3.13104
3.18903
3.08499
3.07066
3.67647
3.4016
3.41291
2.96987
3.56437
3.73172
3.03147
3.62363
3.19051
2.64961
3.56616
3.63594
3.24705
3.39565
3.89511
3.56643
3.47707
3.35929
3.72561
3.6238
3.56266
3.12587
3.41327
3.37095
3.34787
3.73052
3.83599
3.18721
3.19139
2.86026
3.07017
3.24996
3.5621
3.66995
3.05581
3.18753
2.84762
3.29802
3.2345
3.56367
3.66409
3.34943
3.24856
2.8113
3.12542
3.62391
3.45843
3.16399
3.94413
3.62893
4.05632
3.16895
3.84006
3.72953
3.61208
3.83515
3.15139
3.24403
3.39715
3.73073
3.07468
3.72232
3.73218
3.4936
3.61009
3.56296
3.4405
3.40385
3.28116
3.06953
3.523
3.02659
3.94413
3.03492
3.94779
3.079
3.2284
3.84228
3.27768
3.83956
3.50086
3.94776
3.83561
3.71594
4.04608
3.23821
3.39746
3.61526
3.71818
3.83711
3.71632
3.17844
3.28374
3.49921
3.94717
3.61102
3.49655
3.72824
3.83779
3.73043
3.84183
3.83809
3.94735
3.84161
3.82619
3.72826
3.9483
3.5179
3.83668
3.51773
3.73014
3.83121
3.40227
3.72932
3.94612
3.94718
2.96327
3.5207
3.40046
3.83918
3.07618
3.84108
3.83921
3.61749
3.94582
3.18051
3.83952
2.85446
3.83931
4.16256
3.51934
3.94756
3.41178
3.7355
3.90408
3.95436
3.95093
2.64769
2.426
3.72319
4.05606
3.62726
3.94565
3.63431
2.9658
3.63105
3.39094
2.9611
4.18017
4.29424
2.64443
2.75542
2.54144
3.07007
3.51235
2.43482
3.08398
3.30065
2.64679
2.85677
2.74883
2.64484
2.31516
2.31609
2.52708
2.53102
2.54048
2.64702
2.96294
2.63646
2.10649
2.31047
3.85191
2.63826
2.53162
2.38633
2.85595
2.31539
2.42975
2.96612
2.32538
2.32855
2.41923
2.3154
2.41827
2.31736
1.90638
2.5351
2.31116
3.85439
3.84993
2.53203
2.11609
1.9771
3.84686
3.85444
2.31512
2.54151
2.00385
2.74778
2.53267
2.43135
3.7633
2.52771
2.31798
2.53514
2.64525
1.95276
2.31765
2.42485
2.31843
2.52532
2.20473
3.85242
2.31665
2.32793
1.97578
2.52278
2.43572
2.7436
2.11174
2.64098
2.63543
2.22073
2.53806
2.54221
2.85247
2.64342
2.4264
2.63652
2.74523
2.8494
2.64171
2.85557
3.39868
2.85532
3.28481
2.95992
2.95985
2.85627
2.96458
2.74786
2.95738
3.72398
2.96431
2.43202
3.61178
2.95766
3.40583
3.39523
3.51894
2.9564
3.61402
3.70341
3.94818
3.28911
3.73043
3.2594
2.95332
3.06903
3.94724
3.83992
4.05745
3.95302
3.08306
4.05722
4.18015
3.62371
3.83415
3.47626
2.96504
3.72667
2.96645
3.06607
2.85778
3.38991
3.80226
3.4019
4.39397
3.83264
3.27447
3.78189
3.68683
