1.37372
1.52182
1.48807
1.37793
1.39213
1.55232
1.54217
1.51756
1.44076
1.4328
1.35189
1.38617
1.49811
1.45046
1.52371
1.51843
1.5236
1.27222
1.33734
1.56455
1.36848
1.35179
1.50842
1.56703
2.08842
1.40364
1.42695
1.51135
1.30755
1.35921
1.40879
1.42502
1.52634
1.43844
1.39042
1.43842
1.5341
1.24153
1.47475
1.37618
1.9605
1.37644
1.32792
1.30952
1.3223
1.35471
1.42401
1.48352
1.5501
1.35991
2.01805
1.44657
1.33884
1.49063
1.43357
1.50814
1.34418
1.42449
1.34748
1.36355
1.38879
1.48443
1.45306
1.38002
1.42099
1.36355
1.44897
1.55616
1.49795
1.46528
1.42098
1.44657
1.457
1.47124
1.56356
1.52548
1.48413
1.50551
1.50767
1.41569
1.52298
1.44012
1.49446
1.47758
1.48106
1.54637
1.47758
1.52946
1.48407
1.47758
1.4737
1.47758
1.60553
1.60962
1.55672
2.20199
1.492
1.66933
1.56756
1.40494
2.12052
1.49302
1.47112
1.56079
1.56591
3.76627
1.47758
3.04972
2.562
1.49297
1.39162
1.63425
1.40494
1.43511
1.5419
1.46072
1.48019
2.2409
1.47758
1.5103
1.36581
1.73807
2.29154
1.39255
1.47762
2.43355
1.5606
1.52161
1.49845
1.69778
1.46345
3.827
1.4505
2.20028
2.60938
1.43673
1.56061
2.25916
1.52429
1.49934
2.07773
1.51708
2.03401
1.41748
2.07658
3.58023
1.47978
1.37621
3.49881
1.48804
2.44524
1.44745
2.22689
1.54626
1.60089
3.83921
3.50813
1.44914
1.38897
1.82212
1.46228
2.10339
1.72194
2.21778
1.90298
1.77448
1.54173
1.67108
1.46091
1.48287
2.00952
1.44712
2.17025
1.56157
1.35683
1.36214
1.5183
1.28501
3.5227
1.45308
1.35176
1.43932
1.46461
1.36983
1.49095
1.32689
1.34381
1.36523
1.33155
1.41935
1.36067
1.43189
1.56429
1.35402
1.39452
1.42331
1.4491
1.33783
1.30273
1.40989
1.40444
1.38372
1.47098
1.39786
1.4393
1.36783
1.52175
1.48314
1.34802
1.52982
1.45443
1.62247
1.60281
1.48633
1.45629
1.56777
1.47691
1.3799
1.4107
1.52104
1.2743
1.50512
1.47
1.57861
1.57554
1.54549
1.70279
1.50983
1.57484
1.55204
1.60731
1.48644
2.05022
1.91609
1.35512
1.31377
1.31393
1.37128
1.53556
1.92813
1.56155
1.48482
1.48719
1.46159
1.41088
1.42494
1.43986
1.45387
1.49951
1.46152
1.3314
1.36771
1.17984
1.81584
1.3616
1.35986
1.47935
1.44514
1.49002
1.53303
1.35182
1.45108
1.56513
1.45354
1.46413
1.48801
1.41438
1.57251
1.48407
1.56291
3.80135
1.61202
1.603
1.68907
1.46175
1.57103
1.5514
1.50977
1.48801
1.58223
1.6315
1.568
1.5005
1.54125
1.49937
1.53801
2.00647
1.47368
1.55122
1.40892
1.64367
1.573
1.55063
1.49288
1.47238
1.63999
