11.779
11.6981
11.859
11.7547
11.7639
11.8768
11.7512
11.9169
11.8869
11.8244
11.6202
11.69
11.4681
11.9778
11.9604
11.9741
12.0008
11.802
11.6475
11.8269
11.6407
11.7427
11.7131
11.9307
11.4921
11.8355
11.9445
11.8111
11.902
11.8869
11.8734
11.895
11.9114
11.9191
11.6871
11.7795
11.6967
11.6215
11.7308
11.699
11.7827
11.7164
11.9104
11.6264
11.9762
11.6171
11.5545
11.9106
11.6563
11.486
11.713
11.4777
11.8148
11.3447
11.6925
11.2042
11.5504
11.0143
11.8855
11.5547
11.8447
11.7573
11.5571
11.717
11.4531
11.7345
11.7286
11.4813
11.9134
11.4829
11.7565
11.4795
11.8136
11.7397
11.8051
11.7939
11.8232
11.6923
11.8014
11.3922
11.653
11.7889
11.7939
11.8007
11.6227
11.7288
11.7895
11.6476
11.6977
11.0421
11.7334
11.2585
11.7617
11.8138
11.7044
11.7856
11.7171
11.7754
11.8107
11.7397
11.4986
11.694
11.6679
11.8038
11.536
11.5135
11.7171
11.7422
11.6851
11.7701
11.7016
11.6883
11.7907
11.797
11.7246
11.7612
11.6557
11.652
11.5887
11.7061
11.6406
11.8103
11.6346
11.6673
11.6888
11.7515
11.6472
11.8557
11.6694
11.804
11.8122
11.7016
11.6784
11.6576
11.7173
11.6583
11.6746
11.6541
11.5106
11.7141
11.6925
11.7275
11.5826
11.6367
11.6421
11.9067
11.6281
11.3638
11.8341
11.6751
11.3311
11.2718
11.6499
11.7279
11.6243
11.7975
11.8758
11.6192
11.8324
11.471
11.6307
11.6677
11.5898
11.504
11.5101
11.4571
11.3493
11.4523
11.417
11.5821
11.5368
11.4312
11.3754
11.2227
11.3674
11.2376
11.3642
11.17
11.323
11.4038
11.3723
11.5824
11.4947
11.1939
11.3702
7.63159
11.3336
11.1973
11.115
11.4618
11.1882
11.3091
11.3289
11.4068
11.2764
11.0754
11.2015
11.3057
11.1026
11.3063
11.4163
11.1019
7.65606
8.41898
11.1926
11.2023
10.9992
7.6479
7.59974
11.2107
11.1635
11.2101
11.1629
11.1542
11.3596
7.68486
11.3281
11.2817
11.2114
11.218
7.0267
11.1621
11.1866
11.2845
11.0287
11.0155
7.68297
11.2388
11.1827
10.9334
11.1416
11.2321
11.3749
11.3159
11.1933
11.1633
11.2227
11.3784
11.3922
11.3133
11.3909
11.335
11.302
11.0978
11.6395
11.3021
11.3888
11.6182
11.3476
11.6515
11.3303
11.6634
11.5169
11.219
11.2976
11.6268
11.5969
11.3416
11.4565
11.7545
11.2634
11.4429
11.4625
11.6051
11.2486
11.3903
11.5121
11.5771
11.6311
11.5843
11.526
11.3015
11.2174
11.6572
11.6124
11.5641
11.5758
11.69
11.765
11.7577
11.5746
11.4775
11.6524
11.399
11.6257
11.6974
11.3409
11.3833
11.4103
11.644
11.6149
11.7083
11.6941
11.7122
11.7449
11.5857
