2646
2517
2568
2639
2589
2701
2622
2537
2507
2707
2506
2604
2454
2634
2548
2665
2640
2640
2527
2556
2643
2604
2374
2605
2550
2561
2605
3062
2482
2622
2584
3010
2950
2591
2412
2519
2420
2428
2478
2420
2485
2450
2391
2402
2409
2986
2550
2451
2429
2430
2433
2396
2566
2502
2889
2399
2697
2267
2306
2420
2345
2393
2785
2970
2338
2526
2939
2458
2576
2466
2415
2496
3068
2381
2514
2451
2516
2456
2980
2414
2473
2335
2480
2465
2356
2504
2406
2508
2431
2346
2399
2446
2991
2550
2342
2941
2959
2970
2463
2429
2410
2372
2959
3114
2374
2550
2463
2484
2918
2415
2423
3025
2396
2930
2890
2446
2436
2514
2444
2479
2380
2866
2500
2462
2466
2472
2943
2919
2876
2555
2451
2652
2488
2408
2569
2558
2537
3122
2540
2647
2583
2558
2483
2614
2538
2834
2434
2617
2763
2550
2410
2364
2500
2438
2535
2644
2629
2394
2388
2361
2400
2477
2428
2476
2498
2301
2366
2274
2300
2362
2309
2313
2467
2328
2305
2151
2279
2366
2455
2214
2232
2428
2236
2105
2077
1720
2088
2007
2013
2317
1913
1979
2276
2110
2151
1838
1767
1833
1730
1753
1773
1672
1371
1356
1712
1526
1540
1252
1225
1623
1853
1570
1633
1599
1568
1963
1650
1847
1667
1959
919
1501
1669
1534
1798
1595
1260
2547
1632
1581
1454
1604
1689
1738
1663
1686
1854
1936
2245
2232
2224
2214
2269
2429
2378
2345
2436
2414
2436
2371
2493
2427
2534
2393
2299
2419
2491
2411
2397
2390
2394
2500
2439
2429
2366
2574
2424
2384
2405
2425
2546
2374
2415
2476
2365
2376
2450
2400
2440
2430
2434
2333
2488
2395
2354
2287
2421
2286
2270
2509
2392
2521
2477
2329
2393
2534
