2.90867
2.8089
2.65025
3.00389
3.02998
2.81335
2.91101
2.82
2.62859
3.00395
2.81015
2.85095
2.5678
2.84892
2.46862
2.90491
2.99987
2.72544
2.85708
2.75461
3.03969
2.56973
2.57203
2.56583
3.13079
3.00458
2.81605
2.85347
2.90893
2.85343
2.63438
2.90504
2.56736
2.7524
2.9102
2.85488
2.6586
2.56259
2.99631
2.71969
3.21255
2.90195
2.72068
2.80989
2.81134
2.99439
2.93776
2.90405
2.89923
3.00109
3.22223
2.80858
2.90061
2.54108
2.99843
2.81456
2.52764
2.62846
2.62462
2.90508
2.81071
2.84305
2.63794
2.93766
2.90884
2.8133
2.55431
3.0011
2.99784
2.99789
2.99744
2.99817
2.99597
2.81228
2.9044
2.90233
2.81612
2.82256
3.0004
2.99738
2.62898
2.71688
2.81408
2.55856
2.84047
2.55939
2.99649
2.55873
2.80835
2.90441
2.99562
2.99747
2.81384
2.99503
2.71545
3.21476
2.62804
3.00313
2.99643
2.99352
3.13242
2.81315
2.83853
2.99818
2.99415
3.26696
2.81032
3.25592
3.231
2.92955
2.90812
3.00313
2.90936
2.90033
2.52228
2.90875
2.80993
3.03488
2.62988
2.91172
2.99846
2.80899
3.03797
3.00121
3.00396
3.22494
2.80831
3.00013
2.8149
2.90506
3.00261
3.2715
3.00419
3.22812
3.23903
3.00741
2.99981
3.22875
2.99998
3.00435
3.2173
2.90477
3.21652
2.90738
3.22009
3.26297
2.99412
2.80986
3.25858
2.90735
3.21566
2.81531
3.13218
2.90195
2.91025
3.26383
3.16807
2.81339
2.99439
2.8056
2.90861
3.22191
2.91064
3.22326
2.93459
2.80724
2.99381
2.34958
2.65196
2.99557
3.20525
2.99709
2.92973
3.00868
2.90143
2.72058
2.90141
2.90069
3.03085
2.80761
2.81516
2.80287
2.71612
2.72194
2.85285
2.82359
2.71607
2.84198
2.646
2.8079
2.71858
2.75032
2.62649
2.7172
2.63051
2.85275
2.5312
2.71753
2.65568
2.71921
2.33318
2.66197
2.53053
2.5465
2.72043
2.64659
2.53132
2.35734
2.53391
2.53157
2.7243
2.53198
2.62808
2.53366
2.52815
2.5313
2.53173
2.56118
2.72478
2.53409
2.06378
2.82127
2.72565
2.05229
2.72722
2.73002
2.53462
2.62677
2.14739
2.82568
2.63645
2.53187
2.8352
2.93698
2.44592
2.52904
2.62428
2.71595
2.90575
3.22775
2.91168
2.80892
2.9009
2.71297
2.81178
2.90691
2.90057
2.99867
2.62588
2.91037
2.90849
2.90299
3.00368
3.02848
2.82002
2.81217
2.90868
2.81215
2.81329
2.85083
2.99813
2.55331
2.91698
2.81487
2.80761
2.91262
2.64069
3.00577
2.64602
2.99818
3.12675
2.99833
2.90191
2.9996
2.81423
2.91721
2.99439
2.8104
2.90737
2.99352
2.81607
2.81296
2.81146
2.80875
2.81473
2.80593
3.22551
2.5311
2.80842
2.816
2.80983
2.90797
2.90822
2.80769
2.99794
2.81215
