102.601
97.207
101.611
103.651
102.83
102.921
101.093
109.45
98.0977
112.685
97.1515
96.5635
113.978
100.722
97.8881
97.0718
114.119
102.431
95.9347
101.578
102.559
110.401
113.605
102.463
109.876
115.21
102.982
101.896
109.596
109.96
96.7915
96.6677
113.497
101.748
114.624
105.108
112.682
102.586
102.178
102.245
102.124
95.5602
97.3123
98.6561
100.372
110.735
103.729
102.173
113.212
113.503
102.147
110.436
103.308
98.7775
96.3791
114.368
101.613
102.451
95.7468
97.1111
114.815
104.028
100.401
98.6419
99.4469
104.332
99.2542
96.1251
111.919
103.427
111.747
95.6422
99.0032
100.079
102.391
98.0682
96.1236
103.272
94.4311
113.541
96.8545
97.7751
97.0406
96.23
97.1962
103.373
98.6026
103.093
97.6866
96.0238
95.6588
102.721
101.453
102.339
112.675
109.587
106.847
99.9265
100.013
113.392
97.5232
113.301
96.9507
112.707
112.037
100.704
96.9574
96.8779
100.333
108.644
103.142
98.3369
100.874
96.6569
95.8977
104.317
102.207
113.368
96.9562
98.8407
99.1623
95.8378
95.5708
96.5985
99.53
96.5032
112.566
102.042
97.0535
102.06
109.35
96.3646
94.9788
114.659
97.1689
112.141
102.828
96.0422
98.2063
101.335
100.875
98.6354
98.4365
97.0188
111.31
109.456
101.364
94.4493
99.5113
100.508
98.4422
97.7186
96.625
99.9413
112.406
100.548
97.9543
97.9981
99.6048
98.8876
96.1992
98.863
110.302
111.854
102.005
101.713
110.244
96.4632
103.395
96.2629
99.7896
96.0152
96.5718
111.303
100.309
103.754
103.257
101.166
98.9735
101.316
104.651
100.326
102.229
101.368
112.932
95.0501
95.1753
110.189
114.443
96.5261
95.5738
100.556
99.1926
114.293
97.9028
97.3175
97.5143
102.597
102.135
97.2276
103.521
97.6623
99.5995
101.07
101.924
96.2741
96.1614
104.386
95.9315
95.6846
96.2216
102.843
99.139
100.006
104.636
95.9438
101.78
102.463
90
98.8817
96.0143
97.6934
100.659
99.7299
98.2213
101.018
95.4135
99.2106
94.7164
95.4091
98.0184
103.808
102.98
98.1372
104.022
101.623
109.397
102.363
99.7402
95.6491
98.5523
113.642
98.3675
98.5946
97.338
103.328
101.207
99.6763
111.896
96.006
98.2977
96.4718
98.1867
100.335
102.703
101.867
97.0199
101.984
100.848
99.0986
101.076
101.249
102.528
96.413
111.386
99.2509
99.9084
107.585
101.375
102.531
99.424
98.3254
95.8454
100.92
100.987
101.611
99.1788
94.5264
104.204
103.238
115.755
96.3999
101.284
114.405
96.2846
102.165
98.254
102.042
99.7722
114.374
101.933
97.6476
109.578
98.2968
97.5105
102.1
98.3359
113.87
99.2186
