4.0207
5.50772
4.0294
3.39275
4.22877
4.43807
4.23157
6.14512
5.81882
4.21341
6.15111
5.92341
4.15069
5.09303
5.93543
5.60082
3.78034
3.92013
6.15278
4.50805
4.02232
5.29948
5.06808
4.02444
6.14179
3.81992
4.13142
4.02809
6.24558
6.33931
5.82236
6.34415
4.13493
4.23282
3.60419
3.49703
5.29678
4.12647
4.03119
4.02756
4.02307
5.91558
5.70009
5.29459
5.28767
6.12829
5.81733
4.4491
4.13656
4.2399
4.12906
5.93962
4.02807
5.83866
6.0465
4.24127
5.08769
4.02093
6.14537
6.2161
4.02947
3.73274
4.44321
5.08764
5.10868
4.23268
5.07486
6.03652
5.29192
4.34992
5.93179
6.24465
5.30182
4.8688
4.02752
5.50319
5.81072
4.32231
6.27297
4.24393
5.93658
5.59415
5.93021
6.14904
6.13937
4.31946
6.03644
4.13271
6.35227
6.13437
6.14343
4.17725
4.20296
4.02526
5.09401
6.35633
4.38423
5.08649
5.41263
4.76607
5.81863
4.13378
5.81267
5.10329
5.30319
5.50626
6.15061
6.35097
4.89254
4.13252
4.03195
5.71473
4.29141
5.93549
6.13999
4.1379
4.08452
4.13044
6.03999
5.29555
5.29241
5.91973
6.14098
6.13908
5.08621
6.1573
5.49166
4.03474
6.24525
4.39716
6.15192
6.12675
6.34473
4.02499
5.70993
5.19755
4.13621
6.14505
5.38595
4.35516
4.87094
5.92861
5.30678
6.14677
6.13468
6.3215
5.08392
6.5603
5.09959
4.53562
5.19282
5.91699
6.02892
5.18959
5.30222
5.40773
5.50726
5.19685
5.20293
5.489
6.13158
5.08506
5.93266
5.29281
4.27449
4.03182
6.14556
6.15451
4.02805
6.25478
5.09201
6.34867
6.23826
5.08659
4.9044
4.02714
6.0423
4.88349
5.28713
4.86055
4.02855
5.28984
4.03188
4.26414
4.97638
6.41361
6.14649
5.81603
4.12811
5.71265
6.13903
5.09653
5.4978
4.12559
5.20664
5.92768
5.91956
4.31898
4.21978
6.15185
4.32787
5.82065
5.39597
5.09193
4.13703
6.14505
5.92778
3.32682
6.14283
6.57458
6.1476
4.03166
5.29706
4.79009
4.02763
5.82752
4.6704
4.13716
6.57036
5.29562
6.13824
6.14366
4.35593
4.98052
5.41864
4.35415
6.265
5.29315
6.57321
6.14808
5.51214
3.997
4.02221
5.62341
3.60995
4.14865
6.26023
4.02694
5.30515
6.24817
5.19094
4.15446
5.40577
5.31341
6.14537
4.13663
4.55439
5.09883
4.79262
6.14362
5.31311
6.26396
5.40866
4.8903
4.24556
4.45976
6.14125
5.08396
4.35567
5.93509
5.08928
4.31579
4.36653
6.13879
5.40915
5.49525
5.30062
4.02686
4.44043
4.13684
5.29607
5.38311
6.25573
4.23174
4.99446
4.24115
5.09447
6.26379
3.72385
4.02243
3.62212
6.14677
4.13806
4.03044
6.15175
4.02952
5.29529
4.24842
5.296
4.1472
4.13832
6.2531
6.25754
5.08488
6.1491
4.13162
5.30366
4.32764
5.28036
