9.37165
9.3563
9.23386
9.36705
9.33818
9.34996
9.25671
9.27957
8.98503
9.28879
9.16504
9.17529
9.37193
9.1559
8.99423
9.23074
9.39702
9.16846
9.33883
9.4382
9.01809
9.3215
9.27344
9.32875
9.13248
9.26688
9.34268
9.31244
9.24927
9.37284
9.42897
9.26636
9.37165
9.17574
9.29153
9.36152
9.25455
9.2431
9.02109
9.32319
9.23558
9.30466
9.34963
9.26251
9.26636
9.10735
9.23913
9.32513
9.3044
9.26636
9.26636
9.26317
9.35338
9.27694
9.36565
9.08076
9.2687
9.14708
9.38811
9.33664
9.51634
9.37603
9.36585
9.46299
9.15195
9.28369
9.44164
9.32859
9.28497
9.17744
9.34733
9.47674
9.23029
9.26192
9.10219
9.4312
9.56567
9.32311
9.26161
9.02083
9.26636
9.34489
9.35894
9.30292
9.34929
9.29502
9.32843
9.21175
9.25995
9.31996
9.32184
9.32843
9.39178
9.25311
9.19325
9.20396
9.33792
9.09654
9.33728
9.14
9.11117
9.25783
9.34731
9.26636
9.42897
9.218
9.29912
9.22916
9.14147
9.14607
9.25953
9.31586
9.01634
9.44164
9.18427
9.09143
9.37603
9.17257
9.39987
9.39832
9.3215
9.4699
9.34844
9.22233
9.30442
9.28854
9.17994
9.24338
9.27254
9.21253
9.38834
9.36928
9.26647
9.28225
9.24404
9.34356
9.31509
9.26636
9.19325
9.20396
9.24492
9.36167
9.25995
9.42897
9.27988
9.02492
9.34844
9.30466
9.27164
9.29878
9.33991
9.40359
9.04281
9.2561
9.15051
9.26636
9.15734
9.23942
9.19246
9.30032
9.21175
9.24712
9.25543
9.23942
9.58945
9.15049
9.3428
9.35679
9.36624
9.11694
9.18427
9.35373
9.34844
9.31653
9.17953
9.38893
9.3812
9.1073
9.17529
9.31834
9.23942
9.21121
9.46856
9.16177
9.19887
9.25953
9.42897
9.15861
9.17046
9.39862
9.52317
9.30561
9.38668
9.31509
9.304
9.29714
9.2561
9.3469
9.25626
9.28416
9.3165
9.34369
9.09784
9.26636
9.39702
9.36562
9.33792
9.01029
9.04807
9.27579
9.3765
9.32642
9.04878
9.08732
9.24029
9.35587
9.37062
9.40411
9.21721
9.10812
8.97074
8.9849
9.08551
9.35353
9.20841
9.00129
9.25583
9.05336
9.16927
9.20961
9.25543
9.23927
9.37148
9.1782
9.33396
9.31125
9.45277
9.34929
9.19246
9.25738
9.62324
9.26844
9.34561
9.08895
8.95714
9.26636
9.30701
9.20171
9.26166
9.33396
9.31058
9.22749
9.16933
9.22697
9.1432
9.0472
9.10691
9.31109
9.33145
9.19246
9.28367
9.36624
9.23364
9.33063
9.26636
9.10951
9.20035
9.3215
9.25045
9.25366
9.34655
9.02289
9.38394
9.19399
9.27145
9.42092
9.3442
9.26108
9.30483
9.43118
9.26266
8.9544
9.21663
9.21234
9.01191
9.11061
9.12896
9.20396
9.07992
9.49092
9.27805
9.16741
9.23029
9.23607
9.332
9.32237
9.36214
9.1346
9.02492
