8.07689
7.47193
8.22261
8.28259
8.09036
8.25764
8.05186
6.94043
7.3706
8.27525
7.048
7.41124
8.07928
7.18113
7.18203
7.42714
8.34275
8.1486
7.05685
8.32556
8.1077
7.69584
7.38063
8.17048
7.05779
8.24066
8.24127
8.07914
6.85742
6.88208
7.55465
6.8243
8.17537
8.09176
8.26891
8.21098
7.49972
8.08765
8.03777
8.26963
8.2249
7.09637
7.47007
7.67969
7.48211
6.77072
7.44098
8.05103
8.28365
8.07928
8.12215
7.42155
8.26221
7.47149
7.11907
8.03403
7.84026
8.15422
7.39484
6.88985
8.23763
8.21762
8.06586
7.57844
7.86725
7.98803
7.80067
7.39604
7.65741
8.10059
7.14208
7.09975
7.55156
8.04249
8.16939
7.50934
7.55212
8.28729
7.3673
8.066
7.11365
7.45205
7.19965
6.81878
6.93471
8.17463
7.25783
8.15614
6.88452
7.18048
7.00648
8.27803
8.17706
8.21695
7.35219
6.84766
8.02175
7.23475
7.73706
7.83849
7.23911
8.26015
7.34664
7.80453
7.58518
7.46167
7.25986
6.87236
7.76691
8.04591
8.29445
7.50027
8.06788
7.17292
6.74368
7.98131
8.20021
8.25149
7.20057
7.56393
7.7972
7.21448
7.18355
6.88051
7.5532
7.34317
7.19121
8.20463
6.80483
8.22333
7.28136
6.7993
6.74266
8.16251
7.25974
7.55975
8.25681
6.89036
7.41565
7.92132
7.92208
6.88782
7.78464
7.12411
6.85093
6.68199
7.57195
6.79741
7.49844
8.30147
7.87999
7.33468
6.97528
7.79733
7.65962
7.55229
7.67098
7.82909
7.73622
6.89728
6.8243
7.34042
7.56631
7.53563
8.11561
8.12542
7.0584
7.24516
8.18961
7.13028
7.39633
6.92444
6.84005
7.66548
7.48665
8.15548
7.11976
7.48895
7.0098
7.71265
8.00979
7.51455
8.31545
7.79653
7.77229
6.88102
7.00272
7.39241
8.11772
7.44865
6.88363
7.77663
7.54269
8.19036
7.90396
7.09788
7.26439
8.26161
8.17115
7.08928
8.05897
7.5053
7.44708
7.203
8.2773
7.21795
7.26305
8.1585
7.04181
6.81039
7.1388
8.06737
7.26957
8.04843
8.20052
7.50963
7.57093
8.28986
6.7834
7.492
7.05804
6.92983
8.16998
7.47659
7.59659
8.0873
7.15037
7.24494
6.79483
6.65905
7.47814
8.19099
8.18469
7.06248
8.19599
8.26221
7.17347
8.22807
7.32396
6.9745
7.68575
8.11385
7.50056
7.57454
7.14786
8.21647
7.96982
7.45769
7.99496
7.0396
7.9139
7.2854
7.69826
7.99544
8.16384
7.97826
6.8445
7.44011
8.22328
7.16949
7.27728
8.26221
8.23106
6.8993
7.50448
7.42854
7.46345
8.2165
7.93813
8.02529
7.57521
7.29187
6.7941
7.76472
7.5191
8.19574
7.84555
7.16172
8.25042
8.26247
8.22837
6.99341
8.22807
8.198
7.04071
8.08515
7.19801
8.15576
7.37211
8.12942
8.23625
6.60853
7.02753
7.88497
7.13483
8.12821
7.89394
8.11319
7.29592
