4398
4357
4503
4536
4513
4487
4582
4676
4536
4820
4544
4471
4667
4483
4455
4597
4709
4568
4526
6778
4309
4752
4709
4443
4651
7252
4599
4395
4713
4631
4495
4516
4798
4474
4648
4478
4706
4437
4382
4430
4429
4426
4432
4523
4551
4720
4531
4499
4722
4810
4517
4762
4477
4476
4492
4807
4470
4552
4472
4560
4768
4479
4492
4525
4585
4521
4493
4382
4697
4427
4658
4469
4496
4463
4497
4598
4578
4658
4470
4746
4439
4522
4446
4532
4504
4694
4504
4382
4581
4587
4480
4586
4429
4445
4719
4676
4517
4399
4478
4739
4563
4597
4498
4714
4734
4494
4562
4558
4416
4647
4559
4496
4475
4491
4498
4538
4514
4817
4444
4486
4412
4464
4393
4434
4491
4524
4643
4371
4397
4469
4749
4364
4372
4670
4624
4650
4404
4498
4472
4478
4499
4498
4547
4395
4580
4693
4461
4360
4392
4489
4524
4509
4326
4516
4607
4494
4557
4348
4437
4393
4458
4386
4706
4724
4565
4428
4620
4571
4489
4491
4393
4448
4532
4549
4436
4537
4641
4430
4424
4505
4525
4477
4371
4523
4665
4391
4406
4619
4622
4470
4569
4551
4581
4858
4526
4336
4467
4524
4500
4601
4542
4556
4478
4500
4431
4419
4370
4332
4442
4485
4389
4495
4508
4340
4490
4526
4383
4275
4404
4476
4371
4492
4426
4451
4441
4471
4499
4460
4363
4401
4443
4621
4379
4392
4478
4435
4682
4434
4533
4383
4443
4583
4405
4429
4510
4414
4246
4410
4746
4480
4369
4491
4522
4369
4547
4385
4410
4563
4503
4455
4437
4488
4555
4513
4602
4475
4547
4519
4422
4439
4386
4411
4450
4423
4428
4334
4448
4312
4449
4313
4630
4369
4383
4704
4364
4342
4376
4496
4487
4627
4380
4347
4699
4367
4378
4534
4368
4600
4427
