7.63194
7.39743
7.40834
7.41587
7.91395
8.22706
7.38897
11.047
7.9162
11.1316
7.91973
7.62887
11.3374
7.81244
7.92558
7.44359
11.2508
7.51259
7.61993
7.91942
7.63471
11.0239
11.5187
7.63593
11.2449
11.579
7.93135
7.43208
11.1282
11.3383
7.62177
7.93969
11.2433
7.59836
11.1841
7.93043
11.5656
7.73779
7.50024
7.61721
7.55683
7.29725
7.61723
7.63287
8.02665
11.2546
9.45304
7.92245
11.2415
11.2667
7.62536
11.4704
7.93682
8.14595
7.63831
11.5191
8.31004
7.62184
7.63379
7.93515
11.6474
7.83899
7.40424
7.39125
7.72674
8.31451
7.61686
7.6239
11.4544
8.21765
11.6297
7.64749
7.69479
7.72783
7.61714
7.63216
7.4312
8.23172
7.41477
11.2719
7.64681
7.62917
7.70859
7.63777
7.89054
8.20627
8.2324
7.92648
8.21063
7.64981
7.53194
7.91475
7.51613
7.62022
11.2375
11.2295
9.24241
7.61871
8.14488
11.5475
7.7307
11.2489
7.60395
11.6349
11.4439
8.32704
7.92245
8.00888
7.72483
9.56181
7.90524
7.91294
7.39109
7.60981
7.53322
8.21176
7.63259
11.2609
7.79705
7.64848
7.80761
7.39499
7.54229
7.73093
7.62228
7.83143
11.4686
7.5353
7.92922
7.9111
11.266
7.64357
7.5195
11.5194
7.53616
11.3496
7.89643
7.60372
7.52483
7.53085
7.91478
8.02068
7.61598
7.90098
11.4794
11.0424
8.12765
7.61814
7.61224
7.61529
7.53191
7.90521
7.64923
7.92289
11.6182
8.22016
7.65096
7.39695
7.82123
7.64611
7.61409
7.3743
11.5309
11.3374
7.72595
7.40103
11.3517
7.79605
7.92862
7.81983
7.64438
7.80797
7.81429
11.0647
7.62796
8.01969
9.39703
7.84005
7.50096
7.94742
8.21657
8.02802
7.63657
7.3992
11.5529
7.62976
7.41499
11.2527
11.5075
7.41687
7.48257
7.99489
7.93911
11.5192
7.40097
7.75061
7.83599
8.0115
7.73375
7.94995
8.20375
7.84012
7.91498
7.91047
7.63287
7.73218
7.49592
7.51204
7.60605
7.93043
7.7041
7.71024
7.636
7.63009
8.31077
7.39121
7.82817
7.80166
7.52607
7.63716
7.62547
8.01594
7.4312
7.54454
7.61379
7.5035
7.62022
7.64276
7.69439
7.40914
7.61899
8.02311
7.79523
7.64303
7.70352
7.54766
11.3119
7.63379
7.81954
7.62796
7.50257
11.2583
7.61224
7.60304
7.98633
8.02958
7.71249
7.642
11.2193
7.62489
7.62148
7.91683
7.6237
7.8063
7.92614
7.81266
7.82687
8.24262
7.5074
8.23148
7.93851
7.60234
8.0245
7.68972
11.2868
7.91513
7.90802
9.23492
7.63444
7.70417
7.81073
7.51725
7.64686
7.22776
7.91414
7.60923
7.62991
7.3977
7.9003
7.91004
11.5618
7.71563
7.42161
11.4696
7.70252
7.51533
7.38363
7.72808
7.83539
11.5135
7.61956
8.02781
11.2564
7.38458
8.03039
7.61658
7.61697
11.5079
7.64859
