5.12958
5.12958
5.12958
5.1357
5.1357
5.1357
5.1357
5.1357
5.1357
5.1357
5.1357
5.1357
5.1357
5.1357
5.1357
5.37047
5.37047
5.37047
5.38887
5.38887
5.38887
5.38887
5.38887
5.38887
5.38887
5.38887
5.38887
5.38887
5.38887
5.38887
5.38887
5.38887
5.38887
5.38887
5.38887
5.38887
5.38887
5.38887
5.38887
5.38887
5.38887
5.38887
5.38887
5.38887
5.38887
5.38887
5.38887
5.38887
5.38887
5.38887
5.38887
5.38887
5.38887
5.38887
5.38887
5.38887
5.38887
5.38887
5.38887
5.38887
5.38887
5.38887
5.38887
5.38887
5.38887
5.38887
5.38887
5.38887
5.38887
5.38887
5.38887
5.38887
5.38887
5.38887
5.38887
5.38887
5.38887
5.38887
5.38887
5.38887
5.38887
5.38887
5.38887
5.38887
5.38887
5.38887
5.38887
5.38887
5.38887
5.38887
5.38887
5.38887
5.38887
5.38887
5.38887
5.38887
5.38887
5.38887
5.38887
5.38887
5.38887
5.38887
5.38887
5.38887
5.38887
5.38887
5.38887
5.38887
5.38887
5.38887
5.38887
5.38887
5.38887
5.38887
5.38887
5.38887
5.38887
5.38887
5.38887
5.38887
5.38887
5.38887
5.38887
5.38887
5.38887
5.38887
5.38887
5.38887
5.38887
5.38887
5.38887
5.38887
5.38887
5.38887
5.38887
5.38887
5.38887
5.38887
5.38887
5.38887
5.38887
5.38887
5.38887
5.38887
5.38887
5.38887
5.38887
5.38887
5.38887
5.38887
5.38887
5.38887
5.38887
5.38887
5.38887
5.38887
5.38887
5.38887
5.38887
5.38887
5.38887
5.38887
5.38887
5.38887
5.38887
5.38887
5.38887
5.38887
5.38887
5.38887
5.38887
5.38887
5.38887
5.38887
5.38887
5.38887
5.38887
5.38887
5.38887
5.38887
5.38887
5.38887
5.38887
5.38887
5.38887
5.38887
5.38887
5.38887
5.38887
5.38887
5.38887
5.38887
5.38887
5.38887
5.38887
5.38887
5.38887
5.39494
5.39494
5.39494
5.39494
5.39494
5.39494
5.39494
5.39494
5.39494
5.39494
5.39494
5.39494
5.39494
5.39494
5.39494
5.39494
5.39494
5.39494
5.39494
5.39494
5.39494
5.39494
5.39494
5.39494
5.39494
5.39494
5.39494
5.39494
5.39494
5.40393
5.40393
5.40393
5.40393
5.40393
5.40393
5.40393
5.40393
5.40393
5.40393
5.40393
5.40393
5.40393
5.40393
5.40393
5.42401
5.42401
5.42401
5.42401
5.42401
5.42401
5.42401
5.46291
5.46291
5.46291
5.46291
5.47128
5.47128
5.47128
5.47128
5.47128
5.47128
5.47128
5.47128
5.47128
5.47128
5.47128
5.47128
5.47128
5.47128
5.47128
5.58242
5.58242
5.58242
5.58242
5.58242
5.58242
5.58242
5.58242
5.58242
5.58242
5.58242
5.58242
5.58242
5.58242
5.58242
5.58242
5.58242
5.58242
5.58242
5.58242
5.58242
5.58242
5.58242
5.58242
5.58242
5.58242
5.58242
5.58242
5.58242
5.58242
