7.52656
7.75
7.75
7.75
7.8
7.8
7.8
7.8
7.8
7.8
7.8
7.8
7.8
7.8
7.8
7.8
7.825
7.825
7.825
7.825
7.825
7.825
7.825
7.825
7.825
7.825
7.825
7.825
7.95469
7.95469
7.95469
7.95469
7.95469
7.95469
7.95469
7.95469
7.95469
7.95469
7.95469
7.95469
7.95469
7.95469
7.95469
7.95469
7.95469
7.95469
7.95469
7.95469
7.95469
7.95469
7.95469
7.95469
7.95469
7.95469
7.95469
7.95469
7.95469
7.95469
7.95469
7.95469
7.95469
7.95469
7.95469
7.95469
7.95469
7.95469
7.95469
7.95469
7.95469
7.95469
7.95469
7.95469
7.95469
7.95469
7.95469
7.95469
7.95469
7.95469
7.95469
7.95469
7.95469
7.95469
7.95469
7.95469
7.95469
7.95469
7.95469
7.95469
7.95469
7.95469
7.95469
7.95469
7.95469
7.95469
7.95469
7.95469
7.95469
7.95469
7.95469
7.95469
7.95469
7.95469
7.95469
7.95469
7.95469
7.95469
7.95469
7.95469
7.95469
7.95469
7.95469
7.95469
7.95469
7.95469
7.95469
7.95469
7.95469
7.95469
7.95469
7.95469
7.95469
7.95469
7.95469
7.95469
7.95469
7.95469
7.95469
7.95469
7.95469
7.95469
7.95469
7.95469
7.95469
7.95469
7.95469
7.95469
7.95469
7.95469
7.95469
7.95469
7.95469
7.95469
7.95469
7.95469
7.95469
7.95469
7.95469
7.95469
7.95469
7.95469
7.95469
7.95469
7.95469
7.95469
7.95469
7.95469
7.95469
7.95469
7.95469
7.95469
7.95469
8.01718
8.01718
8.01718
8.01718
8.01718
8.01718
8.01718
8.01718
8.01718
8.01718
8.01718
8.01718
8.01718
8.01718
8.01718
8.01718
8.01718
8.01718
8.01718
8.01718
8.01718
8.01718
8.01718
8.01718
8.01718
8.01718
8.01718
8.01718
8.01718
8.01718
8.01718
8.01718
8.01718
8.01718
8.01718
8.01718
8.01718
8.01718
8.01718
8.01718
8.01718
8.01718
8.01718
8.01718
8.01718
8.01718
8.01718
8.01718
8.01718
8.01718
8.01718
8.01718
8.01718
8.01718
8.01718
8.01718
8.01718
8.01718
8.01718
8.01718
8.01718
8.01718
8.01718
8.01718
8.01718
8.01718
8.01718
8.01718
8.01718
8.01718
8.01718
8.01718
8.01718
8.01718
8.01718
8.01718
8.01718
8.01718
8.01718
8.01718
8.01718
8.01718
8.01718
8.01718
8.01718
8.01718
8.01718
8.01718
8.01718
8.01718
8.01718
8.01718
8.04062
8.04062
8.04062
8.04062
8.04062
8.04062
8.04062
8.04062
8.04062
8.04062
8.04062
8.04062
8.04062
8.04062
8.05
8.05
8.05
8.05
8.05
8.05
8.05
8.05
8.05
8.05
8.05
8.05
8.05
8.05
8.05
8.05
8.05
8.05
8.05
8.05
8.05
8.05
8.05
8.05
8.05
8.05
8.05
8.05
8.05
8.05
