5.5502
5.64152
5.64152
5.9937
5.9937
5.99635
5.99635
5.99635
5.99635
5.99635
5.99635
5.99635
5.99635
5.99635
5.99635
5.99794
5.99794
5.99794
5.99794
5.99794
6.00059
6.00059
6.00059
6.00059
6.00059
6.00059
6.00059
6.00059
6.00059
6.00059
6.00059
6.00059
6.00059
6.00059
6.00059
6.00059
6.00059
6.00059
6.00059
6.00059
6.00059
6.00059
6.00059
6.00059
6.00059
6.00059
6.00059
6.00059
6.00059
6.00059
6.00059
6.00059
6.00846
6.0143
6.0143
6.0143
6.0143
6.0143
6.0143
6.0143
6.0143
6.0143
6.0143
6.0143
6.0143
6.0143
6.0143
6.0143
6.0143
6.0143
6.0143
6.0143
6.0143
6.0143
6.0143
6.186
6.18649
6.18649
6.18649
6.18649
6.18649
6.18649
6.18649
6.18649
6.18649
6.18649
6.18649
6.18649
6.18649
6.18649
6.18649
6.18649
6.18649
6.18649
6.18649
6.18649
6.18698
6.18698
6.18698
6.18698
6.18698
6.18698
6.18698
6.18698
6.18698
6.18698
6.18698
6.18698
6.18698
6.18698
6.18957
6.18957
6.18957
6.18957
6.18957
6.18957
6.18957
6.18957
6.18957
6.18957
6.18957
6.18957
6.18957
6.18957
6.18957
6.18957
6.18957
6.18957
6.18957
6.18957
6.18957
6.18957
6.18957
6.18957
6.19928
6.19928
6.19928
6.19928
6.19928
6.19928
6.19928
6.19928
6.19928
6.19928
6.19928
6.19928
6.19928
6.26914
6.26914
6.26914
6.26914
6.26914
6.26914
6.26914
6.26914
6.26914
6.26914
6.26914
6.26914
6.26914
6.27015
6.27015
6.27015
6.27015
6.27015
6.27015
6.27015
6.27015
6.27015
6.27322
6.27322
6.2911
6.2911
6.2911
6.2911
6.2911
6.2911
6.2911
6.2911
6.2911
6.2911
6.2911
6.2911
6.2911
6.2911
6.2911
6.2911
6.2911
6.2911
6.2911
6.2911
6.2911
6.2911
6.2911
6.2911
6.2911
6.2911
6.2911
6.2911
6.2911
6.2911
6.2911
6.2911
6.2911
6.2911
6.2911
6.2911
6.2911
6.2911
6.2911
6.2911
6.2911
6.2911
6.2911
6.2911
6.2911
6.2911
6.2911
6.2911
6.2911
6.2911
6.2911
6.2911
6.2911
6.2911
6.2911
6.2911
6.2911
6.2911
6.2911
6.2911
6.2911
6.2911
6.2911
6.2911
6.2911
6.2911
6.2911
6.2911
6.2911
6.2911
6.2911
6.2911
6.2911
6.2911
6.2911
6.2911
6.2911
6.2911
6.2911
6.2911
6.2911
6.2911
6.2911
6.2911
6.2911
6.2911
6.2911
6.2911
6.2911
6.2911
6.2911
6.2911
6.2911
6.2911
6.2911
6.2911
6.2911
6.2911
6.2911
6.2911
6.2911
6.2911
6.29343
6.29343
6.29343
6.29343
6.29343
6.29343
6.29343
6.29343
6.29343
6.29343
6.29343
6.29343
6.29343
6.29343
6.29343
6.29343
6.29343
6.29343
6.29343
6.29343
6.29343
6.29343
6.29343
6.29343
