90
96.1116
86.9046
93.8786
87.1151
83.9202
90
87.3457
84.1529
90
94.3938
90
84.7788
94.9012
84.1566
95.0647
93.867
83.5995
87.1238
86.0252
86.3042
90
95.4924
90
87.1151
93.5255
87.0496
85.5412
85.5233
85.2695
85.4935
86.898
86.8935
84.7102
90
85.2889
95.046
87.1506
84.6542
95.0742
87.2915
93.1477
94.124
90
90
86.1611
90
94.4399
87.0497
87.1556
90
90
90
85.5012
86.6491
87.0413
84.0219
90
90
82.7164
84.9481
83.4092
84.6994
87.2759
84.7586
90
86.5847
87.3616
85.2199
87.1687
90
85.1802
90
90
86.3922
87.3241
86.683
90
94.9737
90
90
85.2226
87.073
86.4689
90
85.213
86.8588
85.2625
90
90
86.0034
90
90
94.7399
90
93.8523
86.6918
85.9618
85.7579
90
90
90
86.2025
84.7834
90
85.6971
90
85.7505
87.1564
94.0711
86.6661
90
95.3292
86.0762
95.3491
87.1602
85.9989
94.5974
87.0794
87.0362
94.4758
86.0441
87.3613
90
90
90
94.4111
90
85.9625
90
84.9269
86.2302
86.9283
90
86.4156
84.9247
90
95.1365
87.3435
90
93.7291
87.0916
86.9726
86.425
90
90
90
93.7106
90
85.1384
93.5766
86.9271
85.4497
90
90
90
90
90
93.7725
90
90
87.4642
90
86.1646
86.8449
93.7534
94.3985
90
84.6002
87.455
90
85.224
85.2341
90
90
84.8411
84.4063
84.9091
93.9424
85.5997
90
84.7183
85.0174
90
90
90
93.2515
90
90
90
84.9108
90
86.8179
84.9462
87.0818
90
90
95.6415
90
94.9643
94.3456
85.3563
90
92.879
90
84.95
90
90
90
84.736
85.4775
94.0382
90
94.2155
90
92.7499
93.365
90
90
90
85.2114
90
90
90
94.059
92.71
93.7542
86.2838
90
90
84.7525
90
85.2938
90
90
92.7633
90
93.2585
92.6718
90
94.3152
90
86.8591
90
87.0577
90
90
90
90
93.2135
84.5502
90
90
85.8444
87.2819
90
90
90
85.2014
90
85.8903
90
90
90
93.1048
86.9636
90
90
87.1313
92.8143
93.6302
93.0234
93.0748
86.6218
90
