1.57769
0.673418
4.27901
1.60229
4.18221
4.26101
4.08086
4.09854
4.27764
1.47308
1.09446
1.66952
4.06779
1.54436
4.27202
0.996296
1.66687
4.39249
4.28869
4.64565
4.63797
2.13296
0.662212
4.28485
4.38506
1.69899
4.0349
4.75712
4.85926
4.9772
4.97687
4.38254
4.37608
5.19759
3.83931
4.86225
1.22006
4.27391
5.30757
1.11749
4.22108
1.96195
1.21823
2.67073
3.81332
4.49297
2.08177
0.99666
4.13219
4.27268
1.58885
3.83557
2.07547
4.96943
4.38839
4.33227
4.43731
3.71985
2.07531
3.77029
5.19154
3.77122
4.0591
4.22907
5.08173
2.0844
4.33112
3.83678
5.09162
4.27335
3.61398
5.20013
2.47637
1.65381
4.3928
3.94517
4.27945
4.03245
1.49194
2.67463
3.8152
5.08481
4.0423
4.76521
3.91383
5.0852
4.39803
4.97692
3.73734
3.71855
4.75952
3.6417
3.74766
1.5612
3.63307
1.69491
4.18359
4.28039
4.8611
4.17892
3.6217
3.62646
4.86759
4.97676
3.72815
4.48331
4.00268
4.86516
3.94873
1.68527
4.38803
3.85969
1.28162
4.63972
1.68051
4.18105
4.75795
1.09781
4.49804
4.42211
1.67161
4.65051
4.28065
2.71849
3.78527
3.42118
1.67684
3.83023
4.4955
3.72517
4.17071
4.16374
4.29177
3.96677
4.49881
4.63923
2.49948
0.895668
4.28943
4.06906
1.67848
3.72399
4.86174
4.28965
3.72025
3.96162
1.57277
1.67681
3.96258
4.64397
1.67409
4.28255
3.85808
3.90536
3.93509
1.68403
2.50081
1.58004
1.66316
2.49826
3.61786
3.96137
3.61053
4.17969
3.93941
1.6687
1.57842
3.71895
3.83105
3.96199
3.71945
3.85231
3.85783
3.61872
3.74622
3.96019
4.06646
3.96593
1.47373
3.51919
3.85537
3.96102
3.85302
1.47112
2.50407
2.19159
1.95216
2.00183
1.23738
1.37247
3.9599
3.95721
3.64049
3.72067
3.64218
1.16059
1.6635
1.06018
1.47154
1.43379
1.66744
3.31506
2.19315
1.3365
1.16252
3.85692
1.67334
2.50237
1.57635
3.95999
3.74571
1.67661
2.50271
1.67518
3.96288
2.19197
1.97538
2.59993
3.94026
3.96848
3.85668
2.60523
3.74387
3.96507
1.67041
2.19357
1.477
3.96293
3.92361
3.63246
3.85769
3.72637
3.96649
3.85756
3.96488
1.68362
3.718
1.69103
2.07869
3.85348
1.56918
3.75237
3.21254
3.6188
4.39628
2.71428
3.72635
2.17084
3.62611
1.88138
4.06767
3.85501
3.9382
3.63214
4.04499
3.92621
3.86021
3.85453
4.04114
3.86564
3.62384
4.04467
1.59091
3.62497
1.8815
4.0694
3.6182
1.47949
4.05022
2.16756
1.56331
1.90908
1.88122
3.62422
1.79081
