10.4355
11.7837
11.7683
10.3955
11.6026
11.2082
11.7061
11.7649
11.7833
10.287
11.8454
10.757
11.4733
10.242
11.7048
11.9086
10.6929
11.6673
11.7141
11.7378
11.8203
11.8712
11.7622
11.7241
11.6217
10.5896
10.7791
11.8301
11.7824
11.8417
11.8538
11.7673
11.6549
11.7763
10.853
11.7978
11.8112
11.6962
11.7486
11.786
11.8326
10.4329
11.7752
11.8138
10.8238
11.7486
10.4441
11.7837
11.7956
11.6614
10.4983
11.2004
10.3701
11.7759
11.7073
11.8126
11.8014
10.8325
10.3897
7.74615
11.7808
8.13553
11.2129
11.7646
11.7867
10.576
11.8088
10.907
11.8566
11.7466
10.7147
11.8145
11.8135
10.2069
11.717
10.9965
11.7136
11.0876
10.384
11.7932
10.8514
11.8246
10.9634
11.8128
11.793
11.7784
11.7725
11.8026
11.4928
10.9993
11.8243
11.2506
11.6977
10.5437
11.1212
10.5764
11.8057
11.6743
11.7708
11.655
11.0725
11.1231
11.7635
11.7549
11.1537
11.6643
11.939
11.7757
11.3446
10.6974
11.7987
11.6766
10.29
11.809
10.7737
11.7448
11.7795
11.8985
11.7194
11.78
10.3992
11.8308
11.6635
11.8463
11.8246
11.4704
10.5874
11.2328
11.7998
11.2248
11.7915
11.7569
11.8393
11.5038
11.8355
11.9584
11.6383
11.8205
11.6355
11.7775
10.295
10.9237
11.9046
11.722
10.8086
11.7475
10.7153
10.367
11.4257
11.8212
10.7336
11.8081
11.7731
11.8887
11.0894
10.4977
11.7332
10.4481
10.2536
11.7298
10.7768
11.864
11.0543
11.4741
11.1077
10.2788
10.0959
10.748
10.7809
11.6692
10.8122
11.7948
11.81
11.0038
11.7365
11.4405
11.6166
11.6599
10.4466
11.2472
11.7659
11.798
11.8678
10.5567
11.7457
9.14453
9.41102
9.68643
11.2104
10.0949
11.5828
11.6195
11.5948
10.9644
11.7608
10.4242
10.0952
10.4093
10.0437
10.2521
9.58981
11.2891
9.69534
10.087
10.3115
11.7347
10.4431
11.6246
10.1199
11.8112
11.7948
10.2287
11.7279
10.3086
11.654
11.5579
10.3861
11.687
11.0687
11.8258
11.8154
11.6454
11.5806
11.7408
10.2199
11.6395
11.6142
11.6905
10.9977
11.2668
11.793
10.821
11.6182
11.6235
11.7165
11.6685
10.6172
11.6867
11.2019
11.6368
10.2999
11.69
11.2449
11.1046
11.6782
11.6801
10.7734
10.9438
10.5877
10.1774
11.5096
11.7018
10.9688
10.7174
10.8093
10.621
11.6941
11.6189
10.7322
11.7044
10.8358
10.8028
10.2498
11.1832
10.4544
11.7033
10.8636
10.1284
10.3528
10.4251
11.378
10.3266
10.4618
10.819
10.3043
