1992
2089
2254
1998
2291
2199
2243
2231
2129
1947
2094
1954
2215
2029
2253
2049
2072
2201
2259
2407
2362
2085
1997
2279
2450
2085
2363
2553
2373
2451
2385
2368
2246
2234
2139
2301
2103
2211
2172
2004
2129
1949
1995
2035
2146
2152
1861
1883
2113
2156
1772
1836
1781
2136
2005
2117
2009
1882
1665
1332
2504
1395
1826
2261
2047
1634
2063
2015
2193
2146
2160
2352
1934
1850
2189
2121
2203
2198
1932
2048
2287
2450
2246
2460
2330
2357
2409
2412
2310
2302
2459
2428
2384
2115
2310
2006
2276
2302
2799
2353
2256
2385
2415
2646
2320
2360
2376
2478
2417
2159
2236
2328
2054
2759
2401
2644
2738
2046
2503
2507
2119
2452
2472
2438
2439
2326
2198
2280
2397
2454
2252
2319
2477
2398
2368
2434
2391
2164
2444
2580
2111
2232
2458
2382
2254
2445
1951
2118
2250
2284
2113
2409
2457
2367
2387
1960
2343
2037
2000
2316
2124
2352
2209
2094
2229
2018
1928
2182
1982
2087
2108
2160
1991
2039
2142
2350
2719
2118
1906
2046
2016
1987
1916
1745
1827
1492
1734
1583
1676
1690
1746
1943
1947
1763
2008
1662
1658
1745
1608
1671
1631
1816
1563
1641
1615
2410
1641
1898
1711
1903
2044
1847
1974
2045
2209
2270
1956
2171
2178
2218
2117
2183
2261
2351
2053
2305
2207
2123
2261
2171
2190
2254
2088
2277
2186
2258
2289
2333
2101
2306
1980
2286
2207
2318
2356
2385
2243
2163
2206
2141
2190
2306
2271
2182
2284
2436
2308
2300
2217
2379
2223
2310
2102
2344
2017
2267
2282
1891
2031
2065
2003
2080
2066
2061
1954
