2.05928
3.19689
3.00621
3.01188
3.0128
1.8734
3.30657
3.0077
1.86425
1.96981
2.9148
1.97114
1.97091
3.30089
1.87626
3.10715
3.11243
1.77489
3.11162
3.01444
3.11093
3.10666
2.92419
3.29992
3.21373
3.00381
2.9238
2.91213
3.01428
3.01737
3.10833
3.10711
3.11101
3.01693
2.9125
2.91774
3.30583
3.10959
3.10885
3.21054
3.10152
3.10942
2.91628
3.20322
3.10845
2.91628
2.91797
2.82658
2.91635
3.11388
2.16998
3.01444
2.72274
3.11637
3.01745
3.11121
1.96569
2.82306
2.91768
1.79019
3.10867
1.89124
1.97847
3.10955
2.9192
2.91865
2.92166
2.83156
3.10867
3.11147
3.1153
3.20771
2.919
2.15425
2.91524
2.91727
2.92166
3.10688
3.2993
3.29941
3.2102
3.10833
2.92117
3.30735
3.11071
3.11247
3.10589
3.02067
2.82141
3.29674
3.10724
3.11199
3.10065
3.30967
2.83885
3.11927
2.81876
2.63207
3.11491
3.31301
3.29939
3.11673
3.30596
2.83033
3.00966
2.72803
3.20815
3.1152
2.82172
3.20803
3.01341
3.11541
3.20135
3.01976
3.69803
3.01588
3.11009
3.0114
3.30224
3.20233
3.29963
3.01422
3.20561
3.40453
3.30253
3.01516
3.31028
3.01955
2.82972
3.01413
2.07714
2.61439
3.02112
3.11823
3.01602
2.51511
3.11541
3.02073
3.20969
3.21421
3.02046
2.61404
3.60256
2.82495
3.01642
3.01319
1.88002
3.02148
3.12153
2.63306
3.01588
3.01474
1.98416
3.02138
3.01917
2.43766
3.01865
1.78371
3.01537
3.29311
2.8246
2.91054
2.91505
2.64124
2.71486
3.01734
3.13157
3.02207
1.79293
2.92466
3.02076
1.88138
1.88855
2.92444
3.11756
1.89442
1.79099
1.88843
2.91361
1.78822
2.92122
1.77968
1.78371
2.14979
1.65632
1.69516
3.02143
1.47894
1.96842
1.79491
1.89684
3.01666
2.35125
1.78141
2.44313
1.95789
2.54011
3.11668
2.45387
3.21479
3.12492
1.48111
1.96784
2.35105
1.88747
1.78298
1.47815
1.8911
1.79537
1.78359
1.87985
3.12085
1.78893
3.1948
3.02024
3.30225
3.19673
3.11527
3.11506
3.00447
1.87707
2.06908
3.2933
3.19289
3.12085
3.29545
3.00117
2.44432
3.30005
3.02751
1.69151
3.28698
2.0536
3.00575
3.00476
2.81002
3.29152
3.02176
3.12418
3.1964
3.12357
3.19653
1.97844
3.29514
3.19579
3.20906
3.11463
3.02399
3.2988
3.02418
1.87154
3.02014
3.29978
2.07476
3.01863
3.20298
3.00148
3.19178
2.23924
3.19558
2.06673
3.2049
1.87948
3.20201
3.01565
2.82778
3.20381
1.68109
3.01265
3.19253
3.00703
2.99993
3.00517
2.34694
2.61964
