96.3137
96.0219
96.0067
95.7455
95.7455
95.9579
96.0607
96.0531
96.0556
96.0556
96.0556
96.0556
96.0556
96.0556
96.0556
96.0556
96.0556
96.0556
96.0556
96.0872
96.0872
96.0872
96.0513
96.0513
96.0513
96.0513
96.055
96.055
96.055
96.055
96.055
96.055
96.055
96.055
96.055
96.055
96.055
96.055
96.055
96.055
96.055
96.018
96.018
96.018
96.018
96.018
96.018
96.0693
96.0693
96.0693
96.0693
96.0693
96.0693
96.0693
96.0693
96.0693
96.0693
96.0693
96.0693
96.0693
96.0693
96.0693
96.0693
96.0693
96.0693
96.0693
96.0693
96.083
96.083
96.083
96.083
96.083
96.083
96.083
96.083
96.083
96.0821
96.0815
96.0815
96.0815
96.0815
96.0815
96.0815
96.0815
96.0808
96.0808
96.0773
96.0773
96.0773
96.0773
96.0773
96.0773
96.0773
96.0773
96.0773
96.0773
96.0773
96.0773
96.0773
96.0773
96.0773
96.0773
96.0773
96.0773
96.0773
96.0773
96.0773
96.0773
96.0773
96.0773
96.0773
96.0261
96.0261
96.0261
96.0261
96.0261
96.0261
96.022
96.022
96.022
96.022
96.022
96.022
96.022
96.022
96.022
96.022
96.022
96.022
96.022
96.022
96.022
96.022
96.022
96.022
96.022
96.022
96.022
96.022
96.022
96.022
96.022
96.022
96.022
96.022
96.022
96.022
96.022
96.022
96.022
96.022
96.022
96.022
96.022
96.022
96.022
96.022
96.022
96.022
96.022
96.022
96.022
96.022
96.022
96.022
96.022
96.022
96.022
96.022
96.022
96.022
96.022
96.022
96.022
96.022
96.022
96.022
96.022
96.022
96.022
96.022
96.022
96.022
96.022
96.022
96.022
96.022
96.022
96.022
96.022
96.022
96.022
96.022
96.022
96.022
96.022
96.022
96.022
96.022
96.022
96.022
96.022
96.022
96.022
96.022
96.022
96.022
96.022
96.022
96.022
96.022
96.022
96.022
96.022
96.022
96.022
96.022
96.022
96.022
96.022
96.022
96.022
96.022
96.022
96.022
96.022
96.022
96.022
96.022
96.022
96.022
96.022
96.022
96.022
96.022
96.022
96.022
96.022
96.022
96.022
96.022
96.022
96.022
96.022
96.022
96.022
96.022
96.022
96.022
96.022
96.022
96.022
96.022
96.022
96.022
96.022
96.022
96.022
96.022
96.022
96.022
96.022
96.022
96.022
96.022
96.022
96.022
96.022
96.022
96.022
96.022
96.022
96.022
96.022
96.022
96.022
96.022
96.022
96.022
96.022
96.022
96.022
96.022
96.022
96.022
96.022
96.022
96.022
96.022
96.022
96.022
96.022
96.022
96.022
96.022
96.022
