5.59525
5.69891
5.70489
5.80905
5.80905
5.80905
5.80905
5.80905
5.80905
5.80905
5.80905
5.80905
5.80905
5.80905
5.80905
5.80905
5.80905
5.80905
5.80905
5.80905
5.80905
5.80905
5.82339
5.82339
5.82339
5.82339
5.82339
5.82339
5.82339
5.82339
5.82339
5.82339
5.82339
5.82339
5.82339
5.82339
5.82339
5.82339
5.82339
5.82339
5.82339
5.83818
5.83818
5.83818
5.83818
5.83818
5.83818
5.83818
5.83818
5.83818
5.83818
5.83818
5.83818
5.83818
5.83818
5.83818
5.83818
5.83818
5.83818
5.83818
5.83818
5.83818
5.83818
5.83818
5.83818
5.83818
5.83818
5.83818
5.83818
5.83818
5.83818
5.83818
5.83818
5.83818
5.83818
5.83818
5.83818
5.83818
5.83818
5.83818
5.83818
5.83818
5.83818
5.83818
5.83818
5.83818
5.83818
5.83818
5.83818
5.83818
5.83818
5.83818
5.83818
5.83818
5.83818
5.83818
5.83818
5.83818
5.83818
5.83818
5.83818
5.83818
5.83818
5.83818
5.83818
5.83818
5.83818
5.83818
5.83818
5.83818
5.83818
5.83818
5.83818
5.83818
5.83818
5.83818
5.83818
5.83818
5.83818
5.83818
5.83818
5.83818
5.83818
5.83818
5.83818
5.83818
5.83818
5.83818
5.83818
5.83818
5.83818
5.83818
5.83818
5.83818
5.83818
5.83818
5.83818
5.83818
5.83818
5.83818
5.83818
5.83818
5.83818
5.83818
5.83818
5.83818
5.83818
5.83818
5.83818
5.83818
5.83818
5.83818
5.83818
5.83818
5.83818
5.83818
5.83818
5.83818
5.83818
5.83818
5.83818
5.83818
5.83818
5.83818
5.83818
5.83818
5.83818
5.83818
5.83818
5.83818
5.83818
5.83818
5.83818
5.83818
5.83818
5.83818
5.83818
5.83818
5.83818
5.83818
5.83818
5.83818
5.83818
5.83818
5.83818
5.83818
5.83818
5.83818
5.83818
5.83818
5.83818
5.83818
5.83818
5.83818
5.83818
5.83818
5.83818
5.83818
5.83818
5.83818
5.83818
5.83818
5.83818
5.83818
5.83818
5.83818
5.83818
5.83818
5.83818
5.83818
5.83818
5.83818
5.83818
5.83818
5.83818
5.83818
5.83818
5.83818
5.83818
5.83818
5.83818
5.83818
5.83818
5.83818
5.83818
5.83818
5.83818
5.83818
5.83818
5.83818
5.83818
5.83818
5.83818
5.83818
5.83818
5.83818
5.83818
5.83818
5.83818
5.83818
5.83818
5.83818
5.83818
5.83818
5.83818
5.83818
5.83818
5.83818
5.83818
5.83818
5.83818
5.83818
5.83818
5.83818
5.83818
5.83818
5.83818
5.83818
5.83818
5.83818
5.83818
5.83818
5.83818
5.83818
5.83818
5.83818
5.83818
5.83818
5.83818
5.83818
5.83818
5.83818
5.83818
5.83818
5.83818
5.83818
5.83818
5.83818
5.83818
5.83818
5.83818
5.83818
5.83818
5.83818
5.83818
5.83818
5.83818
5.83818
5.83818
5.83818
5.83818
5.83818
5.83818
5.83818
5.83818
5.83818
