9.88594
9.88594
9.88594
9.97344
10.1219
10.1219
10.1219
10.1219
10.1516
10.3109
10.3109
10.3109
10.3109
10.3109
10.3766
10.3766
10.3766
10.3766
10.3766
10.3766
10.3766
10.3766
10.3766
10.3766
10.3766
10.3766
10.3766
10.3766
10.3766
10.3766
10.3766
10.3766
10.3766
10.3766
10.3766
10.3766
10.3766
10.3766
10.3766
10.3766
10.3766
10.3766
10.3766
10.3766
10.3766
10.3766
10.3766
10.3766
10.3766
10.3766
10.3766
10.3766
10.3766
10.3766
10.3766
10.3766
10.3766
10.3766
10.3766
10.3766
10.3766
10.3766
10.3766
10.3766
10.3766
10.3766
10.3766
10.3766
10.3766
10.3766
10.3766
10.3766
10.3766
10.3766
10.3766
10.3766
10.3766
10.3766
10.3766
10.3766
10.3766
10.3766
10.3766
10.3766
10.3766
10.3766
10.3766
10.3766
10.3766
10.3766
10.3766
10.3766
10.3766
10.3766
10.3766
10.3766
10.3766
10.3766
10.3766
10.3766
10.3766
10.3766
10.3766
10.3766
10.3766
10.3766
10.3766
10.3766
10.3766
10.3766
10.3766
10.3766
10.3766
10.3766
10.3766
10.3766
10.3766
10.3766
10.3766
10.3766
10.3766
10.3766
10.3766
10.3766
10.3766
10.3766
10.3766
10.3766
10.3766
10.3766
10.3766
10.3766
10.3766
10.3766
10.3766
10.3766
10.3766
10.3766
10.3766
10.3766
10.3766
10.3766
10.3766
10.3766
10.3766
10.4062
10.4062
10.4062
10.4062
10.4062
10.4062
10.4062
10.4062
10.4062
10.4062
10.4062
10.4062
10.4062
10.4062
10.4062
10.4062
10.4062
10.4062
10.4062
10.4062
10.4062
10.4062
10.4062
10.4062
10.4062
10.4062
10.4062
10.4062
10.4062
10.4062
10.4062
10.4062
10.4062
10.4062
10.4062
10.4062
10.4062
10.4062
10.4062
10.4062
10.4062
10.4062
10.4062
10.4062
10.4062
10.4062
10.4062
10.4062
10.4062
10.4062
10.4062
10.4062
10.4062
10.4062
10.4062
10.4062
10.4062
10.4062
10.4062
10.4062
10.4062
10.4062
10.4062
10.4062
10.4062
10.4062
10.4062
10.4062
10.4062
10.4062
10.4062
10.4062
10.4062
10.4062
10.4062
10.4062
10.4062
10.4062
10.4062
10.4062
10.4062
10.4062
10.4062
10.4062
10.4062
10.4062
10.4062
10.4062
10.4062
10.4062
10.4062
10.4062
10.4062
10.4062
10.4062
10.4062
10.4062
10.4062
10.4062
10.4062
10.4062
10.4062
10.4062
10.4062
10.4062
10.4062
10.4062
10.4062
10.4062
10.4062
10.4062
10.4062
10.4062
10.4062
10.4062
10.4062
10.4062
10.4062
10.4062
10.4062
10.4062
10.4062
10.4062
10.4062
10.4062
10.4656
10.4656
10.4656
10.4656
10.4656
10.4656
10.4656
10.4656
10.4656
10.4656
10.4656
10.4656
10.4656
10.4656
10.4656
10.4656
10.4656
10.4656
10.4656
10.4656
10.4656
10.4656
10.4656
10.4656
10.4656
10.4656
