11.0756
11.1312
11.1312
11.1312
11.1312
11.2139
11.3117
11.326
11.326
11.326
11.326
11.326
11.326
11.326
11.326
11.326
11.326
11.326
11.326
11.326
11.326
11.326
11.326
11.326
11.326
11.326
11.326
11.326
11.326
11.326
11.326
11.326
11.326
11.326
11.326
11.326
11.326
11.326
11.326
11.326
11.326
11.326
11.326
11.326
11.326
11.326
11.326
11.326
11.326
11.326
11.326
11.326
11.326
11.326
11.326
11.326
11.326
11.326
11.326
11.326
11.326
11.326
11.326
11.326
11.326
11.326
11.326
11.3278
11.3278
11.3278
11.3278
11.3278
11.3278
11.3278
11.3278
11.3278
11.3295
11.3306
11.3306
11.3306
11.3306
11.3306
11.3306
11.3306
11.3319
11.3319
11.3385
11.3385
11.3385
11.3385
11.3385
11.3385
11.3385
11.3385
11.3385
11.3385
11.3385
11.3385
11.3385
11.3385
11.3385
11.3385
11.3385
11.3385
11.3385
11.3385
11.3385
11.3385
11.3385
11.3385
11.3385
11.4356
11.4356
11.4356
11.4356
11.4356
11.4356
11.4433
11.4433
11.4433
11.4433
11.4433
11.4433
11.4433
11.4433
11.4433
11.4433
11.4433
11.4433
11.4433
11.4433
11.4433
11.4433
11.4433
11.4433
11.4433
11.4433
11.4433
11.4433
11.4433
11.4433
11.4433
11.4433
11.4433
11.4433
11.4433
11.4433
11.4433
11.4433
11.4433
11.4433
11.4433
11.4433
11.4433
11.4433
11.4433
11.4433
11.4433
11.4433
11.4433
11.4433
11.4433
11.4433
11.4433
11.4433
11.4433
11.4433
11.4433
11.4433
11.4433
11.4433
11.4433
11.4433
11.4433
11.4433
11.4433
11.4433
11.4433
11.4433
11.4433
11.4433
11.4433
11.4433
11.4433
11.4433
11.4433
11.4433
11.4433
11.4433
11.4433
11.4433
11.4433
11.4433
11.4433
11.4433
11.4433
11.4433
11.4433
11.4433
11.4433
11.4433
11.4433
11.4433
11.4433
11.4433
11.4433
11.4433
11.4433
11.4433
11.4433
11.4433
11.4433
11.4433
11.4433
11.4433
11.4433
11.4433
11.4433
11.4433
11.4433
11.4433
11.4433
11.4433
11.4433
11.4433
11.4433
11.4433
11.4433
11.4433
11.4433
11.4433
11.4433
11.4433
11.4433
11.4433
11.4433
11.4433
11.4433
11.4433
11.4433
11.4433
11.4433
11.4433
11.4433
11.4433
11.4433
11.4433
11.4433
11.4433
11.4433
11.4433
11.4433
11.4433
11.4433
11.4433
11.4433
11.4433
11.4433
11.4433
11.4433
11.4433
11.4433
11.4433
11.4433
11.4433
11.4433
11.4433
11.4433
11.4433
11.4433
11.4433
11.4433
11.4433
11.4433
11.4433
11.4433
11.4433
11.4433
11.4433
11.4433
11.4433
11.4433
11.4433
11.4433
11.4433
11.4433
11.4433
11.4433
11.4433
11.4433
11.4433
11.4433
11.4433
11.4433
11.4433
11.4433
