4921
4814
4851
4836
4902
4833
4956
4865
4926
4812
4951
4822
4790
4925
4711
4703
4905
4930
4872
4863
4903
4895
4924
4963
4927
5000
4684
4878
4860
4624
4675
4518
4673
4569
4602
4542
4375
4423
4483
4615
4618
4645
4671
4645
4553
4687
4677
4671
4646
4706
4569
4761
4848
4691
4526
4706
4708
4642
4696
4613
4677
4666
4646
4531
4620
4668
4897
4773
4771
4690
4843
4881
4784
4822
4980
4827
4884
4889
4925
4889
4949
4961
4989
5006
5032
4983
5000
4961
4968
4973
4909
4983
5003
4918
4875
4949
4784
4751
4807
4798
4893
4966
4737
4890
4778
4774
4659
4809
4790
4630
4716
4670
4856
4703
4716
4687
4703
4563
4545
4706
4635
4666
4658
4608
4696
4682
4646
4762
4753
4673
4777
4665
4801
4540
4670
4537
4564
4541
4502
4567
4510
4610
4661
4457
4522
4589
4678
4712
4621
4822
4635
4566
4639
4629
4672
4554
4756
4923
4671
4474
4586
4612
4584
4624
4626
4572
4713
4772
4674
4618
4814
4643
4705
4605
4698
4527
4575
4455
4732
4579
4720
4590
4623
4720
4640
4665
4624
4677
4658
4612
4633
4707
4772
4695
4613
4620
4755
4867
4524
4669
4675
4764
4731
4665
4718
4851
4682
4682
4680
4741
4706
4831
4561
4750
4827
4631
4658
4743
4786
4643
4607
4596
4746
4628
4606
4771
4642
4719
4616
4648
4738
4837
4708
4620
4628
4525
4733
4544
4568
4546
4618
4551
4679
4479
4455
4591
4592
4389
4389
4424
4390
4395
4420
4431
4427
4228
4412
4159
4396
4384
4253
4315
4312
4500
4242
4373
4325
4446
4203
4269
4261
4119
4225
4321
4390
4132
4323
4224
4426
4260
4355
4359
4153
4369
4372
4339
4358
4295
4218
4400
4310
4427
4340
4337
4363
4347
