8.04613
8.04739
8.04739
8.04901
8.04901
8.14965
8.21109
8.21109
8.21208
8.21208
8.21208
8.21208
8.21208
8.21208
8.21208
8.21208
8.21208
8.21208
8.21208
8.22472
8.22472
8.22472
8.22472
8.22472
8.22472
8.22472
8.22618
8.22618
8.22618
8.22618
8.22618
8.22618
8.22618
8.22618
8.22618
8.22618
8.22618
8.22618
8.22618
8.22618
8.22618
8.22618
8.22618
8.22618
8.22618
8.22618
8.22618
8.2467
8.2467
8.2467
8.2467
8.2467
8.2467
8.2467
8.2467
8.2467
8.2467
8.2467
8.2467
8.2467
8.2467
8.2467
8.2467
8.2467
8.2467
8.2467
8.2467
8.25256
8.25256
8.25256
8.25256
8.25256
8.25256
8.25256
8.25256
8.25256
8.25256
8.25256
8.25256
8.25256
8.25256
8.25256
8.25256
8.25256
8.25256
8.25256
8.25256
8.25256
8.25256
8.25256
8.25256
8.25256
8.25256
8.25256
8.25256
8.25256
8.25256
8.25256
8.25256
8.25256
8.25256
8.25256
8.25256
8.25256
8.25256
8.25256
8.25256
8.25256
8.25256
8.25256
8.25256
8.25256
8.25256
8.25256
8.25256
8.25256
8.25256
8.25256
8.25256
8.25256
8.25256
8.25256
8.25256
8.25256
8.25256
8.25256
8.25256
8.25256
8.25256
8.25256
8.25256
8.25256
8.25256
8.25256
8.25256
8.25256
8.25256
8.25256
8.25256
8.25256
8.25256
8.25256
8.25256
8.25256
8.25256
8.25256
8.25256
8.25256
8.25256
8.25256
8.25256
8.25256
8.25256
8.25256
8.25256
8.25256
8.25256
8.25256
8.25256
8.25256
8.25256
8.25256
8.25256
8.25256
8.25256
8.25256
8.25256
8.25256
8.25256
8.25256
8.25256
8.25256
8.25256
8.25256
8.25256
8.25256
8.25256
8.25256
8.25256
8.25256
8.25256
8.25256
8.25256
8.25256
8.25256
8.25256
8.25256
8.25256
8.25256
8.25256
8.25256
8.25256
8.25256
8.25256
8.25256
8.25256
8.25256
8.25256
8.25256
8.25256
8.25256
8.25256
8.25256
8.25256
8.25256
8.25256
8.25256
8.25256
8.25256
8.25256
8.25256
8.25256
8.25256
8.25256
8.25256
8.25256
8.25256
8.25256
8.25256
8.25256
8.25256
8.25256
8.25256
8.25256
8.25256
8.25256
8.25256
8.25256
8.25256
8.25256
8.25256
8.25256
8.25256
8.25256
8.25256
8.25256
8.25256
8.25256
8.25256
8.25256
8.25256
8.25256
8.25256
8.25256
8.25256
8.25256
8.25256
8.25256
8.25256
8.25256
8.25256
8.25256
8.25256
8.25256
8.25256
8.25256
8.25256
8.25256
8.25256
8.25256
8.25256
8.25256
8.25256
8.25256
8.25256
8.25256
8.25256
8.25256
8.25256
8.25256
8.25256
8.25256
8.25256
8.25256
8.25256
8.25256
8.25256
8.25256
8.25256
8.25256
8.25256
8.25256
8.25256
8.25256
8.25256
8.25256
8.25256
8.25256
8.25256
8.25256
8.25256
8.25256
8.25256
8.25256
8.25256
8.25256
