94.4387
94.0146
96.5395
90
97.2017
93.0839
96.4943
94.5798
96.7748
96.2391
95.6518
95.5148
96.2688
97.2679
95.4979
94.3722
94.096
95.7276
95.8535
96.2371
95.3943
95.1889
94.105
96.2144
90
92.7929
95.8675
90
93.4872
94.8708
94.1634
94.1985
96.1714
96.1295
95.5747
95.7251
95.7787
94.9357
93.6189
93.1679
94.4502
95.6171
93.7832
93.7387
90
93.2239
96.0173
95.032
93.4451
93.8105
96.3806
94.6932
93.4815
93.8328
93.946
95.1409
95.2195
93.5512
96.2025
93.4991
96.2928
95.4354
95.1445
96.3574
95.148
95.8314
94.0091
95.5094
95.7688
95.4052
94.6809
93.7582
94.904
94.6795
95.0755
96.1565
95.8148
94.0842
94.8466
95.1347
93.535
95.4196
95.1839
94.177
93.8353
102.831
96.2038
96.059
95.0317
94.9497
95.19
94.2647
94.3588
95.404
97.0282
94.7753
93.4391
94.5158
93.6761
95.0693
95.1278
95.1638
93.8633
95.5893
95.5471
94.0388
96.5823
96.2032
95.5187
92.9107
93.4975
94.1228
94.4065
94.9754
93.9871
90
93.6689
94.6641
96.4197
96.033
95.9556
95.1424
95.7112
93.7472
92.9677
94.8466
93.7353
94.01
96.3671
95.0995
93.2793
95.9341
94.2032
93.7231
94.2511
96.0251
90
94.2649
94.8143
94.6735
94.2723
96.0315
95.267
95.4983
95.887
95.7846
95.4026
93.989
97.9494
94.9035
93.657
94.2388
95.5104
94.8402
96.9525
96.5357
96.8903
94.2261
95.8303
94.8059
95.1072
94.1761
95.7709
96.6199
95.4455
95.1989
93.9487
94.7707
95.28
93.2697
97.7588
94.845
90
96.9324
94.6231
97.3743
93.9109
96.4418
95.788
90
98.3067
93.4336
96.3064
95.5627
95.4403
93.4417
97.4647
94.4605
96.9014
96.2066
94.7971
94.348
96.3189
93.8029
94.648
93.4745
96.149
95.4315
96.3144
94.2047
95.956
96.9598
94.6679
93.9037
96.0651
96.3987
93.8583
93.9866
94.865
95.2526
93.3926
93.9334
96.2035
94.3392
96.2202
95.4907
96.3276
95.499
95.8841
98.1359
93.9569
98.6534
94.1882
96.9131
96.9147
94.689
94.4249
96.0699
95.3512
96.7147
94.1403
96.5802
97.188
95.4736
95.0994
94.7249
95.3413
95.7961
97.0499
97.7672
94.1941
94.795
94.2936
94.153
97.5003
98.3901
95.1715
96.5593
94.3886
94.5832
94.0681
94.4122
96.818
94.3343
96.0271
95.7
94.4415
96.8762
95.2283
96.5808
97.8465
95.6753
95.0987
95.2093
93.7424
95.3803
96.36
95.5572
94.67
93.2836
93.809
94.5381
95.7001
94.4767
93.0496
96.0471
94.2016
95.5392
96.0013
95.0491
95.8227
94.927
95.1281
95.1493
96.0481
94.2744
90
94.7814
93.0589
90
94.7091
93.9694
94.5108
93.5911
96.7691
94.3233
94.6903
96.1936
95.4894
