5.4336
5.77709
5.67489
6.26817
5.31941
6.09794
5.31855
5.70925
5.38847
5.6989
5.82036
5.70065
5.83151
5.38004
5.82634
5.70111
5.82155
5.70358
5.69215
5.85312
5.82709
5.80895
5.69803
5.96032
5.82161
5.97225
6.09214
6.28256
6.10592
5.98961
5.56997
6.11608
5.71611
5.97898
5.7058
5.56186
5.55481
5.85288
5.96935
5.71803
5.6746
5.8122
5.81653
5.82896
5.83706
5.38048
5.85392
5.38493
5.99924
5.74346
5.71978
5.63793
5.86023
5.82226
5.84431
5.60001
5.83385
5.84077
5.8289
6.09875
5.42929
5.6417
5.24301
5.72526
5.81196
5.99219
5.68776
5.82249
5.67361
6.14347
5.52244
5.82062
5.50014
5.66982
5.57235
5.50383
5.76902
5.52702
5.48961
5.50936
5.96536
5.83306
5.38343
5.51038
5.82802
2.38104
5.84077
5.09328
5.37288
5.46397
5.51011
5.48385
5.394
5.64189
5.39843
5.66646
5.63232
5.68482
5.82736
5.67441
5.52229
5.242
5.71344
5.39617
5.933
5.771
5.63173
5.26964
5.39585
5.93638
5.76014
5.97213
5.70515
5.58875
5.84329
6.10899
6.06474
5.67754
5.42557
5.31348
5.52184
5.28878
5.78406
5.91661
5.63941
5.92184
6.0046
5.70886
5.72303
5.36747
5.78044
6.13482
5.50489
6.11416
5.99116
5.69331
6.00145
5.70267
5.71732
5.72703
5.83291
5.4854
5.42983
5.3831
5.10941
5.24244
5.28729
5.80813
5.22994
5.56558
5.92312
5.58133
5.41814
5.3893
5.69278
5.64234
5.82823
5.64716
5.77706
5.6741
5.3849
5.67053
5.56367
5.70619
5.84036
6.28094
5.95467
5.57722
6.25663
5.58432
5.26136
5.86528
6.0723
5.25538
5.84634
5.29449
5.69042
5.81833
5.96388
6.54281
5.16611
5.98388
5.69306
5.23054
5.98298
5.79504
5.36667
5.52751
5.44581
5.73162
5.83442
5.52153
5.44418
5.58436
5.52153
5.9635
5.37144
5.87346
5.71897
5.84952
5.86148
5.43707
5.57778
6.24626
5.45973
4.90604
5.85934
5.84738
5.57308
5.31367
6.13483
5.84211
5.44166
5.58026
5.57981
5.8744
5.70547
5.45335
5.59507
4.9771
5.85807
4.84176
5.72021
5.69876
4.71547
6.12079
5.82582
5.70661
5.84796
5.38356
5.85791
5.55483
5.86678
5.96684
5.82278
5.60267
6.10173
5.88234
5.59596
5.45655
5.85003
5.59917
5.73158
6.0725
5.28595
5.29816
5.64452
5.70506
5.57758
5.83723
5.87495
5.84067
5.31779
5.58253
5.52798
5.84276
5.63409
5.64671
5.37463
5.52244
4.97817
5.24491
5.7128
5.57152
5.84499
5.37265
5.84728
5.83937
5.83688
6.10885
6.00949
6.11459
5.24565
5.72308
5.91442
5.8422
5.57855
5.37592
5.5025
5.38577
5.37848
5.2451
5.85043
5.37276
5.79644
5.8274
6.06201
5.37874
6.26089
6.13032
5.65183
5.91263
5.58999
5.91436
5.64581
5.71555
5.62822
5.3777
5.505
