9.64435
3.4677
3.08895
4.16546
3.22425
3.68505
3.20351
3.36066
3.38708
3.27891
3.41044
3.2051
3.58586
3.40846
9.40855
9.21648
3.34544
3.30094
3.4827
3.56289
9.44402
3.45454
9.51304
3.36947
3.62158
3.74802
3.81281
3.54255
3.5759
3.77781
3.44682
3.47167
3.33486
3.63364
3.38936
3.53138
3.75231
9.46435
3.67186
3.62813
3.57924
3.49295
3.40376
3.3701
3.4205
3.28253
3.93501
3.18339
3.21709
3.27939
3.3807
3.22451
3.34624
3.08917
9.44476
9.33517
3.24094
3.28887
3.27532
3.57783
3.26211
9.43627
3.48377
9.49523
3.53684
3.54777
3.24704
3.37752
3.3259
3.6651
3.51857
3.55384
3.17943
3.47545
3.11065
3.34492
3.15144
9.25379
2.95304
3.27664
3.39489
3.38179
3.33572
9.42879
3.38423
3.29851
3.36603
3.02124
3.29431
3.30497
9.50754
3.23593
3.27641
9.30762
3.75965
3.51889
3.44303
9.66578
3.37712
4.56055
3.73923
3.24759
3.68828
3.56694
4.64913
9.76155
3.53874
9.63254
9.67237
3.60245
3.57751
3.87336
9.73909
9.81914
9.71236
9.68642
9.54862
3.71401
3.47693
9.2919
3.45605
3.34905
3.52535
3.8483
3.40338
9.88051
9.6784
3.48244
3.52957
3.84272
9.70227
9.72345
3.33473
3.43423
3.38752
9.82284
9.71367
4.02404
3.44006
3.43534
3.49077
3.21571
3.84126
3.04542
3.21164
3.76632
3.48126
4.2267
3.56442
9.37977
3.95854
3.69187
3.46715
3.74148
3.63825
3.28461
9.26073
3.20995
3.5387
3.26446
9.33484
4.18329
9.33976
9.36843
9.46696
4.18112
3.98667
9.3572
9.49014
3.27739
3.4664
3.34165
4.04056
9.73868
3.34978
3.18789
9.62508
3.10789
9.59237
9.46638
9.47124
3.79786
3.261
3.05794
9.80085
3.98453
3.41756
9.82683
3.43704
3.16718
3.2247
3.54608
9.55034
9.65705
9.61205
9.44792
9.58711
3.28595
3.33349
9.64026
9.72872
9.51229
9.6845
3.55342
9.84892
9.6975
3.02323
3.2838
3.16109
3.03271
3.93323
9.62531
3.03742
9.38299
9.51939
9.3981
9.55707
10.0492
9.28179
9.50823
9.57438
3.11101
9.18624
9.70679
9.29914
9.70924
9.66557
9.26218
9.46342
9.49773
9.18597
9.69212
4.83217
3.57481
3.71028
3.56437
9.54698
3.86729
3.66848
3.27863
3.23191
3.26323
9.60305
4.28956
9.4641
3.95595
9.31583
9.14267
9.31554
9.34041
9.49548
9.55833
9.4364
3.44531
9.17369
9.65201
9.26576
3.28835
9.37583
9.53833
3.50964
3.46924
9.30682
9.40626
9.05235
3.29275
9.26149
9.57482
9.25896
3.50476
4.1094
3.4122
9.36549
3.2353
3.4991
9.40946
3.25451
9.18283
9.45567
3.64025
3.27554
3.37725
3.62969
3.39671
9.48519
3.54142
4.10957
3.44462
4.31776
3.50384
3.79336
9.37664
9.25829
3.67759
3.70701
9.50615
3.0704
3.64308
9.45204
