10.5443
10.4694
10.6087
10.6743
10.6948
10.5814
10.5276
10.5975
10.6552
10.5236
10.4769
10.4896
10.6499
10.5104
10.4381
10.5353
10.7455
10.5492
10.367
10.6128
10.5141
10.4713
10.7811
10.4097
10.3656
10.4029
10.481
10.4457
10.7542
10.2663
10.6116
10.3235
10.4979
10.6681
10.7554
10.279
10.6434
10.6559
10.5402
10.42
10.0856
10.5728
10.7079
10.7655
10.4266
10.2977
10.5216
10.6242
10.4646
10.5881
10.6554
10.5596
10.4798
10.485
10.5584
10.5594
10.5936
10.6334
10.4322
10.4873
10.4836
10.31
10.2631
10.5421
10.4394
10.7852
10.6011
10.7245
10.6197
10.6088
10.5064
10.4981
10.1961
10.4059
10.2595
10.2752
10.3155
10.345
10.3424
10.4004
10.2899
10.6121
10.3549
10.3389
10.4334
10.6884
10.1854
10.3472
10.2411
10.3746
10.3531
10.2771
10.4989
10.4942
10.2086
10.2426
10.4694
10.1458
10.4139
10.2588
10.2143
10.2128
10.3464
10.1708
10.2269
10.4685
10.2735
10.2506
10.2641
10.2356
10.4697
10.5295
10.5662
10.324
10.4078
10.3189
10.2845
10.4647
10.3767
10.2391
10.313
10.3897
10.3627
10.2452
10.3889
10.4967
10.3748
10.4109
10.5057
10.0593
10.3801
9.56989
10.3849
9.56611
9.33417
10.6233
10.4706
10.2695
10.5179
9.51231
10.3632
10.1625
10.4432
10.5416
10.3961
10.7363
10.344
10.3581
10.3068
10.5465
10.3947
10.6474
10.3637
10.5458
10.6892
10.2518
10.3349
10.7924
10.2342
10.3295
10.4743
10.6825
10.3076
10.6752
10.4677
10.5403
10.2602
10.7192
10.2356
10.4247
10.3603
10.3921
10.4379
10.6945
10.2497
10.4624
10.3538
10.5359
10.2931
10.4374
10.4257
10.5165
10.5193
10.5662
10.3799
10.3007
10.2654
10.4918
10.4684
10.4314
10.3426
10.4263
10.4919
10.452
10.2374
10.4208
10.4354
10.4806
10.2228
10.4316
10.2497
10.5021
10.275
10.2415
10.3966
10.4096
10.3968
10.4197
10.6721
10.3992
10.4858
10.2694
10.1764
10.4134
10.4651
10.393
10.4094
10.4164
10.5556
10.5154
10.4742
10.4004
10.3798
10.3462
10.4022
10.5036
10.335
10.5253
10.3182
10.1995
10.4088
10.5756
10.8238
10.6557
10.2477
10.3416
10.2469
10.4471
10.7045
10.1993
10.4582
10.1859
10.4516
10.4912
10.2678
10.6365
10.2237
10.4808
10.3459
10.2758
10.4824
10.4415
10.3123
10.4684
10.2486
10.3126
10.4601
10.4792
10.3948
10.1886
10.3768
10.343
10.2815
10.5483
10.1796
10.288
10.5374
10.3818
10.3752
10.4282
10.2795
10.3448
10.253
10.5312
10.1063
10.1563
10.2431
10.6074
10.399
10.3971
10.3395
10.4204
10.5395
10.426
9.98431
10.3568
10.3948
10.1466
10.4145
10.4303
10.4038
10.4988
10.4943
10.4535
10.4413
10.4947
9.90142
10.3266
10.3054
