3398
3097
3208
3197
3110
3196
3065
3096
3166
3184
3020
3031
3184
3015
3336
3375
3089
3109
3047
3161
3592
3101
3474
3295
3030
2959
3226
3091
6283
3124
3105
3061
3119
3038
3217
3188
3229
3490
2945
2929
2816
5936
3017
5886
2918
2963
2976
2926
3034
3019
5944
5887
2914
3006
3314
3203
3030
2966
3004
2927
2952
3184
2916
3274
5611
6012
2915
5762
2829
5579
5793
5650
2848
2785
2881
2902
2889
3204
2921
2935
3023
2983
2896
3223
5808
2750
2982
2841
2815
2957
3188
2797
2989
3358
2968
3013
3040
3260
6169
2900
3035
2972
3099
2948
2956
3259
2944
3362
3366
2940
3104
3074
3320
3437
3517
3365
3439
6160
6237
3511
3139
3103
6189
6129
3075
3453
3650
3109
3178
2936
3407
3438
2986
3043
2988
3493
3405
3029
3045
2922
3177
3042
6078
3077
2942
2922
3050
3054
3062
6546
3118
6269
3184
3106
3206
3059
3590
3083
3238
3071
3469
3116
3557
3610
3495
5991
3236
3378
3287
3017
3081
3154
3042
3422
3126
3192
3598
3194
6636
6485
3534
5831
3238
3171
3453
3171
3133
3468
6382
3200
2976
3134
3481
3491
3459
3433
3462
3193
3002
3360
3516
3491
3458
3148
3599
3510
3000
2926
3109
3039
6032
3308
3025
3557
3569
3678
3561
3400
3590
3488
3513
2935
3300
3356
3382
3461
3385
3580
3303
3447
3642
3434
6260
6150
6092
3071
3447
6053
6161
3118
3138
3009
3367
6030
3448
3086
3615
3507
3552
3425
3373
3483
3271
3136
3167
3213
3423
2986
3222
3226
2908
2884
3438
6224
3178
2924
3346
3330
3248
2972
3028
2951
3261
3003
2874
3368
2949
3381
3128
2955
2913
2836
6120
2909
3142
2855
2830
2963
2805
3032
2832
3395
3462
3102
3045
3372
2780
5876
3254
