7.07061
7.24664
8.10712
7.15331
8.02219
7.23813
7.71535
7.40705
7.92008
7.9999
7.89404
7.72617
8.17131
8.06088
7.83572
7.31212
7.36055
7.81975
7.8178
8.17288
7.81274
7.71077
7.24551
8.22732
6.76139
6.98723
8.24636
7.13462
7.41664
7.73934
7.11486
7.63175
7.98639
8.27028
7.80535
7.62291
7.70904
7.69332
7.30261
6.87146
7.24446
7.89193
7.23266
7.23591
5.88747
6.54059
8.07206
7.25589
7.25918
7.15389
8.10287
7.37172
7.13538
7.22714
7.30093
7.50002
7.76932
7.16059
8.09641
7.38128
7.74143
7.60373
7.09101
8.07435
7.69297
8.19517
7.17376
7.89135
7.81934
8.15106
7.24295
7.1998
7.24981
7.37335
7.39477
7.72054
7.87003
7.00437
7.24349
7.37849
7.2367
7.84666
7.26228
7.0205
7.22689
7.24972
8.05512
7.2899
7.17627
7.26092
7.3909
7.01658
6.99452
7.62737
7.91553
7.37775
6.89067
7.28743
7.16552
7.49449
7.35551
7.08787
7.11081
7.38686
7.91945
7.24929
8.00267
7.49795
7.37928
6.97722
7.03993
7.49008
7.33359
7.38627
7.29417
7.10161
7.38367
7.38504
7.76064
7.47776
7.67355
7.1588
7.85682
7.25861
6.71659
7.7019
7.35926
7.16854
8.06763
7.16284
6.96995
8.12422
7.03128
7.35915
7.3788
7.93582
6.94627
7.23435
7.48905
7.28229
7.38128
7.63295
7.35528
7.41253
7.25329
7.4177
7.24384
7.25275
8.10844
7.37518
7.25182
7.15962
7.41778
7.17531
8.29973
7.99138
8.32597
7.24215
7.86711
7.41102
7.25716
7.23051
7.64711
8.18402
7.8361
8.19901
7.37113
7.36641
8.1485
6.77544
8.08457
7.62702
7.02004
7.85603
7.50398
8.0026
7.10608
8.19747
8.05061
7.17137
8.2105
7.24584
8.01812
7.2887
7.96009
7.03403
8.05674
7.1644
7.97995
8.00046
7.57033
7.10702
7.76784
6.97387
7.18616
7.22891
7.61994
7.8665
7.9814
7.38333
8.00015
8.00111
7.2557
7.64397
7.66908
7.2408
7.2617
7.29972
7.38978
7.22571
7.37805
7.25433
7.65393
7.16057
7.86103
7.87246
8.01402
7.45893
7.77078
7.98369
7.30711
8.00741
7.2404
8.2076
7.2385
7.84383
7.42533
7.94509
7.78095
7.78519
7.36485
7.99469
8.59689
8.00898
7.65171
7.31218
8.01777
8.00326
8.24358
8.23892
7.38388
7.30803
7.30096
7.59605
7.98961
8.43572
7.49514
8.11531
7.16557
7.48468
7.36601
7.452
7.78369
7.16939
7.69214
7.90144
7.25906
8.17414
7.27698
7.87325
7.83821
7.30063
7.54752
7.4949
7.17668
7.31052
8.19632
7.85962
7.53193
7.30543
7.37826
7.75673
7.29243
7.3721
6.99124
7.99404
7.08352
7.43332
7.68893
7.22299
7.48726
7.04167
7.7421
7.25182
7.91217
7.37554
6.34371
7.07617
7.37395
6.95072
7.36584
7.36968
7.2458
7.22646
8.12451
7.30232
7.25293
7.619
7.48574
