90
90
90
90
90
87.346
87.0738
90
86.6612
90
90
90
90
90
90
90
90
90
90
90
90
90
91.2745
90
90
90
90
90
90
90
90
90
90
90
90
90
90
90
90
86.3492
90
90
90
90
90
90
90
90
86.2005
90
90
90
90
90
91.5592
90
90
90
90
85.6352
90
90
90
90
90
90
90
90
90
90
90
90
90
90
90
90
90
90
86.3372
90
90
86.0097
90
90
90
90
90
85.7861
90
90
90
90
90
90
90
90
86.0098
90
90
90
86.2866
90
90
90
90
90
90
90
90
90
90
90
90
90
90
90
90
90
90
90
90
90
90
90
90
90
90
90
90
86.095
90
90
90
91.5818
90
90
90
90
90
93.113
90
90
86.5271
86.3829
90
90
90
90
90
90
94.0109
90
90
93.4642
90
90
92.7956
90
90
90
90
90
90
90
91.0647
90
90
90
90
90
93.1602
90
90
90
90
90
90
87.0626
90
90
93.4518
90
90
90
90
90
90
90
85.592
90
93.0704
85.9786
90
90
93.1859
90
90
90
90
90
90
90
90
90
90
86.2426
90
90
90
90
93.1444
93.7878
90
90
90
90
90
90
90
90
90
90
90
90
90
90
90
93.1307
90
90
90
93.1376
90
90
90
93.2352
90
93.76
90
90
90
90
90
90
85.8746
93.1998
87.2259
90
93.3083
92.9969
90
86.3064
90
90
94.2532
92.7946
90
90
85.8428
93.8956
90
90
93.1221
90
90
93.1225
93.9764
90
90
90
90
93.0484
90.6653
93.8477
93.1441
90
90
90
90
90
90
90
93.6463
90
90
90
90
90
90
90
93.3657
90
93.2834
93.1294
90
90
90
93.4777
90
90
