3.82943
3.59162
3.85441
3.71738
4.20494
3.69122
4.48499
3.57421
4.59342
3.34001
3.59369
3.71404
3.58265
3.44819
3.45418
3.48869
3.89186
3.81671
2.52432
3.96054
3.8561
3.68122
1.12171
3.82083
3.69203
3.98526
3.6945
3.59396
3.35348
4.13501
3.45791
3.82968
3.6928
3.55323
2.36684
4.08266
3.83384
4.11833
2.1524
3.93775
3.46178
3.42905
3.56589
2.52523
3.47188
2.64265
4.11244
4.3377
4.07008
3.81637
4.08337
3.15837
3.61033
3.82348
0.600523
3.7171
2.77254
3.84951
3.84278
4.07057
3.46858
3.73075
3.5826
3.57573
3.79108
3.58722
3.8154
3.83734
3.56783
2.83428
3.74415
3.84499
3.27821
3.34138
4.21494
4.19957
3.5833
3.59425
3.82524
3.46749
3.78654
4.38898
2.26448
3.44573
3.74305
3.82039
3.83211
4.09868
3.83188
2.4301
2.39514
3.21498
3.56032
3.82277
3.84337
3.59289
4.46695
3.83224
2.92402
2.15255
3.95158
3.56569
4.0857
3.5782
3.71966
3.58133
3.47532
3.69448
3.46259
3.58573
3.28481
3.83893
3.59164
3.83971
3.70193
4.07581
2.28182
2.78165
3.81992
3.43942
4.06864
2.52017
3.58107
3.32249
3.4637
3.45624
3.94345
3.82968
3.32018
4.0524
3.81619
3.82036
3.83524
0.696218
4.21579
3.96832
3.58095
4.1071
3.84798
2.14108
4.08235
3.87561
4.20298
3.8501
2.77073
2.787
4.10354
3.29181
3.83417
1.97585
1.9015
3.80818
3.8459
2.0281
3.95565
2.6523
2.26344
3.33893
2.27014
3.58959
2.78934
2.53141
3.83331
3.58757
1.33687
3.15191
3.99368
2.52388
3.94833
3.43229
1.64515
3.6104
2.65456
2.29549
3.59851
2.64594
3.02664
4.07527
2.7704
2.26391
2.01488
2.6585
3.03173
3.32396
2.64743
2.64725
2.51998
2.40448
4.08152
3.46543
1.89581
3.84512
4.12559
3.46689
2.15056
3.75086
4.06919
3.73136
2.40378
2.5234
3.80407
2.5218
2.64832
3.74807
2.91836
3.86055
3.5822
3.54697
3.55407
3.48226
2.1474
2.13855
3.85013
3.58975
3.82914
2.40105
2.7901
3.73432
3.46166
3.72252
3.84119
3.69119
3.57665
3.84034
3.35692
1.90861
3.69161
2.03209
2.64523
3.59353
3.58677
2.13981
3.8732
2.39291
2.59526
1.66077
3.45704
1.76897
3.61551
4.34426
3.72699
2.65068
2.39533
3.84404
4.0701
2.16189
4.23167
2.29104
2.02867
2.27876
2.37655
3.84025
2.01979
3.29686
1.76364
2.15582
3.82442
3.31796
3.8565
1.89733
2.51998
2.97526
2.14693
2.38745
3.34597
2.26207
2.16032
4.0949
3.85219
3.85443
2.14049
1.90596
2.3776
1.76708
2.01242
3.75311
3.72852
3.45415
3.59115
2.01182
3.82899
2.40001
2.03238
2.40948
2.88393
2.72417
3.3329
3.45284
2.90298
3.33199
1.65053
3.84483
2.16668
2.15281
3.40893
1.89179
2.03172
2.14119
2.52078
2.28344
