2.74578
2.47999
2.31755
2.41836
2.64833
2.28989
2.29387
2.52367
2.0134
2.31015
2.5008
2.60097
2.30615
2.79595
2.508
2.94157
2.39673
2.41417
2.85681
2.70084
2.68867
2.58713
7.6915
2.83861
2.38458
3.1891
2.5966
2.76483
2.43995
2.7054
2.62664
2.24094
2.44711
2.25775
10.1282
2.62439
2.20158
2.54424
2.62365
2.62328
2.55129
2.38819
2.47052
2.29375
2.40718
2.27658
2.36971
2.94665
2.41109
2.56639
2.26461
2.38408
2.2861
2.3208
8.18752
2.22427
2.41434
2.438
2.52944
2.32552
2.2963
2.49791
2.58215
2.4264
2.45359
2.75011
2.42133
2.42773
2.22085
2.52336
2.52782
2.51765
2.14559
2.30351
2.28229
2.16445
2.60072
2.69689
2.81769
2.45653
2.43461
3.57305
2.15994
2.40093
2.59593
2.49448
2.49764
2.68022
2.32619
9.88639
2.69837
2.34887
2.60229
2.35727
2.62093
2.51809
2.54499
2.59749
2.62788
2.55088
3.06548
2.41874
2.6036
2.48756
2.35072
2.26956
2.40175
2.54549
2.45799
2.45076
2.36388
2.71511
2.63106
2.18785
2.64397
2.33616
2.27515
2.78413
2.51237
2.56982
2.18093
2.44638
2.28585
2.54074
2.71925
2.68639
3.12835
2.48072
2.28456
2.85468
2.1713
2.26007
2.25533
7.87091
2.50451
2.62163
2.75792
2.28182
2.31
2.37225
2.65079
2.96192
2.191
2.78625
2.5194
2.61262
2.5178
2.46308
2.73498
8.38242
2.68298
2.21313
3.00906
2.33607
2.4258
2.62948
2.63266
2.36388
2.79883
2.48094
2.60112
2.55278
2.65023
2.65235
7.76054
2.56417
2.57829
2.57946
3.46949
2.47249
2.61127
2.71449
2.76522
2.69417
2.38587
2.37622
2.15069
2.74353
2.4297
2.57881
3.11158
2.44231
2.74728
2.38039
2.31993
2.6433
2.69208
2.4799
2.98648
2.32319
2.46528
2.7517
2.6544
2.61262
2.46198
2.37706
3.00515
2.40517
2.57074
2.43633
2.7521
2.29459
2.48341
2.39041
2.52782
2.39592
2.76345
2.18355
2.5068
2.86216
2.42112
2.93993
2.63187
1.97203
3.0934
2.3219
2.46097
2.78841
2.45664
2.30334
2.66274
2.517
2.25817
2.31667
2.16984
2.61334
2.42293
2.88637
2.34441
2.29634
2.64897
2.61726
2.55659
2.53103
2.71611
2.94626
2.37526
2.19775
2.75024
3.42433
2.97347
2.18095
2.64716
2.55527
2.58686
3.09971
3.06458
2.299
2.22113
2.33696
2.58068
2.59143
2.4211
2.76223
2.36278
2.56656
2.56041
2.25164
2.44451
3.14173
2.56993
2.73584
2.80437
2.56175
2.30671
2.77154
2.4563
2.58295
2.44329
2.24829
2.24627
2.99916
10.8945
2.60999
2.94827
2.31185
2.0852
2.57458
2.441
2.42852
2.70687
2.40859
3.01619
2.41435
3.00827
2.55287
3.3735
2.30863
2.5426
2.61247
2.67978
2.65052
2.38387
2.44564
2.45391
2.33741
2.52193
2.59183
2.6347
2.32517
