8.49009
8.16448
8.31476
10.6851
11.3307
11.2194
11.1504
8.36319
11.1665
8.52973
8.28836
8.46627
8.96229
8.37318
8.45451
11.4944
8.22985
11.1993
11.3517
11.5079
8.11721
11.2708
47.3658
8.51745
11.1562
11.8529
10.6159
8.10524
8.23915
8.24805
8.38019
8.27644
11.3249
11.1652
46.1281
8.18046
8.08538
8.14249
10.4239
8.27262
8.42871
11.2218
11.2129
11.0721
8.39398
11.2294
8.13876
8.42976
11.1778
8.16908
11.175
10.5284
8.3256
8.32725
50.3558
8.19645
11.127
8.19864
8.17371
8.1989
8.93585
8.56123
8.24581
8.17991
11.2489
10.7842
11.3873
10.3307
8.45916
8.98851
8.72381
8.16732
11.1878
8.96665
11.2395
11.3497
8.24333
8.49901
8.21363
8.56988
8.6773
11.2814
11.2293
8.23936
8.26818
8.39604
8.25952
8.24789
8.4325
45.8768
11.1921
8.41301
11.2577
8.19953
8.09729
8.1151
11.036
8.41297
10.3485
11.131
8.25283
11.2378
11.3305
8.37699
8.2269
8.35704
8.37214
8.34497
8.24184
8.4464
11.2402
7.99584
8.83543
8.2521
11.2939
8.29285
10.3306
11.1076
8.13902
11.4098
11.137
11.2508
8.40567
8.25724
8.19435
8.43899
8.27226
8.34678
8.39263
8.1951
8.12101
8.29794
8.30706
48.0542
11.087
11.2393
8.80347
11.2669
8.36755
11.0498
11.2494
8.54577
11.8311
8.13025
11.1682
10.449
11.1276
11.6681
8.04596
47.8393
10.3367
11.2
11.2188
10.8776
11.2391
11.1412
11.102
8.17913
11.0938
8.18633
11.0009
11.068
8.14313
8.37728
48.1931
11.1201
11.1385
11.0768
11.0849
10.4233
11.1846
8.56002
10.5036
10.1825
8.24716
11.102
11.3245
11.094
11.1283
11.1665
11.0484
10.4774
11.3456
8.6216
11.1617
11.1021
11.1097
11.2065
8.18898
8.92746
10.3508
8.17075
8.07639
8.50381
10.78
8.71135
11.1236
8.37999
11.0409
11.2792
10.4217
11.1908
11.5044
10.3735
10.3659
8.2397
8.54895
9.26747
11.1348
9.02944
10.9583
11.2013
8.29317
8.21353
8.60326
11.1058
10.4361
8.28448
8.31727
8.95397
8.21099
11.2536
8.40036
8.09712
10.5946
10.4734
10.6265
11.049
11.2093
8.18228
8.37695
11.0719
8.11404
11.1461
9.39172
10.2598
8.29072
10.4193
11.1674
8.42166
8.26918
11.592
11.0972
11.1631
8.23554
10.6144
11.1348
10.4418
10.4309
10.2562
10.1999
8.33616
10.3861
11.2373
10.756
11.0497
11.0869
10.4268
8.14516
10.6473
11.1837
9.41312
11.0483
10.464
9.40259
11.1256
10.1995
8.13571
8.16427
8.26062
10.8808
10.626
46.5544
10.2092
11.145
8.28207
8.79446
8.18328
8.1063
11.1326
8.3071
11.0954
10.3131
10.2803
9.43815
9.35096
8.21785
8.40733
11.4404
9.12323
10.8698
8.14173
10.335
11.1079
11.1473
11.0012
10.6074
10.9941
11.2604
10.7745
