1749
1693
1675
1916
1864
1848
1892
1677
1949
1624
1681
1672
1715
1633
1631
1953
1689
1876
1760
3536
1777
1908
2231
1617
1907
1952
1890
1618
1720
1682
1604
1703
1964
1977
2239
1655
1752
1784
1806
1688
1725
1882
1913
1804
1693
1795
1706
1766
1869
1645
1925
1910
1685
1779
2081
1729
1893
1685
1660
1685
1719
1672
1700
1732
1967
1845
1923
2030
1704
1717
1767
1690
1980
1689
1950
2017
1664
1654
1676
1739
1793
1946
1814
1639
1762
1783
1748
1686
1719
2128
1888
1681
1970
1817
1712
1687
1930
1684
1839
1946
1747
1892
2001
1723
1724
1725
1731
1651
1679
1633
1876
1644
1826
1689
1922
1791
1850
1879
1757
1930
1994
1876
1713
1676
1746
1740
1746
1705
1700
1661
1659
1685
1716
1986
1966
1980
1736
1908
1768
1817
1981
1817
2034
1678
1900
1808
1951
1920
1672
1987
1845
1849
1875
1759
1901
1847
1888
1702
1822
1689
1814
1844
1720
1643
2267
1781
1890
1839
1869
1866
1753
1680
1983
1776
1730
1892
1876
1873
1873
1887
1897
1901
1882
1755
1810
1859
1892
1847
1661
1760
1861
1613
1676
1669
1799
1678
1990
1796
1800
1792
1907
1716
1796
1789
1872
1659
1673
1665
1742
1749
1809
1843
1715
1652
1729
1854
1823
1739
1662
1732
1669
1901
1610
1689
1873
1891
1920
1832
1845
1638
1603
1872
1579
1813
1671
1825
1624
1762
1824
1628
1650
1862
1744
1894
1647
1819
1840
1836
1830
1831
1734
1677
1750
1820
1754
1872
1885
1761
1601
1768
1874
1681
1793
1892
1630
1783
1751
1646
1649
1677
1742
1726
2019
1788
1840
1653
1625
1611
1576
1800
1715
1808
1860
1812
1689
1633
1664
1617
1798
1680
1709
1602
1786
1738
1834
1794
1781
1815
1806
1833
