3.36064
3.33817
3.00304
3.34356
3.2382
2.65108
3.34505
3.45785
3.29052
3.23605
3.57998
3.35154
3.119
3.01172
2.93579
3.35267
3.3495
2.87542
3.22949
3.22976
3.23096
3.12381
3.22936
3.34687
3.34836
3.3442
3.34643
3.21874
3.22747
3.35164
2.70951
3.34322
3.35997
3.23553
3.11443
3.229
3.22232
3.24191
3.05185
2.88209
2.88496
2.88685
2.82121
3.23418
3.35011
2.82113
3.11883
3.37603
2.58543
3.34333
3.34659
3.1251
3.34265
3.0087
3.34188
3.35301
3.1132
3.22836
3.22734
2.81896
3.22881
3.22304
3.23187
3.12593
3.23026
3.35145
3.2206
3.22388
2.93486
3.33379
2.99641
2.93507
3.22294
3.23275
3.22892
3.35024
2.70535
2.82095
2.77365
3.35331
3.11824
2.81509
2.71245
2.93446
3.23523
3.22957
3.15575
2.88329
3.35482
3.35163
2.88309
2.76719
3.12074
2.9319
3.34544
2.81697
2.92733
2.87711
3.12135
2.64164
2.88032
2.81716
3.34233
2.93543
3.22796
3.22936
2.81022
2.87843
3.23116
3.00465
3.57642
3.12082
3.3493
3.11086
2.70202
3.16859
2.81602
2.81924
3.04482
3.23133
3.34007
3.04969
3.00448
3.346
3.33714
3.47666
3.47497
2.93824
3.11612
2.93359
3.11015
2.8864
2.99985
3.35016
3.35539
3.12377
3.11535
3.33872
3.2401
3.34299
3.2307
3.2502
2.76699
2.8222
3.36421
3.16091
3.11649
3.05378
2.93783
2.93936
3.35107
3.22914
3.21786
3.34507
3.22522
2.93654
3.3477
3.1159
3.16226
3.24663
3.2317
2.89062
2.94437
2.80384
3.12817
2.89446
3.25171
3.3412
3.04246
3.24837
2.88019
3.16481
2.81922
2.81696
3.05185
3.34887
3.05361
2.93676
2.93422
3.24093
3.34774
3.23387
3.12169
3.57807
2.93412
2.81988
3.23155
3.35783
2.819
3.47519
3.00623
2.69627
3.24383
3.16418
3.35062
2.80689
3.5916
2.8944
2.825
2.82493
3.15103
3.22881
2.93591
2.82363
3.34557
2.77829
2.70089
2.76269
2.76419
3.16774
3.35138
3.62173
2.87625
2.82309
3.36391
3.24885
3.34693
3.36414
2.70126
2.93379
3.46588
3.1347
3.35367
3.22343
2.79123
2.80929
3.57452
3.24075
3.12975
3.12823
3.0305
3.35367
2.93479
2.64931
2.70907
2.82065
2.82992
3.13847
2.76456
3.35743
3.35514
3.34884
2.64822
3.35455
2.88209
3.34869
3.1526
2.81385
3.23457
3.35267
2.82344
2.76396
2.89573
2.82024
3.36344
3.23455
3.47011
2.88222
2.67244
3.3474
3.24388
3.24454
3.3522
3.13165
2.92954
3.47591
3.57833
3.36673
3.35141
3.02169
2.7697
3.03775
3.45877
3.14033
3.2368
3.585
3.00997
2.93902
3.00146
2.93324
3.13344
3.2341
3.3468
3.24515
3.57883
3.25847
3.16525
3.13131
3.24393
2.77565
2.92905
2.93424
3.35249
3.3674
3.23522
2.78058
2.9367
3.47746
2.65028
3.00728
