96.5348
97.454
97.2117
97.7235
97.712
96.9673
98.3491
98.4515
97.9798
96.6316
96.7156
98.1038
97.44
97.6591
97.9087
97.7651
100.864
98.6075
97.5666
99.4072
98.0956
97.4806
97.7533
97.525
96.8763
98.7066
98.0689
98.8143
96.9352
96.8733
97.5489
97.4803
97.0297
98.2878
97.4497
98.198
97.4371
96.9356
97.9676
98.0683
98.2314
98.993
98.6217
98.0576
97.8224
99.325
100.027
98.5984
97.6417
98.9462
97.7605
98.8485
97.2248
97.771
97.7487
99.7841
99.1862
101.176
98.3074
97.3867
97.9497
97.1729
97.118
98.1529
95.0313
97.5095
97.8107
97.3825
97.229
97.7183
98.3441
98.3614
98.9568
99.5033
98.065
97.535
97.7205
98.1487
98.4386
97.3535
97.8316
96.8788
97.7404
96.6592
97.8191
98.8327
96.4139
96.7924
96.1303
97.6145
96.98
98.0004
96.1401
96.2415
97.6096
97.6673
98.0147
98.3624
97.298
97.4504
98.6562
98.6526
100.479
98.899
98.8606
99.1183
97.5349
97.5498
97.6147
97.9285
97.1018
96.9377
102.271
98.0249
97.1622
97.5129
98.6294
97.107
98.9143
100.959
97.1811
97.3778
100.922
97.5315
97.3496
97.2648
101.392
98.9749
97.2358
97.8083
99.1024
97.2695
96.6274
99.2983
101.98
99.0398
97.8372
98.9409
97.9068
97.5224
96.6694
97.8531
97.676
97.6985
101.667
98.1802
98.0741
97.266
98.0209
99.5895
98.1751
96.7768
98.7861
96.1422
97.446
96.4028
97.8343
97.0453
98.6589
95.8733
97.7432
96.6703
97.5748
98.0069
97.4391
97.9092
96.9894
97.5042
97.881
98.6246
97.2128
98.1197
96.6915
97.8262
98.1424
98.9145
97.5721
97.3397
97.0656
97.6636
98.7242
97.9244
98.2146
97.9581
98.241
97.7574
97.282
97.6769
98.0563
97.7557
97.5726
98.0338
97.671
99.6261
98.2241
97.8037
98.1143
98.106
96.6524
97.9913
97.7676
98.1275
98.6473
96.7391
98.6052
96.6683
97.765
97.1603
98.135
97.5755
96.8857
96.7949
97.4606
97.826
97.876
97.0942
97.3794
97.9798
97.5618
96.4758
97.1982
96.707
97.9646
97.5278
97.5318
97.141
97.9033
97.3495
97.251
97.6039
97.4113
98.5875
98.5181
97.98
98.4343
97.1973
97.2122
97.5062
96.8046
97.8363
97.3116
97.5633
97.7025
97.1031
97.5909
96.9998
97.7143
97.2989
97.4172
97.7083
97.4978
97.6443
99.3347
97.4963
96.9795
96.6158
97.0332
96.9098
97.4391
97.0935
97.7266
98.0412
97.4911
98.0027
96.822
97.1665
96.645
96.7931
96.7085
97.1517
98.1622
97.3948
98.0628
98.1872
97.7174
98.9025
97.9723
97.3718
96.3973
97.1724
97.3376
97.994
97.7654
96.318
96.6722
97.4515
97.1244
97.4625
97.4512
99.0951
98.3178
97.4418
96.9239
97.2599
97.1332
98.2218
98.1849
97.6443
