5.59516
5.5828
5.46692
5.48271
5.59024
5.56757
5.58082
5.25268
5.26092
5.57414
5.80875
5.5701
5.4695
5.58783
5.10773
5.4867
4.66847
5.58363
5.80034
5.02716
5.55457
5.34916
5.4668
5.56262
5.34763
5.34024
5.80184
5.46417
5.78788
5.72393
5.79036
5.79465
5.71077
5.32554
5.674
5.33364
5.70085
5.80089
5.61404
5.79823
5.35431
5.1167
5.34776
5.59659
5.57657
4.91884
4.9984
5.46282
5.46859
5.35529
5.69146
5.48796
5.38117
5.47854
5.4924
5.03505
5.47212
4.12689
5.25548
5.607
5.59394
5.48323
5.71356
5.37221
6.1936
5.34052
5.58276
5.60019
5.79275
5.61342
5.35485
5.56379
5.35034
5.22378
5.26492
5.59213
5.55091
5.25283
5.22706
5.68925
5.68731
5.91547
5.69266
5.69272
5.68952
5.23366
5.70385
5.91251
5.71541
5.57077
5.68795
5.46186
5.78906
5.60321
5.57882
5.6167
5.68634
5.44846
5.56067
5.33861
5.43914
5.34642
4.88066
5.55983
5.22651
4.99073
5.90684
5.92477
5.68633
5.79959
5.56376
5.69377
3.58629
5.45658
5.58177
5.45912
5.35193
5.58119
4.66885
3.91624
5.46778
6.01762
3.80533
5.57441
5.3343
5.69604
4.12425
5.70027
5.57372
5.57771
4.88554
5.69811
5.69419
5.67369
3.91386
5.58219
5.6917
5.12349
5.46352
5.56326
5.58246
5.69837
5.47823
5.93297
4.01016
5.55343
5.58784
5.69552
5.45825
4.99716
5.56637
5.55251
5.33931
5.68278
5.67785
5.57068
5.67456
5.68119
5.3418
5.79087
5.68376
5.80386
5.45058
5.68177
5.57355
5.4545
5.68995
5.57379
5.47414
5.34122
5.78723
5.56561
5.57055
5.56454
5.57843
5.44225
5.55372
5.68221
5.77748
5.90066
5.56116
5.54697
5.55988
5.56245
5.67267
5.34535
5.67617
5.66593
5.68757
5.56169
5.80038
5.44593
5.50945
5.22141
5.77631
5.57551
5.6892
5.35195
5.57604
5.57663
5.57068
5.57066
5.34344
5.56843
5.45586
5.67447
5.57244
5.6904
5.34115
5.68751
5.7003
5.7024
5.80005
5.58084
5.34364
5.57625
5.68543
5.46515
5.56883
5.68599
5.4739
5.80462
4.9053
5.67842
5.68737
5.69675
5.56809
5.57441
5.67926
5.57367
5.83315
5.24639
5.36062
5.60321
5.34043
5.70931
5.58938
5.59239
5.70907
5.68894
5.72812
5.58343
5.70899
5.71256
5.57497
5.82003
5.69312
5.71552
5.72736
5.73359
5.83356
5.60967
5.35694
5.61354
5.7264
5.93428
5.83478
5.70508
5.72097
5.72653
5.70332
5.57474
5.47064
5.60097
5.83012
5.581
5.74142
5.84103
5.7185
5.60285
5.22965
5.72324
5.5939
5.49093
5.47107
5.12601
5.58357
5.73386
5.70993
5.59691
5.71577
5.47568
5.71642
5.5845
5.93759
5.71686
5.70144
5.60543
5.60757
5.13497
5.2426
5.49639
5.71173
5.57628
5.57801
5.49698
5.47343
5.61501
