9.21904
9.39209
9.32551
9.22294
9.32022
9.40447
9.48871
9.48871
9.49882
9.32018
9.42906
9.32356
9.32357
9.31434
9.41279
9.33202
9.34456
9.45569
9.42104
9.34942
9.45569
9.40447
9.3164
9.41362
9.47633
9.48902
9.47633
9.45569
9.41835
9.42889
9.35953
9.51319
9.32392
9.43192
9.67115
9.45569
9.51008
9.48871
9.48871
9.52749
9.28566
9.48871
9.44378
9.57296
9.45431
9.51323
9.22052
9.41734
9.40065
9.56956
9.3164
9.22612
9.39933
9.2329
9.32441
9.46192
9.33726
9.3528
9.25789
9.39271
9.52236
9.35476
9.4223
9.39394
9.42123
9.46052
9.33889
9.35126
9.30271
9.41651
9.27706
9.3226
9.3164
9.48934
9.36146
9.45261
9.47539
9.1432
9.30615
9.3594
9.32313
9.48256
9.24951
9.45038
9.39068
9.30102
9.24195
9.35277
9.30358
9.36726
9.40123
9.40123
9.33073
9.47098
9.39592
9.42889
9.42525
9.52901
9.36564
9.37101
9.46395
9.44251
9.4081
9.34449
9.39025
9.32986
9.44169
9.35999
9.37724
9.40289
9.44082
9.39362
9.36513
9.43195
9.43882
9.36513
9.36513
9.39403
9.5339
9.42836
9.36513
9.40814
9.40678
9.34913
9.40886
9.47574
9.41364
9.36513
9.33211
9.41396
9.41693
9.44805
9.50475
9.53999
9.49932
9.49622
9.45703
9.49068
9.5748
9.4295
9.4295
9.44998
9.32986
9.47843
9.36513
9.37945
9.46807
9.42741
9.43449
9.47882
9.40825
9.46205
9.43279
9.36513
9.50863
9.42771
9.40498
9.37161
9.4082
9.54565
9.39819
9.44985
9.48517
9.34734
9.47739
9.34761
9.33834
9.36652
9.36317
9.38328
9.47888
9.36198
9.40825
9.40047
9.38703
9.3693
9.52175
9.34913
9.42531
9.49632
9.4802
9.40825
9.4292
9.34449
9.37967
9.36289
9.34332
9.3248
9.41288
9.42757
9.42889
9.42989
9.44366
9.61754
9.39313
9.39196
9.33982
9.42476
9.42771
9.38849
9.49763
9.387
9.48578
9.40825
9.28016
9.40223
9.51323
9.5139
9.48499
9.41749
9.56933
9.48499
9.46368
9.46044
9.3905
9.53614
9.45193
9.4931
9.39341
9.26393
9.64443
9.57108
9.50724
9.5761
9.44283
9.54532
9.61605
9.53627
9.54876
9.46191
9.60238
9.62566
9.53387
9.54137
9.42485
9.47706
9.45671
9.53627
9.39525
9.47017
9.50993
9.53051
9.53097
9.43604
9.53799
9.33332
9.43346
9.39271
9.52263
9.31358
9.35634
9.45292
9.45299
9.40123
9.21361
9.46026
9.36967
9.48839
9.41919
9.40944
9.289
9.52218
9.61382
9.39012
9.33534
9.46092
9.40604
9.42898
9.44649
9.43264
9.43596
9.42751
9.26629
9.43991
9.42751
9.36393
9.44817
9.59414
9.50843
9.51322
9.53664
9.48818
9.46301
9.50046
9.51176
9.56933
9.40825
9.51322
9.43636
9.48639
9.49891
9.46057
9.48377
9.45383
9.27593
9.47532
9.55189
9.42634
