11.006
11.003
11.021
11.0373
10.9213
10.9355
10.5472
10.8924
11.0623
11.0053
10.8899
10.9272
10.9947
11.0435
10.9295
10.9272
11.0153
10.9641
10.868
11.0356
10.9754
11.0616
10.9918
10.9596
11.021
10.9272
10.8781
11.035
11.0303
10.9097
10.8981
11.026
10.8199
11.0286
11.0281
10.9353
11.0413
10.985
11.0183
10.9573
11.021
10.9431
11.0493
10.9143
10.9152
11.0411
11.0223
10.9445
10.8132
10.9417
10.9923
10.9814
10.6633
11.0073
10.9612
10.8951
10.5934
10.9424
11.008
11.0143
11.0196
11.0233
11.0653
10.8735
11.0503
11.0248
10.9606
10.9975
10.9548
10.9157
10.6806
10.9596
10.928
10.9538
11.0183
10.9549
10.3226
10.9112
10.988
11.0498
10.8788
10.4802
11.0756
10.942
10.9298
11.0399
10.835
10.8252
10.7019
10.7659
10.814
10.934
10.0093
10.9305
10.9538
11.0331
10.939
11.0175
10.9501
10.7374
10.04
10.9618
10.0235
10.0121
10.6958
10.857
10.1547
10.0292
10.0446
9.69077
10.3692
11.0431
10.9112
10.9315
10.9428
11.0278
10.9561
11.0386
10.9712
10.9158
10.0776
9.87597
10.7017
10.9481
10.8837
10.922
10.9538
10.1186
10.951
10.9683
10.0087
10.8728
11.0047
10.1733
11.0002
10.4504
10.9335
10.9709
10.8355
10.9789
10.9367
10.3741
10.7163
10.2054
10.9505
10.5148
10.9012
10.937
10.9127
10.9611
10.8623
10.8992
10.4869
10.9315
10.8994
11.0219
10.8796
10.9443
10.9623
10.9139
11.046
10.9583
10.9993
9.96419
10.973
10.7315
10.9501
10.9867
10.9112
10.985
10.8106
10.9189
10.8866
10.9411
10.9162
10.3383
10.9697
10.8465
10.8233
10.3247
10.1727
10.5218
10.131
10.4555
10.4348
11.0741
11.0281
10.4546
10.1712
10.157
10.3863
10.9766
10.9241
10.1845
10.0164
10.9552
10.1429
10.9573
10.4987
11.0557
11.0166
10.8795
10.9519
10.9395
10.2894
10.0802
11.0469
11.081
10.9977
10.8905
11.0568
11.0159
10.9714
10.8811
10.9018
11.0359
10.8492
10.7613
10.9726
10.813
10.9561
10.9064
11.0054
10.6219
10.5705
11.0408
10.4867
10.8795
11.0251
10.9055
10.9221
10.9505
10.8201
10.9625
10.942
10.7904
10.99
11.0116
10.9724
10.8966
11.0596
10.9395
10.9641
11.0756
10.9307
10.8415
11.0484
10.9443
10.9243
10.9129
10.8348
10.9754
10.1114
10.9294
11.0013
10.9676
10.9641
10.9427
11.0548
11.019
10.9861
11.0178
10.9773
10.9593
11.0471
11.0341
11.0696
11.0618
11.0598
11.0235
10.9801
10.8423
10.9084
11.0618
11.0583
11.0138
11.0325
11.0056
10.8453
10.8269
11.0388
11.0321
10.8777
10.5952
10.8732
10.9108
11.0091
10.9956
11.0094
10.7537
11.0608
10.9475
10.961
10.9872
11.0782
11.0282
10.8933
10.9804
