5161
5001
4987
5162
5105
4835
5007
5008
4984
4899
5143
5195
5064
5160
5100
5070
4930
4901
5067
4945
5241
4836
5053
5143
4880
5250
5285
5079
5092
5072
4962
5103
4773
4987
4882
5087
4970
5037
5165
5103
4799
5128
5217
5063
5175
5006
5154
5116
5028
5052
5194
5051
4734
5015
4960
5070
5041
4790
4955
4925
4755
4766
4851
4846
4893
4977
5072
4991
4868
5035
4930
5028
4935
4917
5048
4895
4745
4669
4952
4855
4807
4726
4861
4805
4924
4910
4780
4929
4645
4813
4814
4920
4717
4859
4933
4984
5014
5111
5059
5026
4828
4891
4749
4986
4793
4968
4882
4966
4821
4823
4690
4716
4695
5056
4650
4778
4919
4716
4724
4907
4829
4786
4554
4849
4852
4947
4716
4805
4927
4822
4715
4878
4843
4737
4897
4914
4952
4707
4996
4928
4732
4865
4783
4944
4950
4872
5013
4894
4911
4867
4968
4799
4863
4751
4899
5027
4792
4845
5038
4958
4964
4958
5088
4935
5013
4891
5063
5186
5103
5131
4812
5002
5045
5173
5154
5028
5218
5143
4902
5125
5095
5074
5233
5030
5169
5017
5319
5013
5176
5079
5256
5272
5186
5157
5178
5073
4983
5179
5081
5170
5108
5235
5352
5166
5204
5224
5295
5197
5355
5257
5431
5434
5422
5390
5458
5327
5189
5245
5331
5265
5303
5432
5397
5471
5538
5463
5412
5447
5570
5278
5535
5596
5350
5412
5592
5397
5455
5575
5500
5420
5458
5614
5541
5537
5544
5577
5623
5643
5453
5591
5675
5711
5416
5534
5738
5620
5620
5755
5774
5821
5673
5592
5832
5750
5716
5795
5720
5841
5857
5765
5747
5810
5749
5705
5712
5910
5663
5836
5687
5816
5841
5831
5914
5637
5860
5806
5898
5960
5891
5793
5706
5919
5881
5890
5852
5937
5927
6002
