8.11665
8.46198
8.25607
8.47653
8.54812
8.24033
8.67662
8.48956
8.36236
8.13314
8.3733
8.68191
8.34105
8.55807
8.14429
8.46681
8.89642
8.9029
8.68765
8.68389
8.67692
8.25409
8.45992
8.45804
8.00577
8.68701
8.88616
8.88643
8.47126
8.35406
8.67883
8.69015
8.3792
8.53855
8.55803
8.48445
8.58343
8.47341
8.69838
8.90479
8.54296
8.58039
8.69841
8.68676
8.57565
8.54481
8.89636
8.77261
8.37021
8.8002
8.68753
8.90702
8.08475
8.4828
8.47541
8.79264
8.89836
8.4506
8.4702
8.46282
8.67162
8.25778
8.47714
8.48776
8.1393
8.24713
8.58974
8.44999
8.57184
8.57223
8.48791
8.78547
8.79508
8.89116
8.38745
8.49023
8.34975
8.37754
8.48732
8.54125
8.67998
8.4441
8.70353
8.24771
8.69134
8.66472
8.13983
8.49125
8.01426
8.4493
8.33587
8.53539
7.9426
7.9941
8.50566
8.58736
8.76681
8.68754
8.36535
8.14691
8.4961
8.68265
8.58867
8.69517
8.56125
8.47588
8.59321
8.58323
8.37205
8.49884
8.14753
8.38124
8.33287
8.53891
8.33189
8.36784
8.67733
8.33377
8.11053
8.14375
8.00724
8.57515
7.93566
8.46933
8.14194
8.48068
8.53823
8.89646
8.3545
8.58587
8.09267
8.47202
8.25144
9.00497
8.58224
8.90745
8.70159
8.57554
8.47325
8.46282
8.14017
8.56011
8.3669
8.69208
8.53265
8.57642
8.68072
8.48446
8.53371
8.70088
8.6873
8.14285
8.58102
8.03554
8.52678
8.04438
8.66846
8.38634
8.68066
8.03626
8.68769
8.36696
8.37597
8.48499
8.43905
8.43623
8.37486
8.4683
8.49489
8.67352
8.52354
8.68125
8.12505
8.57224
8.70214
8.68547
8.47019
8.47644
8.46053
8.67922
8.68326
8.47615
8.48495
8.4857
8.69527
8.36249
8.49458
8.48436
8.56691
8.32838
8.56191
8.54445
8.4522
8.67613
8.6717
8.57832
8.58144
8.47321
8.02497
8.68075
8.57616
8.67808
8.67455
8.15377
8.56999
8.03148
8.58514
8.4745
8.48529
8.58423
8.37075
8.32753
8.67351
8.57195
8.35987
8.32316
8.49565
8.48223
8.48206
8.14074
8.24136
8.36975
7.98484
8.48568
8.48258
8.46321
8.47962
8.3809
8.48476
8.48539
8.67461
8.55371
8.60175
8.67677
8.58538
8.43456
8.37087
8.49424
8.32761
8.6883
8.5662
8.48847
8.67479
8.47283
8.48835
8.4823
8.68635
8.51907
8.57167
8.68778
8.68556
8.55578
8.68112
8.48987
8.41998
8.47838
8.5401
8.35729
8.60786
8.46894
8.68446
8.68778
8.35755
8.68248
8.4733
8.35574
8.32064
8.47641
8.32026
8.36915
8.37937
8.5376
8.68442
8.67396
8.46819
8.57643
8.67375
8.58161
8.14189
8.32182
8.55872
8.57423
8.68318
7.93067
8.48149
8.57092
8.45347
8.48601
8.48732
8.57802
8.47679
8.35627
8.37387
8.37564
8.35077
8.68389
8.60706
8.56248
