91.8728
91.8389
91.8389
91.8389
92.0335
92.0337
92.0844
92.0844
92.0844
92.0715
92.0715
92.0726
92.0726
92.0726
92.0733
92.0733
92.0733
92.0733
92.0733
92.0733
92.0733
92.0733
92.0733
92.0733
92.0733
92.0733
92.0733
92.0733
92.0733
92.0733
92.0733
92.0733
92.0733
92.0733
92.0733
92.0733
92.0733
92.0733
92.0733
92.0733
92.0733
92.0733
92.0733
92.0733
92.0733
92.0733
92.0733
92.0733
92.0733
92.0733
92.0733
92.0733
92.0733
92.0733
92.0733
92.0733
92.0733
92.0733
92.0733
92.0733
92.0733
92.0733
92.0733
92.0733
92.0733
92.0733
92.0733
92.0733
92.0733
92.0733
92.0733
92.0733
92.0733
92.0733
92.0733
92.0733
92.0733
92.0733
92.0733
92.0733
92.2106
92.2106
92.2106
92.2106
92.2106
92.2106
92.2111
92.2111
92.2111
92.2111
92.2111
92.2111
92.2111
92.2111
92.2111
92.2161
92.2161
92.33
92.33
92.33
92.33
92.33
92.33
92.33
92.33
92.33
92.33
92.33
92.33
92.33
92.33
92.33
92.33
92.33
92.33
92.33
92.33
92.33
92.33
92.33
92.33
92.33
92.33
92.33
92.33
92.33
92.33
92.33
92.3036
92.4145
92.4145
92.4145
92.4145
92.4145
92.4145
92.4145
92.4145
92.4019
92.4019
92.4019
92.4019
92.4019
92.4019
92.2851
92.2851
92.2851
92.2882
92.2882
92.2882
92.2882
92.2882
92.2882
92.2882
92.2882
92.2882
92.2882
92.2882
92.2882
92.2882
92.2882
92.2882
92.2882
92.2882
92.2882
92.2882
92.2882
92.2882
92.2882
92.2882
92.2882
92.2882
92.2882
92.2882
92.2882
92.2882
92.2882
92.2882
92.2882
92.2882
92.2882
92.2882
92.2882
92.2882
92.2882
92.2882
92.2882
92.2882
92.2882
92.2882
92.2882
92.2882
92.2882
92.2882
92.2882
92.2882
92.2882
92.2882
92.2882
92.2882
92.2882
92.2882
92.2882
92.2882
92.2882
92.2882
92.2882
92.2882
92.2882
92.2882
92.2882
92.2882
92.2882
92.2882
92.2882
92.2882
92.2882
92.2882
92.2882
92.2882
92.2882
92.2882
92.2878
92.2878
92.2878
92.2878
92.2878
92.2878
92.2878
92.2878
92.2878
92.2878
92.2878
92.2878
92.2878
92.2878
92.2878
92.2878
92.2878
92.2878
92.2878
92.2878
92.2878
92.2878
92.2878
92.2878
92.2878
92.2878
92.2878
92.2878
92.2878
92.2878
92.2851
92.2851
92.2851
92.2851
92.2851
92.2851
92.2851
92.2851
92.2851
92.2851
92.2851
92.2851
92.2851
92.2851
92.2851
92.2851
92.2851
92.2851
92.2851
92.2851
92.2851
92.2851
92.2851
92.2851
92.2851
92.2851
92.2851
92.2851
92.2851
92.2851
92.2851
92.2851
92.2851
92.2851
92.2851
92.2851
92.2851
92.2851
92.2851
92.2851
92.2851
92.2851
92.2851
92.2851
