37.0391
38.6547
38.6547
38.6547
38.6547
38.6547
38.6547
39.1047
39.1047
39.1047
39.1047
39.1047
39.1047
39.1047
39.1047
39.1047
39.1047
39.1922
39.1922
39.1922
39.1922
39.1922
39.1922
39.1922
39.1922
39.1922
39.1922
39.1922
39.1922
39.1922
39.1922
39.1922
39.1922
39.1922
39.1922
39.1922
39.1922
39.1922
39.1922
39.1922
39.1922
39.1922
39.1922
39.1922
39.1922
39.1922
39.1922
39.1922
39.2828
39.2828
39.2828
39.2828
39.2828
39.2828
39.2828
39.2828
39.2828
39.2828
39.2828
39.2828
39.2828
39.2828
39.2828
39.2828
39.2828
39.2828
39.2828
39.2828
39.2828
39.2828
39.2828
39.2828
39.2828
39.2828
39.2828
39.2828
39.2828
39.2828
39.2828
39.2828
39.2828
39.2828
39.2828
39.2828
39.2828
39.2828
39.2828
39.2828
39.2828
39.2828
39.4453
39.4453
39.4453
39.4453
39.4453
39.4453
39.4453
39.4453
39.4453
39.4453
39.4453
39.4453
39.4453
39.4453
39.4453
39.4453
39.4453
39.4453
39.4453
39.4453
39.4453
39.4453
39.4453
39.4453
39.4453
39.4453
39.4453
39.4453
39.4453
39.4453
39.4453
39.4453
39.4453
39.4453
39.4453
39.4453
39.4453
39.4453
39.4453
39.4453
39.4453
39.5406
39.5406
39.5406
39.5406
39.5406
39.5406
39.5406
39.5406
39.5406
39.5406
39.5406
39.5406
39.5406
39.5406
39.5406
39.9875
39.9875
39.9875
39.9875
39.9875
39.9875
39.9875
39.9875
39.9875
39.9875
39.9875
39.9875
39.9875
39.9875
39.9875
39.9875
39.9875
39.9875
39.9875
39.9875
39.9875
39.9875
39.9875
39.9875
39.9875
39.9875
39.9875
39.9875
39.9875
39.9875
39.9875
39.9875
39.9875
39.9875
39.9875
39.9875
39.9875
39.9875
39.9875
39.9875
39.9875
39.9875
39.9875
39.9875
39.9875
39.9875
39.9875
39.9875
39.9875
39.9875
39.9875
39.9875
39.9875
39.9875
39.9875
39.9875
39.9875
39.9875
39.9875
40.7828
40.7828
40.7828
40.7828
40.7828
40.7828
40.7828
40.7828
40.7828
40.7828
40.7828
40.7828
40.7828
40.7828
40.7828
40.7828
40.7828
40.7828
40.7828
40.7828
40.7828
40.7828
40.7828
40.7828
40.7828
40.7828
40.7828
40.7828
40.7828
40.7828
40.7828
40.7828
40.7828
40.7828
40.7828
40.7828
40.7828
40.7828
40.7828
40.7828
40.7828
40.7828
40.7828
40.7828
40.7828
40.7828
40.7828
40.7828
40.7828
40.7828
40.7828
40.7828
40.7828
40.7828
40.7828
40.7828
40.7828
40.7828
40.7828
40.7828
40.7828
40.7828
40.7828
40.7828
40.7828
40.7828
40.7828
40.7828
40.7828
40.7828
40.7828
40.7828
40.7828
40.7828
40.7828
40.7828
40.7828
40.7828
40.7828
40.7828
40.7828
40.7828
40.7828
40.7828
40.7828
40.7828
40.7828
40.7828
40.7828
40.7828
