26.6424
31.1618
31.1618
31.1618
31.2464
31.2464
31.2464
31.2464
31.2464
31.4413
31.4413
31.4413
31.4413
31.4413
31.4413
31.4413
31.4413
31.4413
31.4413
31.4413
31.4413
31.4413
31.4413
31.4413
31.4413
31.4413
31.4413
31.4413
31.4413
31.4413
31.4413
31.4413
31.4413
31.4413
31.4413
31.4413
31.4413
31.4413
31.4413
31.4413
31.4413
31.4413
31.4413
31.4413
31.4413
31.4413
31.4413
31.4413
31.4413
31.4413
31.4413
31.4413
31.4413
31.4413
31.4413
31.4413
31.4413
31.4413
31.4413
31.4413
31.4413
31.4413
31.4413
31.4413
31.4413
31.4413
31.4413
31.4413
31.4413
31.4413
31.4413
31.4413
31.4413
31.4413
31.4413
31.4413
31.4413
31.4413
31.4413
31.4413
31.4413
31.4413
31.4413
31.4413
31.4413
31.4413
31.4413
31.4413
31.4413
31.4413
31.4413
31.4413
31.4413
31.4413
31.4413
31.4413
31.4413
31.4413
31.4413
31.4413
31.4413
31.4413
31.4413
31.4413
31.4413
31.4413
31.4413
31.4413
31.4413
31.4413
31.4413
31.4413
31.4413
31.4413
31.4413
31.4413
31.4413
31.4413
31.4413
31.4413
31.4413
31.4413
31.4413
31.4413
31.4413
31.4413
31.4413
31.4413
31.8021
31.8021
31.8021
31.8021
31.8021
31.8021
31.8021
31.8021
31.8021
31.9811
31.9811
31.9811
31.9811
31.9811
31.9811
33.6172
33.6172
33.6172
33.6172
33.6172
33.6172
33.6172
33.6172
33.6172
33.6172
33.6172
33.6172
33.6172
33.6172
33.6172
33.6172
33.6172
33.6172
33.6172
33.6172
33.6172
33.6172
33.6172
33.6172
33.6172
33.6172
33.6172
33.6172
33.6172
33.6172
33.6172
33.6172
33.6172
33.6172
33.6172
33.6172
33.6172
33.6172
33.6172
33.6172
33.6172
33.6172
33.6172
33.6172
33.6172
33.6172
33.6172
33.6172
33.6172
33.6172
33.6172
33.6172
33.6172
33.6172
33.6172
33.6172
33.6172
33.6172
33.6172
33.6172
33.6172
33.6172
33.6172
33.6172
33.6172
33.6172
33.6172
33.6172
33.6172
33.6172
33.6172
33.6172
33.6172
33.6172
33.6172
33.6172
33.6172
33.6172
33.6222
33.6222
33.6222
33.6222
33.6222
33.6222
33.6222
33.6222
33.6222
33.6222
33.6222
33.6222
33.6222
33.6222
33.6222
33.6222
33.6222
33.6222
33.6222
33.6222
33.6222
33.6222
33.6222
33.6222
33.6222
33.6222
33.6222
33.6222
33.6222
33.6222
33.662
33.662
33.662
33.662
33.662
33.662
33.662
33.662
33.662
33.662
33.662
33.662
33.662
33.662
33.662
33.662
33.662
33.662
33.662
33.662
33.662
33.662
33.662
33.662
33.662
33.662
33.662
33.662
33.662
33.662
33.662
33.662
33.662
33.662
33.662
33.662
33.662
33.662
33.662
33.662
33.662
33.662
33.662
33.662
