2119
2331
2152
2234
2106
2154
2151
2211
2167
2149
2193
2282
2113
2189
2111
2156
2313
2146
2355
3608
2193
2170
2097
2162
2087
2216
2063
1738
2014
2124
2065
2030
2022
1835
2134
2160
3648
1999
1798
2056
1983
1945
2063
3220
2106
1773
1627
2174
2060
2056
1760
1980
1960
2039
2096
2040
2098
2071
2092
1979
1945
1689
2057
2126
2022
2022
1608
1534
1978
1659
2001
3342
1619
2078
2041
1969
1498
1669
1847
1992
1577
1613
1984
1667
1895
3271
1630
1524
1582
2004
1848
1559
1877
1691
3174
1567
1941
1957
1793
1552
1842
1917
1492
1520
1895
1828
3010
1955
1622
1494
1924
1872
1578
1969
1579
1977
2074
1941
1914
2053
2020
2096
2008
2037
1940
1969
2154
2150
2062
2063
1655
2179
2085
1733
2078
1649
2160
2149
2038
2038
2123
1754
2006
2132
2249
1799
2057
2086
2058
3477
1989
2065
2145
2115
1949
3363
2010
2016
2128
2061
2039
2177
2022
2073
1703
1989
1927
2003
2017
2066
1993
2093
1979
2030
2137
1547
2074
2136
2022
1662
2033
2083
2095
2022
2140
3288
1948
2131
1968
2017
2088
1929
2019
2008
2083
1957
1946
1646
2033
1990
2058
1927
2199
2074
2053
1962
2053
1985
3266
3353
1988
2071
1863
2166
1956
1974
2040
3270
2034
2128
2095
2079
2013
2009
2028
1959
1863
1944
2023
1980
1939
1894
2022
2064
1674
1887
1955
1864
1982
1976
1941
1805
1959
1984
1961
1991
3099
1931
2017
1828
1859
1747
1761
1870
1790
1489
1909
2919
1482
1751
2330
1771
1886
1825
1895
1814
1761
1787
1962
1813
1811
1893
2037
1834
1939
1712
1703
1892
1978
1806
1753
1744
1883
1785
2007
1888
1894
1836
1754
1757
1799
1796
1912
1800
1960
