4.09479
4.35341
4.35343
4.35343
4.57137
4.57155
4.62694
4.62694
4.62694
4.62694
4.62694
4.62816
4.62816
4.62816
4.629
4.629
4.629
4.629
4.629
4.629
4.629
4.629
4.629
4.629
4.629
4.629
4.629
4.629
4.629
4.629
4.629
4.629
4.629
4.629
4.629
4.629
4.629
4.629
4.629
4.629
4.629
4.629
4.629
4.629
4.629
4.629
4.629
4.629
4.629
4.629
4.629
4.629
4.629
4.629
4.629
4.629
4.629
4.629
4.629
4.629
4.629
4.629
4.629
4.629
4.629
4.629
4.629
4.629
4.629
4.629
4.629
4.629
4.629
4.629
4.629
4.629
4.629
4.629
4.629
4.629
4.77984
4.77984
4.77984
4.77984
4.77984
4.77984
4.78037
4.78037
4.78037
4.78037
4.78037
4.78037
4.78037
4.78037
4.78037
4.78594
4.78594
4.91108
4.91108
4.91108
4.91108
4.91108
4.91108
4.91108
4.91108
4.91108
4.91108
4.91108
4.91108
4.91108
4.91108
4.91108
4.91108
4.91108
4.91108
4.91108
4.91108
4.91108
4.91108
4.91108
4.91108
4.91108
4.91108
4.91108
4.91108
4.91108
4.91108
4.91108
4.91108
5.03448
5.03448
5.03448
5.03448
5.03448
5.03448
5.03448
5.03448
5.03542
5.03542
5.03542
5.03542
5.03542
5.03542
5.03542
5.03542
5.03542
5.03902
5.03902
5.03902
5.03902
5.03902
5.03902
5.03902
5.03902
5.03902
5.03902
5.03902
5.03902
5.03902
5.03902
5.03902
5.03902
5.03902
5.03902
5.03902
5.03902
5.03902
5.03902
5.03902
5.03902
5.03902
5.03902
5.03902
5.03902
5.03902
5.03902
5.03902
5.03902
5.03902
5.03902
5.03902
5.03902
5.03902
5.03902
5.03902
5.03902
5.03902
5.03902
5.03902
5.03902
5.03902
5.03902
5.03902
5.03902
5.03902
5.03902
5.03902
5.03902
5.03902
5.03902
5.03902
5.03902
5.03902
5.03902
5.03902
5.03902
5.03902
5.03902
5.03902
5.03902
5.03902
5.03902
5.03902
5.03902
5.03902
5.03902
5.03902
5.03902
5.03902
5.03902
5.03902
5.03902
5.03902
5.03902
5.03902
5.03902
5.03902
5.03902
5.03902
5.03902
5.03902
5.03902
5.03902
5.03902
5.03902
5.03902
5.03902
5.03902
5.03902
5.03902
5.03902
5.03902
5.03902
5.03902
5.03902
5.03902
5.03902
5.03902
5.03902
5.03902
5.03902
5.03902
5.03902
5.03902
5.03902
5.03902
5.03902
5.03902
5.03902
5.03902
5.03902
5.03902
5.03902
5.03902
5.03902
5.03902
5.03902
5.03902
5.03902
5.03902
5.03902
5.03902
5.03902
5.03902
5.03902
5.03902
5.03902
5.03902
5.03902
5.03902
5.03902
5.03902
5.03902
5.03902
5.03902
5.03902
5.03902
5.03902
5.03902
5.03902
5.03902
5.03902
5.03902
5.03902
5.03902
