99.8926
100.582
101.43
100.153
100.342
100.635
101.168
100.859
100.04
100.106
99.0091
99.5644
99.8075
101.559
100.513
100.751
100.598
99.6238
100.42
101.091
100.661
100.774
100.461
99.7317
101.462
100.662
100.815
100.227
101.275
100.456
101.219
100.501
101.96
100.547
101.185
99.6155
100.356
100.573
99.8896
100.139
101.262
100.109
100.591
100.851
99.2384
100.865
99.6674
100.261
100.529
100.4
99.7789
100.787
100.617
99.8668
100.758
100.428
99.9552
98.9434
99.7414
99.9316
100.367
99.7303
102.246
101.509
100.072
100.147
100.88
98.0021
99.8302
99.5322
100.272
99.4187
100.534
99.8818
99.4225
100.204
100.141
100.581
100.481
100.117
99.9377
100.119
99.2476
99.7222
100.847
99.7014
99.7315
100.276
100.217
98.9078
100.296
99.7368
99.7743
98.7997
101.049
100.367
100.878
100.572
99.6888
99.3412
100.135
100.404
99.7787
100.268
100.898
99.0254
100.193
99.7129
100.274
99.5662
100.345
100.018
100.011
99.8412
99.766
100.098
99.1867
99.7401
100.749
99.0153
99.8028
101.256
99.4721
99.8702
99.5213
99.471
99.7622
100.849
100.126
99.0082
100.413
100.223
99.5992
99.6469
99.415
99.8569
100.336
99.9468
101.09
100.939
99.9129
99.4303
99.6508
99.4787
100.228
99.6287
98.8638
99.9399
101.097
100.718
99.1713
99.5851
99.3769
100.429
99.3799
100.05
98.9457
100.033
99.0902
100.051
99.273
100.788
100.498
99.8849
99.7431
99.2974
100.852
100.378
100.211
99.9021
99.798
99.8518
100.582
100.596
101.034
98.9052
99.9135
99.3054
100.238
99.5593
98.9403
100.218
100.462
100.388
100.372
99.8818
100.079
100.014
100.47
100.528
99.0872
100.99
99.2336
100.133
99.1334
100.423
99.4427
99.9429
99.2137
99.5231
99.5816
99.4124
100.416
100.106
101.245
98.9
99.2471
99.1773
98.0351
98.836
99.6963
99.6452
99.9485
99.7785
99.0722
100.389
98.7833
99.9634
100.029
98.619
100.029
100.011
100.017
101.2
99.0742
98.3277
98.8498
98.7283
99.2524
99.7645
98.8482
98.8913
101.347
99.5787
100.523
99.6641
99.4435
99.9608
99.9629
98.1687
96.841
98.6318
99.9162
99.1228
100.799
99.6241
99.5488
100.081
98.2904
99.041
99.4608
99.4702
99.9749
99.4272
100.533
100.056
99.5059
100.228
101.08
99.9508
100.362
99.6332
99.6736
100.508
99.4025
99.9503
97.9167
100.533
100.739
98.9936
99.9399
99.3135
99.7248
99.0341
99.8425
100.207
101.035
99.4039
99.3877
99.8505
100.522
101.619
99.3649
99.4574
99.9091
100.099
99.2008
99.8873
99.3822
99.566
100.034
100.269
99.8056
99.191
98.9636
99.7824
98.2763
100.135
