5.74177
5.55555
5.31297
5.43084
5.43038
5.43352
5.37098
5.27877
5.36635
5.27751
6.06731
5.6123
5.56271
5.20228
5.56788
5.36202
5.22892
5.57388
5.43373
5.24469
5.27376
5.25813
5.56502
5.55313
5.25613
5.11638
5.25532
5.41073
5.27813
5.56243
5.20538
5.21453
5.11534
5.58769
5.11382
5.58827
5.44168
5.28075
5.77972
5.45136
5.27086
5.65415
5.57415
5.43383
5.77338
5.43712
5.56625
5.41215
5.43864
5.59658
5.53053
5.43763
5.27538
5.44705
5.2218
5.43965
5.53272
5.77333
5.44685
5.66782
5.43423
5.57322
5.11099
5.27269
5.57258
5.43915
5.42197
5.89798
5.54482
5.57314
5.27627
5.64276
5.56338
5.73406
5.56123
5.43271
5.43839
5.41268
5.55964
5.43499
5.62849
5.32601
5.7157
5.55755
5.432
5.56311
5.41199
5.43236
5.42402
5.79808
5.58257
5.56519
5.58629
5.73638
5.41827
5.56031
5.44355
5.27962
5.59963
5.56877
5.44437
5.39966
5.55746
5.60369
5.43236
5.73691
5.43727
5.62566
5.43064
5.72738
5.42537
5.54453
5.5128
5.57351
5.53636
5.5628
5.60167
5.54847
5.27529
5.72646
5.42749
5.27248
5.60597
5.55712
5.54007
5.75973
5.43717
5.27932
5.56019
5.59102
5.27174
5.40648
5.65739
5.56942
5.74332
5.43682
5.61211
5.60151
5.33405
5.41442
5.43808
5.71556
5.44031
5.73242
5.2858
5.44609
6.04956
5.56795
5.21275
5.35748
5.56649
5.74829
5.58813
5.56151
5.57439
5.5914
5.72602
5.55778
5.59138
5.41159
5.73384
5.42557
5.54799
5.59982
5.42461
5.72615
5.43545
5.60086
5.60652
5.73011
5.55179
5.72654
5.41903
5.41371
5.41275
5.72786
5.58123
5.59839
5.32671
5.57122
6.05628
5.43099
5.44812
5.43824
5.41863
5.43236
5.5172
5.60195
5.51386
5.41979
5.88289
5.21015
5.73775
5.52177
5.60283
5.27228
5.56363
5.60391
5.59606
5.41329
5.72717
5.52633
5.39803
5.56992
5.20214
5.72717
5.59895
5.5868
6.21066
5.57235
5.57797
5.61174
5.56644
5.31557
5.88517
5.22061
5.69564
5.59919
5.59369
5.75758
5.32841
5.57291
5.43879
5.20417
5.73737
5.87716
5.94198
5.8228
5.59746
5.69615
5.71503
5.73475
5.18702
5.59004
5.42293
5.59356
5.73217
5.61338
5.42947
6.04916
6.32524
5.72775
5.56341
5.74694
5.33874
5.72717
5.73193
5.60775
5.74059
5.88248
5.72989
5.43216
5.60143
5.73643
5.42658
5.54988
5.71474
5.55487
5.24244
5.61596
5.56705
5.5294
5.55064
5.42719
5.41518
5.56358
6.2146
5.40756
5.33081
5.70986
5.72886
5.41979
5.44001
5.71543
5.5264
5.54498
5.23862
5.58348
5.74748
5.73944
5.40374
5.19794
5.73335
5.73326
5.69103
5.59819
5.59402
5.56034
5.54565
5.69456
5.59337
5.42344
5.38754
5.59077
5.69937
5.61133
5.71996
5.23012
