8.55146
8.635
8.41381
8.8164
8.74777
8.9771
9.14276
8.97648
9.15262
9.18415
8.47518
9.51262
8.48643
8.83245
9.05658
8.84665
8.26572
8.39811
8.91337
8.39694
8.89377
9.61354
8.41274
8.66659
8.53055
8.43118
8.88175
8.47801
8.39373
8.51225
8.15301
8.0708
8.18847
8.20652
8.75608
8.37451
8.19004
8.45219
8.53633
8.16684
8.54519
8.20109
8.22869
8.45545
8.11976
8.59916
8.44525
8.15604
8.04811
8.1911
8.29249
8.54119
8.24674
8.02465
8.28089
8.32083
8.24147
8.5435
8.49345
7.98892
8.54119
8.22014
8.35912
8.03196
7.98038
8.09716
8.2048
7.96064
8.63948
8.51626
8.20701
8.29152
8.74201
8.36256
8.53209
8.21536
7.90204
8.06176
8.39266
8.27565
8.11991
9.05368
8.30381
8.85518
8.61358
8.93261
8.62521
8.18709
8.36237
8.33663
8.14979
8.75362
8.91665
8.97801
8.43934
8.63826
8.39512
8.75781
8.90673
8.96981
8.25254
9.07664
8.29667
8.65272
8.94662
8.66197
9.19781
9.14894
9.04073
9.13078
8.54257
8.82087
8.75965
8.5588
8.87805
8.92515
8.381
9.00013
9.06489
9.11555
8.75958
8.44086
8.86065
8.43885
9.09702
8.92393
8.45401
8.75255
8.95768
8.5794
8.33805
9.00452
8.83605
8.90037
8.66999
8.15941
9.00772
8.9052
8.61358
8.60767
8.54188
8.54817
8.7637
9.20457
8.64071
8.43602
8.90691
8.86062
8.4502
8.28241
8.55646
8.86436
8.47236
8.58359
8.81377
8.76638
8.51979
8.37942
8.72797
8.25694
8.88948
8.69509
8.98765
8.57217
8.43825
8.43079
8.5436
8.66628
8.46604
8.4951
8.18946
8.45609
8.74941
8.69322
8.24412
8.39512
8.44364
8.50077
8.29225
8.62072
8.8266
8.55646
8.82516
8.31655
8.74608
8.21622
8.44364
8.79502
8.22674
8.40794
8.50822
8.35887
8.80888
8.66356
8.72797
8.56791
8.32544
8.66783
8.23109
8.40794
8.37957
8.52661
8.33797
8.15661
8.45401
8.53702
8.67676
8.48914
8.65462
8.73317
8.80333
8.5179
8.5425
8.32512
8.39512
8.77316
8.61448
8.43079
8.8116
8.33797
8.40937
8.3037
8.40255
8.55931
8.85477
8.63572
8.14376
8.68893
8.17983
8.92919
8.43059
8.41168
8.1326
8.83005
8.42262
8.45788
8.45354
8.30417
8.58895
8.39369
8.399
8.32613
8.70653
8.43391
8.37476
8.43111
8.2837
8.3138
8.30804
8.45059
8.55035
8.12525
8.34976
8.83481
8.08467
8.68707
8.80674
8.36262
8.15952
8.35373
8.30804
8.44567
8.24959
8.42223
8.53973
8.51608
8.62548
8.47476
8.33939
8.58964
8.73749
8.43079
8.63792
9.65148
8.41612
8.51929
8.47378
8.46217
8.5425
8.35403
8.70484
8.36856
8.53283
8.7036
8.44116
9.05588
8.62663
8.81245
8.82087
8.56503
8.59819
8.89013
8.21249
8.69322
8.29382
8.33939
8.44364
8.45609
