8.78609
8.7541
8.7589
8.80544
8.89392
8.78797
8.77981
8.90393
8.7723
8.90342
8.73212
8.84284
8.79344
8.86787
8.78764
8.91445
8.92286
8.88928
8.91329
8.83656
8.88546
8.78779
8.83809
8.84254
8.83589
8.88838
8.7497
8.85753
8.93495
8.88526
8.8177
8.76569
8.78779
8.82132
8.90334
8.86759
8.80466
8.83987
8.76684
8.80702
8.9078
8.90208
8.78366
8.87683
8.83683
8.86521
8.93152
8.85189
8.82404
8.81313
8.98768
8.84699
8.89412
9.02722
8.83348
8.82313
8.85483
8.92231
8.80199
9.06241
8.75984
8.8493
8.81085
8.76154
8.83514
8.87967
8.90215
8.84138
8.84498
8.85023
8.81409
8.8763
8.86456
8.8852
8.82598
8.81604
8.88864
8.84358
8.85023
8.83648
8.80913
8.84106
8.81139
8.8875
8.81709
8.84969
8.89045
8.75994
8.83637
8.82819
8.96833
8.91065
8.87704
8.7796
8.8304
8.87256
8.87085
8.88384
8.87894
8.82106
8.88077
8.88471
8.83637
8.89565
8.91004
8.84098
8.89668
8.79784
8.88196
8.89001
8.98144
8.81244
8.89308
8.86512
8.89694
8.91027
8.88647
8.85893
8.8773
9.03584
8.83612
8.90834
8.91529
8.89898
8.90878
8.84451
8.95085
8.84946
8.8493
8.98067
8.83387
8.96616
8.97912
8.90409
8.87415
8.8411
8.85598
8.87429
8.96179
8.87012
8.84944
8.8883
8.8717
8.9284
8.86391
8.88565
8.9569
8.9053
8.90901
8.87794
8.98679
8.83957
8.87235
8.88976
8.90377
8.80652
8.87627
8.78616
8.81138
8.82298
8.81061
8.95756
8.86274
8.84551
8.80832
8.96492
8.89816
8.85508
8.98453
8.96516
8.84455
8.94645
8.84023
8.85831
8.89641
8.96498
8.8977
8.932
8.9031
8.81913
8.89226
8.83198
8.86278
8.89502
8.98046
8.88183
9.02774
8.86805
8.90611
8.87498
8.91608
8.96242
8.84691
8.96445
8.88893
8.88553
8.96186
8.91069
8.87151
8.9965
8.81176
8.89124
8.99244
8.8423
8.83679
8.91191
8.91132
8.86442
8.90248
8.93818
8.86993
8.84205
8.98636
8.78662
8.85098
8.84205
8.94917
8.85166
8.83795
8.88725
8.87363
8.86019
8.95819
8.90342
8.85604
8.82591
8.85112
8.85041
8.833
8.81742
8.91748
8.87698
8.84521
8.89832
8.85037
8.86098
8.92646
8.83025
8.85916
8.9003
8.96728
8.98362
9.07538
8.81719
8.87397
8.86904
8.83596
8.78587
8.85113
8.8483
8.96542
8.99915
8.87235
8.96884
8.87849
8.92303
8.93604
8.78212
8.86771
8.85441
8.90037
8.94169
8.88226
8.82131
8.86178
9.02114
8.90968
8.88952
8.99113
8.84944
8.91641
8.9057
8.79267
8.8437
8.85457
8.8423
8.90328
8.85768
8.87067
8.86607
8.94038
8.83957
9.02447
8.98761
8.8627
8.84166
8.90803
8.96202
8.99916
8.98124
8.89278
8.90447
8.98573
8.89763
8.94219
8.98046
8.97162
8.88385
