3200
3064
3280
3238
3142
3200
3215
3140
3197
3202
3311
3060
3263
3155
3234
3179
3131
3226
3168
3187
3214
3167
3137
3148
3222
3332
3106
3125
3138
3223
3233
3165
3092
3218
3220
3176
3089
3185
3319
3259
3181
3271
3209
3255
3211
3315
3259
3114
3283
3301
3241
3223
3288
3262
3261
3260
3295
3262
3251
3199
3158
3265
3221
3341
3212
3276
3260
3166
3316
3257
3329
3180
3220
3295
3210
3249
3242
3337
3269
3127
3232
3239
3232
3342
3086
3201
3236
3249
3293
3300
3267
3236
3327
3332
3267
3211
3285
3266
3278
3324
3194
3277
3246
3294
3300
3212
3288
3213
3342
3261
3138
3353
3297
3295
3321
3219
3206
3319
3272
3329
3176
3332
3273
3270
3293
3303
3308
3276
3268
3281
3145
3308
3282
3274
3115
3269
3219
3320
3296
3334
3230
3237
3253
3204
3245
3168
3183
3233
3243
3346
3301
3272
3181
3247
3309
3271
3194
3108
3165
3232
3290
3121
3152
3168
3290
3293
3132
3155
3111
3168
3249
3223
3187
3200
3212
3230
3266
3206
3164
3201
3246
3245
3188
3174
3253
3125
3128
3201
3148
3179
3201
3188
3197
3252
3093
3132
3096
3182
3155
3197
3147
3134
3153
3127
3077
3159
3102
3044
3098
3028
3227
3149
3139
3194
3089
3034
3148
3288
2989
3136
3189
3132
3080
3179
3090
3127
3139
3191
3156
3178
3127
3137
3178
3124
3048
3163
3138
3128
3013
3183
3097
3218
3218
3082
3211
3141
3190
3183
3195
3169
3169
3157
3207
3064
3079
3150
3157
3123
3016
3095
3107
3074
3151
3142
3163
3203
3159
3056
3130
3030
3262
3167
3072
3168
3134
3181
3097
3101
3165
3187
3206
3086
3053
3102
3103
3162
3123
3139
3119
3086
3142
3068
3079
3037
3149
3180
3105
3081
