8.80625
8.82657
8.85461
8.58472
8.6763
8.73377
8.83769
8.69492
8.47257
8.45136
8.8362
8.59229
8.60285
8.82952
8.82935
8.74717
8.56814
8.58849
8.71208
8.709
8.61895
8.60262
8.8288
8.58616
8.83933
8.46324
8.59827
8.60686
8.84072
8.84179
8.70324
8.46399
8.83824
8.87262
8.6348
8.59291
8.65959
8.58067
8.83655
8.60136
8.81833
8.82842
8.8588
8.83688
8.64805
8.84032
8.60917
8.61689
8.71865
8.83165
8.62859
8.80883
8.60979
8.58728
8.57867
8.68716
8.64114
8.58158
8.46905
8.84141
8.63912
8.60812
8.93567
8.84072
8.71109
8.61748
8.84399
8.38379
8.61
8.5454
8.4711
8.58762
8.86007
8.82968
8.49061
8.60664
8.61822
8.71654
8.83417
8.58832
8.71533
8.48173
8.58499
8.60296
8.81101
8.58895
8.4614
8.60862
8.60942
8.56546
8.84107
8.62321
8.64474
8.45459
8.86689
8.80673
8.8531
8.59575
8.63146
8.47081
8.61953
8.66222
8.60331
8.82655
8.8634
8.54549
8.63651
8.63743
8.65062
8.72385
8.70431
8.65794
8.65263
8.64919
8.59901
8.73653
8.47604
8.5898
8.64588
8.59367
8.4809
8.81833
8.58085
8.65381
8.52852
8.71067
8.51717
8.67131
8.72098
8.43846
8.51847
8.64036
8.69454
8.59644
8.68632
8.50916
8.84254
8.71407
8.84735
8.84324
8.53114
8.66813
8.45757
8.71379
8.48459
8.46104
8.8432
8.68919
8.70747
8.71822
8.46835
8.73376
8.5184
8.83381
8.51601
8.71299
8.5205
8.66679
8.41099
8.53915
8.61091
8.83928
8.83271
8.6826
8.44953
8.66142
8.84715
8.84418
8.84324
8.86012
8.60659
8.83383
8.72206
8.72785
8.88241
8.53727
8.69134
8.52546
8.54279
8.54162
8.85409
8.61503
8.72135
8.69961
8.70586
8.52679
8.72655
8.7337
8.80537
8.71868
8.73505
8.69108
8.61416
8.72598
8.461
8.54111
8.54462
8.728
8.47415
8.43176
8.70215
8.47415
8.70407
8.72203
8.7159
8.51831
8.50064
8.45102
8.72411
8.35126
8.60912
8.61712
8.71888
8.34422
8.71175
8.46276
8.46112
8.70912
8.71975
8.45176
8.46697
8.7011
8.60334
8.73006
8.56619
8.461
8.69819
8.54036
8.47532
8.73098
8.49141
8.51218
8.73694
8.59332
8.71096
8.6114
8.70165
8.71493
8.54185
8.60433
8.47682
8.45525
8.73652
8.5787
8.72394
8.73503
8.70466
8.73168
8.32005
8.69834
8.71787
8.43442
8.72228
8.71474
8.7283
8.71446
8.70738
8.7241
8.71545
8.72282
8.82187
8.56481
8.57877
8.69971
8.35011
8.7288
8.69252
8.71327
8.74119
8.51108
8.85399
8.34085
8.45377
8.52762
8.59883
8.72914
8.71107
8.51749
8.68062
8.81841
8.72472
8.83295
8.70997
8.72753
8.78752
8.74779
8.47985
8.6845
8.51949
8.72171
8.74023
8.65003
8.49355
8.47011
8.52033
8.70804
8.33001
8.4061
