102.885
103.223
102.316
101.675
102.971
102.047
98.2984
104.306
101.975
104.674
103.169
102.8
108.364
109.601
103.694
100.879
102.19
102.974
101.555
102.827
107.733
101.459
107.79
103.242
103.782
102.489
100.897
102.729
102.856
101.551
102.979
102.781
103.071
103.181
102.75
101.506
109.72
102.115
102.379
103.305
107.144
103.114
104.52
102.184
104.19
102.317
98.6162
102.365
102.478
103.481
97.9282
103.715
103.706
102.433
103.336
99.3447
109.516
103.024
103.389
102.512
102.972
107.435
99.2598
108.874
99.2099
103.964
102.426
98.8216
102.553
98.8195
102.866
103.047
102.075
103.084
109.929
98.0218
102.752
107.492
103.304
108.99
99.7184
97.8703
103.702
102.218
105.213
104.157
101.883
102.242
101.562
101.732
105.844
103.229
102.035
102.709
98.2715
101.619
104.113
105.018
97.6905
98.6572
104.732
100.314
102.48
103.913
105.426
102.985
109.205
104.888
100.527
99.6614
104.817
108.897
107.504
99.4603
101.984
103.333
101.994
101.439
109.222
102.393
101.549
99.2217
108.662
102.229
102.279
99.2122
103.952
103.773
99.7225
102.098
104.838
103.855
101.096
102.685
102.339
102.354
99.0837
103.559
108.116
103.573
98.4963
109.197
103.623
98.0345
102.842
104.647
101.27
103.327
108.935
99.9027
99.0422
102.474
99.6027
99.2605
105.638
99.2728
103.55
108.813
108.31
102.546
108.256
101.613
104.219
99.1315
99.6294
107.954
102.314
98.8142
108.282
108.059
100.079
96.2913
108.151
105.854
102.348
102.354
101.786
104.883
102.188
105.266
107.353
108.696
108.222
103.058
103.919
108.76
102.576
100.569
103.777
101.559
104.46
99.9863
101.479
105.319
104.752
105.037
102.746
101.504
107.352
102.012
98.4246
101.469
98.9759
101.461
108.88
103.088
102.154
102.411
109.446
104.135
100.417
108.771
109.175
101.666
104.424
102.383
101.34
108.936
108.615
107.588
107.524
102.902
102.844
107.369
104.359
108.364
103.624
103.505
110.116
105.107
108.747
106.912
107.39
102.942
101.487
99.7313
99.9587
102.681
101.341
98.1789
102.937
95.907
101.258
101.528
103.185
102.616
97.9298
98.5272
102.324
109.588
103.682
102.23
98.2941
97.8826
107.291
103.044
105.478
109.262
108.186
102.297
105.201
99.6238
102.845
103.209
101.43
103.557
102.942
97.5015
102.272
101.261
108.354
105.439
102.112
108.67
98.4851
97.5241
104.353
109.277
102.956
102.12
107.386
108.283
104.626
110.45
101.952
108.566
104.961
107.95
102.864
99.5444
107.293
102.11
108.524
104.411
99.8038
104.731
101.964
103.234
99.3288
