4.90988
5.07195
5.05337
5.42326
4.63901
5.08576
5.08081
4.89943
5.06834
3.22129
5.18128
5.0667
2.96557
2.96646
4.77446
5.48779
5.06636
5.05384
5.05996
4.89445
3.22593
4.54042
3.35135
5.02883
4.70434
5.0252
5.4807
4.89896
4.90249
5.05957
5.06819
4.90404
4.80562
4.90918
5.18563
5.08255
2.96206
5.03261
5.0332
4.80043
3.47961
5.07865
4.63256
5.06031
4.51629
5.04018
5.02808
5.05612
4.77491
5.05697
5.07849
5.05882
4.89954
4.80014
5.05595
4.90737
2.74519
4.78111
4.77243
5.03458
5.21728
3.22795
5.05475
2.96371
5.38675
4.80899
5.05057
5.06148
5.16695
5.24395
4.89237
4.79207
5.19355
5.40972
2.96359
5.0493
5.06483
3.3529
5.05847
3.2303
4.91777
5.06074
4.51602
5.35141
4.25044
4.50949
5.0236
5.09659
5.05928
5.21734
3.22688
5.0285
5.05338
5.33159
5.17241
5.05455
4.50913
4.51625
5.06074
5.06031
3.22338
5.02472
5.03125
5.03048
2.97863
4.64306
2.7167
2.96328
4.84225
5.63112
3.35258
2.97433
3.35102
4.94698
5.18279
5.06414
5.18281
5.06351
3.08864
5.03925
5.06522
4.77986
3.35504
5.02895
5.05698
5.0259
3.73988
4.80327
4.65113
5.07414
3.22568
3.22521
5.68126
5.0729
5.06963
5.02658
5.08221
4.77821
3.22793
4.77787
5.03275
3.12833
4.65189
5.06223
4.9285
3.47852
4.51505
4.78822
2.9636
4.80365
5.03031
5.06503
4.6367
4.89803
3.2283
4.6595
3.22131
2.95977
3.22058
5.06684
3.22317
4.83413
4.64995
5.07342
4.90707
3.22612
5.34922
5.0642
3.22413
3.21849
4.77154
4.65606
3.26287
3.22377
5.03266
5.06717
5.22315
4.51472
4.89347
2.97129
3.22903
2.96983
3.22386
4.76984
4.51546
2.96563
5.07374
4.52498
4.80918
5.0634
4.51043
4.89988
5.05652
4.24243
3.35044
4.50409
4.90694
5.02323
3.22131
4.94814
5.0328
5.06652
4.64764
5.06949
2.96945
4.64428
4.64745
5.02931
2.97311
4.89992
4.65918
3.22631
3.2248
5.03119
4.50501
4.80149
5.49446
3.22128
3.73291
3.22419
3.2246
4.90442
4.89912
3.22521
4.4199
3.22196
4.77875
5.0702
2.58836
3.35123
2.98051
2.7105
3.22131
4.64508
5.06552
4.65441
4.51231
4.94257
5.05074
5.17529
4.90249
5.04497
2.96659
4.37229
4.51472
5.02664
4.77778
4.90281
5.07654
2.71012
4.76443
5.07765
5.03246
5.15209
3.2245
4.62946
2.96962
2.96898
3.22433
5.04664
3.22524
4.81874
5.03867
5.03269
5.03236
4.6535
5.0217
5.10941
5.05636
4.64503
3.22788
2.96138
5.35791
3.23089
4.90809
5.1887
4.50112
2.96934
5.02096
4.9024
3.22344
2.97551
3.73105
2.58109
5.02483
3.09697
3.10179
3.22224
2.7119
4.90565
3.22872
5.18159
3.22671
3.22612
4.89777
4.51613
5.08218
3.3509
5.06928
