8.28699
7.96309
8.18179
8.12464
8.45351
8.16131
7.61475
8.42722
7.82954
7.8691
8.07051
8.54376
7.98702
8.23568
8.50263
8.14689
8.00985
8.03987
8.07253
7.9238
7.99695
8.16612
7.88161
8.08024
8.07691
7.96618
8.2854
7.50255
8.05718
8.33281
8.10972
7.87475
7.81663
8.34553
8.02546
7.79998
7.75447
7.91108
8.23452
8.00193
7.8805
7.85931
7.99872
7.78491
8.16189
7.8948
7.97141
7.75151
7.85685
7.89748
8.34956
8.00263
8.02409
8.01997
7.72521
8.1745
8.21832
7.77433
7.85937
8.09805
7.5316
8.3237
8.35516
8.25657
7.82924
8.21738
8.26631
8.4738
7.80143
8.26678
8.00546
7.88534
7.9587
8.38782
7.66705
8.32995
8.0925
7.96655
7.78069
7.77642
8.49406
8.26559
8.17403
8.00689
8.15638
8.44998
7.91888
8.53168
7.37166
7.70478
7.90209
8.47136
8.47659
8.15358
8.12423
8.05815
7.55436
8.36615
7.84217
8.20686
7.59481
8.21864
8.34805
8.18285
8.33696
8.30837
8.16919
8.11795
8.27954
8.17044
8.30399
8.08184
8.28542
7.72044
8.28683
8.27469
8.56675
7.9229
8.66877
8.37406
8.32404
8.12164
8.2512
8.22484
8.57294
8.30509
7.50982
8.02356
8.37868
8.47003
7.8778
8.46692
8.13124
8.10696
8.46596
8.17634
8.44198
8.29144
8.26302
8.46518
8.26631
8.3729
8.54189
8.35896
8.43428
7.73709
8.52593
8.29671
8.4265
8.28683
8.68972
8.16319
7.97673
7.7278
7.78906
8.48721
7.89457
7.91434
8.15711
8.3729
8.5444
8.26867
8.28907
8.48109
8.0213
7.98816
8.46165
7.96309
8.41207
8.13512
8.44622
8.4379
8.01821
8.40539
8.4568
8.32184
8.44852
8.45304
8.12889
8.17493
7.96415
8.36677
8.13815
7.31777
7.90725
8.30396
8.59253
6.52441
8.30246
8.60603
8.47957
8.22915
8.47421
8.39736
8.2688
7.91047
8.40248
8.37661
8.4465
8.43301
8.08656
8.27693
8.08268
8.52941
8.36853
8.27852
7.58904
8.1427
8.58888
8.47527
8.3844
8.28907
8.08037
8.50973
7.83235
8.26867
8.37454
8.27845
7.90445
8.58049
8.25868
8.42093
8.48484
8.40014
8.43135
8.36217
8.62682
8.01926
9.03852
8.21555
8.23936
8.1548
7.99941
8.26465
8.1058
8.23595
8.08879
8.34486
8.59107
7.89534
8.49546
6.80612
8.55854
8.18284
8.31279
8.25265
8.16996
8.1594
8.27256
8.54063
8.28107
8.59192
7.69068
8.55034
8.18762
8.68972
8.39473
8.02197
8.53841
7.98761
8.22238
7.69806
8.13233
7.97729
7.90671
7.7513
7.94613
8.04107
8.20184
8.40824
7.95903
8.36806
7.95248
8.07233
7.69194
8.46444
7.98492
8.28955
8.59019
9.09692
7.98331
8.67158
8.22624
8.35996
8.29822
8.12517
8.009
8.17757
8.43075
8.26934
8.13124
8.39834
8.19583
8.22034
8.67606
8.39949
8.05313
7.48015
8.14841
