8.48675
8.45989
8.56019
8.23569
8.52364
8.68111
8.58947
8.36802
8.72597
8.34561
8.1541
8.76686
8.45349
8.55955
8.805
8.59288
8.58559
8.62975
8.56341
8.55737
8.69651
8.4798
8.4927
8.55928
8.52128
8.51169
8.61298
8.6359
8.49075
8.53767
8.619
8.53517
8.60614
8.31352
8.54843
8.66318
8.49738
8.71241
8.56091
8.44114
8.5756
8.51508
8.52783
8.63869
8.52922
8.5647
8.54864
8.52236
8.54955
8.57398
8.58116
8.62283
8.492
8.52626
8.39841
8.13934
8.56072
8.7185
8.45391
8.447
8.55505
8.47684
8.46504
8.59365
7.98061
8.5368
8.49583
8.51643
8.7303
8.42181
8.52417
8.57414
8.47724
7.85177
8.42867
8.58462
8.49725
8.62699
8.48276
8.44517
8.5466
8.64269
8.39237
8.55929
8.3521
8.48791
8.44099
8.54128
8.54743
8.60109
8.63261
8.56524
8.72828
8.47772
8.45729
8.50949
8.54011
8.45206
8.45914
8.75132
8.55702
8.47284
8.55702
8.37033
8.37002
8.48771
8.72575
8.45693
8.54848
8.59451
8.40728
8.52364
8.61213
8.45406
8.56469
8.44957
8.46704
8.4394
8.55134
8.52904
8.55311
8.61268
8.42851
8.72676
8.32681
8.3704
8.50699
8.66292
8.34767
8.73455
8.47614
8.61105
8.58563
8.60669
8.53009
8.56503
8.61305
8.60043
8.55604
8.49869
8.54087
8.50691
8.529
8.48919
8.52042
8.58084
8.52371
8.50781
8.48235
8.45377
8.44349
8.54179
8.31091
8.58921
8.48934
8.56587
8.39153
8.55787
8.44905
8.54143
8.44228
8.59756
8.71018
8.55982
8.56131
8.51395
8.53734
8.5281
8.54438
8.5922
8.33742
8.32848
8.45164
8.64459
8.56019
8.46792
8.62238
8.53865
8.53728
8.37981
8.54768
8.27885
8.48912
8.64238
8.61858
8.55637
8.55146
8.53513
8.63205
8.55214
8.50282
8.55301
8.55999
8.29021
8.5213
8.4497
8.60673
8.7148
8.60611
8.51157
8.60275
8.59196
8.25891
8.61602
8.54438
8.49223
8.59606
8.54378
8.59561
8.48803
8.41417
8.70423
8.52779
8.55182
8.33202
8.58208
8.60356
8.49801
7.90398
8.74455
8.45756
8.48039
8.50759
8.53558
8.55786
8.53117
8.54739
8.49608
8.5075
8.40991
8.57782
8.45353
8.51489
8.50586
8.63214
8.57738
8.57543
8.59956
8.4631
8.28967
8.45498
8.17921
8.29068
8.53949
8.47709
8.41189
8.37089
8.51051
8.58162
8.52368
8.28005
8.64591
8.36592
8.29946
8.58161
8.51447
8.52902
8.40588
8.5247
8.5607
8.54168
8.55117
8.30959
8.54978
8.48272
8.55395
8.28975
8.37194
8.55579
8.37962
8.37884
8.39518
8.66858
8.59397
8.57072
8.58902
8.47896
8.42289
8.30623
8.53632
8.51371
8.47396
7.92352
8.65224
8.48887
8.51524
8.25436
8.58462
8.43487
8.44276
8.60077
8.52984
8.43656
8.47328
8.26415
8.68897
8.47467
8.71716
8.48176
