2873
2844
2974
2662
2766
2967
2744
2714
2919
2739
2866
5479
2848
2655
2986
5833
2884
2984
2868
2954
2896
2724
2911
2987
2800
2919
3028
2910
2813
3169
2922
2907
2804
2932
2932
2771
2899
2769
2941
2798
2964
2939
2952
2992
2905
2855
2964
2934
2612
2857
2676
2941
2806
2748
2776
2747
2767
2735
2854
3060
2874
2870
2873
2857
2604
2957
5425
2793
2722
2564
2915
2736
2603
2786
2759
2724
2800
2945
2877
2667
2716
2580
2833
2938
2854
2916
2671
2908
2689
2881
2676
5540
2925
2810
2659
2775
2800
2704
2531
2720
2513
2764
2895
2807
2566
2785
2730
2535
2760
2735
2586
2878
2567
2597
2943
2851
2772
2805
2736
2759
2706
2772
2622
2883
2809
2613
2463
2842
2651
5386
2485
2607
2907
2698
2851
2890
2772
2911
2846
2712
2739
2882
2694
2530
2791
2604
2775
2739
2825
2518
2619
2787
2363
2606
2576
2584
2377
2626
2504
2735
2691
2573
2788
2699
2564
2556
2732
2513
2578
2709
2581
2410
2677
2343
2852
2743
2715
2819
2689
2645
2640
2814
2772
2705
2772
2707
5397
2426
2742
2725
2797
2646
2709
2683
2629
2643
2696
2690
2596
2708
2618
2733
2475
2751
2621
2630
2516
2776
2837
2710
2491
2597
2781
2682
2610
2637
4812
2676
2542
2737
2599
2779
4548
2690
2811
2665
2722
2680
2757
2473
2678
2505
2634
2594
2726
2608
2567
4894
2650
2520
2676
2338
2192
2614
2579
2715
2470
4399
5191
2480
2650
5537
2186
2438
2516
2664
2593
2572
2547
2701
2671
2525
2694
2568
2646
2658
2592
2509
2793
2479
2670
2535
2810
5211
2560
2518
2827
2738
2748
2672
2730
2751
2428
2752
2713
2774
2410
2861
2476
2673
2631
2638
2729
2532
2567
2788
2596
2477
2594
