8.79265
9.04758
8.79115
8.82679
8.56572
8.79113
7.58647
9.1674
8.76989
7.59193
8.99693
9.05014
8.57791
9.06266
9.0655
8.79066
8.7757
9.03022
8.56168
8.79126
8.78786
7.97811
8.8015
9.05735
8.88483
8.79581
8.79684
8.80046
8.77794
8.54949
9.04132
8.77648
8.8018
8.80328
9.05422
8.60964
9.05365
8.77279
8.79118
8.79286
8.77044
9.04616
9.04995
8.79071
8.82967
8.78024
7.61876
8.79264
8.55881
9.16775
7.46855
9.26758
9.0416
8.55962
9.03781
7.58614
8.81366
8.81461
8.79688
8.78354
9.15858
8.55227
7.81495
8.8394
7.97474
9.05441
8.79462
7.70489
9.05498
7.85735
8.78634
8.76603
8.82042
9.05953
9.07556
7.46895
8.91101
8.79047
9.07015
9.04284
7.84523
7.45016
8.60838
9.0583
8.79295
8.79142
8.57593
8.80323
8.55657
8.78974
8.12677
9.05555
8.77498
9.15556
7.63139
8.55388
8.80341
9.05147
7.34533
7.72521
7.72329
8.10865
8.81902
9.17739
7.59793
8.55738
8.79582
7.45986
8.0192
8.55738
7.80043
8.81007
8.7832
7.76438
8.8189
9.0693
8.78032
8.47889
9.05194
8.78757
8.56088
7.57645
9.04834
8.81189
8.68166
7.74099
7.96689
9.05014
7.51166
8.81844
7.71668
7.47295
9.049
8.94721
8.80152
8.77839
7.83638
8.92664
8.8262
8.88135
7.58451
9.05223
8.78595
7.45881
8.81314
7.96377
7.91226
8.81906
8.78363
7.75531
7.7177
8.84434
7.44888
7.69896
7.981
7.45658
7.26608
8.79082
8.81242
8.86853
8.7927
8.36799
9.06408
7.82519
7.81219
8.74383
9.07641
7.70898
8.86989
8.82145
7.73542
6.49243
8.80445
8.13366
8.78051
8.77642
8.82148
9.05337
8.58149
7.54549
8.57092
8.57316
8.81312
8.7789
8.7872
8.77789
8.88924
7.70988
9.04227
8.56168
8.89569
7.9119
8.533
8.78425
7.83805
9.04388
8.80071
8.57056
8.5996
8.57029
7.58103
8.55299
7.25669
8.56312
8.81366
8.59297
8.35018
8.78957
9.04274
9.17516
7.75282
9.14277
9.15582
8.56267
8.79119
8.57002
8.94517
9.05223
9.05754
8.76819
8.56572
8.78949
8.77852
8.565
8.80152
8.8861
8.92188
9.15111
8.82043
7.8918
8.80294
7.85106
8.55496
8.55451
8.57387
7.59637
7.52373
8.81271
8.44539
7.55818
8.787
6.73747
6.26714
7.8556
8.48652
8.79214
7.10977
7.45488
8.82615
8.77642
8.79598
8.82563
7.47162
7.45024
8.56715
8.57459
7.69319
8.8439
8.82521
8.77878
7.86691
7.71871
8.82818
9.04616
8.46243
8.77882
8.83161
7.31423
8.77852
7.98197
8.78734
7.59842
9.0785
9.03857
7.46534
7.4576
8.84037
8.86121
8.8428
8.56867
8.55505
8.57477
7.8667
9.03373
8.61878
8.81718
7.51333
8.78446
6.56432
7.74479
8.58409
8.84203
8.88022
7.58083
7.75382
9.08532
8.67389
7.45086
7.85591
