5.35719
5.44227
5.44518
5.45936
5.64455
5.75025
5.76881
5.85318
5.85318
5.85318
5.96998
5.96998
5.96998
6.07427
6.07427
6.07427
6.07427
6.07427
6.07427
6.07427
6.07427
6.08182
6.08182
6.08182
6.08182
6.08182
6.08182
6.08182
6.08182
6.08182
6.08182
6.08182
6.08182
6.08182
6.08182
6.08182
6.08182
6.08182
6.08182
6.08182
6.08182
6.08182
6.08182
6.08182
6.08182
6.09008
6.09008
6.09043
6.09043
6.09043
6.09043
6.09043
6.09043
6.09043
6.09043
6.09043
6.09043
6.09043
6.09043
6.09043
6.09043
6.09043
6.09043
6.09043
6.09043
6.09043
6.09043
6.09043
6.09043
6.09043
6.09043
6.09043
6.09043
6.09043
6.09043
6.09043
6.09043
6.09043
6.09043
6.09043
6.09043
6.09043
6.09043
6.09043
6.09043
6.09043
6.09043
6.09043
6.09043
6.09043
6.09043
6.09043
6.09043
6.09043
6.09043
6.09043
6.09043
6.09043
6.09043
6.09043
6.09043
6.09043
6.09043
6.09043
6.09043
6.09043
6.09043
6.09043
6.09043
6.09043
6.09043
6.09043
6.09043
6.09043
6.09043
6.09043
6.09043
6.09043
6.09043
6.09043
6.09043
6.09043
6.09043
6.09043
6.09043
6.09043
6.09043
6.09043
6.09043
6.09043
6.09043
6.09043
6.09043
6.09043
6.09043
6.09043
6.09043
6.09043
6.09043
6.09043
6.09043
6.09043
6.09043
6.09043
6.09043
6.09043
6.09043
6.09043
6.09043
6.09043
6.09043
6.09043
6.09043
6.09043
6.09043
6.09043
6.09043
6.09043
6.09043
6.09043
6.09043
6.09043
6.09043
6.09043
6.09043
6.09043
6.09043
6.09043
6.09043
6.09043
6.09043
6.09043
6.09043
6.09043
6.09043
6.09043
6.09043
6.09043
6.09043
6.09043
6.09043
6.09043
6.09043
6.09043
6.09043
6.09043
6.09043
6.09043
6.09043
6.09043
6.09043
6.09043
6.09043
6.09043
6.09043
6.09043
6.09043
6.09043
6.09043
6.09043
6.09043
6.09043
6.09043
6.09043
6.09043
6.09043
6.09043
6.09043
6.09043
6.09043
6.09043
6.09043
6.09043
6.09043
6.09043
6.09043
6.09043
6.09043
6.09043
6.09043
6.09043
6.09043
6.09043
6.09043
6.09043
6.09043
6.09043
6.09043
6.09043
6.09043
6.09043
6.09043
6.09043
6.09043
6.09043
6.09043
6.09043
6.09043
6.09043
6.09043
6.09043
6.09043
6.09043
40.4999
40.4999
40.4999
40.4999
40.4999
40.4999
40.4999
40.4999
40.4999
40.4999
40.4999
40.4999
40.4999
40.4999
40.4999
40.4999
40.4999
40.4999
40.4999
40.4999
40.4999
40.4999
40.4999
40.4999
40.4999
40.4999
40.4999
40.4999
40.4999
40.4999
40.4999
40.4999
40.4999
40.4999
40.4999
40.4999
40.4999
40.4999
40.4999
40.4999
40.4999
40.4999
40.4999
40.4999
40.4999
40.4999
40.4999
40.4999
40.4999
40.4999
40.4999
40.4999
40.4999
