6.10397
6.19961
6.48548
6.48548
6.48548
6.48548
6.48548
6.48548
6.48548
6.48548
6.48548
6.48548
6.48548
6.48548
6.48548
6.48548
6.48548
6.48548
6.48548
6.48548
6.48548
6.48548
6.48548
6.48548
6.48548
6.48548
6.48548
6.48548
6.48548
6.48548
6.48548
6.48548
6.48548
6.48548
6.48548
6.48548
6.48548
6.48548
6.48548
6.48548
6.48548
6.48548
6.48548
6.48548
6.53909
6.53909
6.53909
6.53909
6.53909
6.53909
6.53909
6.53909
6.53909
6.53909
6.53909
6.53909
6.53909
6.53909
6.53909
6.53909
6.53909
6.53909
6.53909
6.53909
6.53909
6.53909
6.53909
6.53909
6.53909
6.53909
6.53909
6.53909
6.53909
6.53909
6.53909
6.53909
6.53909
6.53909
6.53909
6.53909
6.53909
6.53909
6.53909
6.53909
6.53909
6.53909
6.53909
6.53909
6.53909
6.53909
6.53909
6.53909
6.53909
6.53909
6.53909
6.53909
6.53909
6.53909
6.53909
6.53909
6.53909
6.53909
6.53909
6.53909
6.53909
6.53909
6.53909
6.53909
6.53909
6.53909
6.53909
6.53909
6.53909
6.53909
6.53909
6.53909
6.53909
6.53909
6.53909
6.53909
6.53909
6.53909
6.53909
6.53909
6.53909
6.53909
6.53909
6.53909
6.53909
6.53909
6.53909
6.53909
6.53909
6.53909
6.53909
6.53909
6.53909
6.53909
6.53909
6.53909
6.53909
6.53909
6.53909
6.53909
6.53909
6.53909
6.53909
6.53909
6.53909
6.53909
6.53909
6.53909
6.53909
6.53909
6.53909
6.53909
6.53909
6.53909
6.53909
6.53909
6.53909
6.53909
6.53909
6.53909
6.53909
6.53909
6.53909
6.53909
6.53909
6.53909
6.53909
6.53909
6.53909
6.53909
6.53909
6.53909
6.53909
6.53909
6.53909
6.53909
6.53909
6.53909
6.53909
6.53909
6.53909
6.53997
6.53997
6.62139
6.62139
6.62139
6.62139
6.62139
6.62139
6.62139
6.62139
6.62139
6.62139
6.62139
6.62139
6.62139
6.62139
6.62139
6.62139
6.62139
6.62139
6.62139
6.62139
6.62139
6.62139
6.62139
6.62139
6.62139
6.62139
6.62139
6.62139
6.62139
6.62139
6.62139
6.62139
6.62139
6.62139
6.62139
6.62139
6.62139
6.62139
6.62139
6.62139
6.62139
6.62139
6.62139
6.62139
6.62139
6.62139
6.62139
6.62139
6.62139
6.62139
6.62139
6.62139
6.62139
6.62139
6.62139
6.62139
6.62139
6.62139
6.62139
6.62139
6.62139
6.62139
6.62139
6.62139
6.62139
6.62139
6.62139
6.62139
6.62139
6.62139
6.62139
6.62139
6.62139
6.62139
6.62139
6.62139
6.62139
6.62139
6.62139
6.62139
6.62139
6.62139
6.62139
6.62139
6.62139
6.62139
6.62139
6.62139
6.62139
6.62139
6.62139
6.62139
6.62139
6.62139
6.62139
6.62139
6.62139
6.62139
6.62139
6.62139
6.62139
6.62139
6.62139
6.62139
6.62139
6.62139
6.62139
6.62139
6.62139
