95.3879
94.5892
94.7832
93.2658
94.4336
94.6195
93.2161
96.8579
95.0368
95.3116
93.1298
95.0489
96.6538
94.6384
93.9989
95.391
94.0004
93.3586
93.9382
94.2799
93.3614
93.9714
93.7536
94.6936
95.1141
94.3
93.2674
92.8615
94.0352
93.4669
102.031
93.5391
94.8721
93.2994
93.3727
94.2621
95.1447
107.228
94.8344
94.7399
93.3935
93.7182
94.0062
93.1886
94.6084
105.714
94.5542
94.1462
94.0199
94.4583
93.2459
94.1139
94.3399
95.3066
94.3981
94.489
93.7393
94.5377
104.983
94.1383
94.0265
93.9798
90
94.6364
94.4791
95.1344
95.3863
94.2253
94.491
94.0464
94.0636
94.1856
94.5229
93.3752
94.0326
94.0267
94.6252
95.0677
94.1956
94.5248
107.666
99.1557
94.8972
93.3864
93.2185
94.6508
93.3089
93.2454
94.0887
94.7041
93.2999
93.7392
94.4393
94.1143
94.5412
94.156
95.3096
94.676
94.1582
94.3021
94.4503
94.3374
102.574
94.5342
94.0551
93.3312
93.377
94.2895
94.6697
93.5899
94.195
94.1086
94.6196
94.8523
104.181
94.6212
93.1994
93.1827
94.4356
93.316
94.7677
93.9832
98.0027
105.576
98.2923
94.712
94.1144
94.0257
94.0972
93.3156
98.1097
102.43
104.818
93.2542
93.4354
94.1836
98.003
93.9534
94.0492
94.5879
94.3694
93.362
94.6538
94.5567
104.773
95.2035
102.457
104.305
93.0879
95.4734
94.6471
92.9433
94.368
94.6753
94.6834
93.9188
103.44
95.3002
94.2354
94.0063
94.1289
94.5944
94.1915
94.8849
105.906
94.5137
93.3078
94.4919
93.9525
94.6951
94.5992
93.3274
94.6166
93.277
105.507
99.9901
93.9962
94.181
93.9056
94.7525
94.5402
93.3096
93.4148
93.9209
94.5479
94.6234
104.311
93.2044
94.7057
94.5247
104.947
93.3698
93.2627
93.2177
103.36
94.1446
94.6181
104.753
93.2857
94.2022
104.073
93.3335
93.2738
94.6074
95.3423
94.412
98.7891
93.9727
94.5185
93.2274
93.9341
94.5716
94.427
93.2022
94.0901
94.5562
94.104
94.0897
93.5507
93.8911
93.4024
94.5833
93.261
93.9404
97.6025
94.4357
94.7434
94.5886
93.1199
93.4776
94.3002
93.3459
93.3828
94.2715
93.4043
94.5855
94.6389
94.0557
93.8409
99.4949
97.9403
94.1256
90
94.623
93.5434
94.3169
97.6479
101.888
94.7588
94.2725
94.4202
93.754
95.2756
93.9349
93.3209
94.3135
94.5071
94.719
105.199
93.4777
93.8894
94.5536
104.929
94.4921
94.7292
94.1708
95.1922
93.3188
93.3019
93.524
93.4881
98.5091
94.5512
94.4868
103.473
94.3996
97.2155
93.1878
94.483
93.2289
97.9977
93.9484
94.649
94.1698
93.7707
109.009
94.4051
94.4109
93.2902
90
93.2957
93.4375
105.483
97.8186
95.3654
94.7994
94.4959
104.742
94.7879
