2.68059
2.74011
2.48902
2.7889
2.9489
2.77855
2.91216
7.93173
2.12644
2.81889
2.81359
2.94068
7.67612
2.80241
2.7895
2.65472
2.83881
2.64537
2.90702
2.3196
2.93283
2.92354
2.92822
2.60907
2.45838
3.08149
3.09561
3.06934
2.76431
2.87633
5.91599
2.631
2.69422
2.79182
2.83285
2.51079
2.79039
4.98534
2.4498
2.76936
1.99367
2.54788
2.81368
2.88444
2.72315
5.60148
2.81197
2.67597
2.86123
2.48889
2.62188
2.67093
3.09726
2.57502
2.96613
2.88483
3.08013
2.7342
5.49393
2.6137
2.7783
2.90558
7.93136
2.79826
2.55196
7.52628
6.41509
2.56686
2.41067
2.88918
2.5261
2.74853
2.67189
2.66175
2.83554
2.80279
2.70335
2.95722
2.95726
2.78853
5.43882
6.75357
2.55296
2.58159
2.86772
2.55371
2.73615
2.70009
2.723
2.51367
2.85544
3.13917
2.64221
2.83293
2.68767
2.72556
2.79916
2.55376
2.78215
2.87111
2.85788
2.71542
6.13585
2.74746
2.74036
2.73777
2.93034
3.12981
2.66587
2.40046
2.86696
2.80114
2.71608
2.43144
6.01606
2.68594
2.68631
2.45498
2.75418
2.68025
1.58857
2.84049
5.64686
5.19742
7.16016
2.70825
2.62897
2.72075
2.72184
2.68883
5.45059
5.5026
5.43055
2.7902
2.55388
2.60631
5.29245
2.90674
2.75491
2.73861
3.08706
2.69155
2.4634
2.86804
4.97204
2.67392
6.04987
5.64729
3.12324
2.70877
2.60792
3.2416
2.88539
2.66266
2.6485
2.97411
5.5977
2.60824
2.88448
2.87648
2.65423
2.63291
2.81749
2.30089
5.08979
2.85581
2.81439
2.18356
2.86986
2.57703
2.72643
2.69746
2.625
2.82423
5.20416
5.70535
2.81042
2.70469
2.97292
2.53322
2.68619
2.74813
2.70488
2.92988
2.71525
2.774
5.42207
2.88196
2.45886
2.76794
5.80674
2.58474
2.90498
2.85831
6.12405
2.73406
2.59454
5.4505
2.70188
2.89513
5.64949
2.78732
2.81158
2.72566
6.19372
3.06254
5.61975
2.87898
2.79468
2.91066
2.9266
2.80485
2.76898
2.86926
2.69905
2.72215
2.70497
2.73167
2.50448
2.99912
2.7368
2.71703
2.77286
2.90414
5.81641
2.84916
2.86997
2.75473
2.87973
2.48646
2.72546
2.92332
2.58586
2.81028
2.71673
2.67928
2.664
1.84977
3.03678
5.45773
5.92036
2.58849
7.9292
2.91237
2.64891
2.6086
5.54762
6.65569
2.41516
3.01723
2.31295
2.2595
2.764
3.04013
2.68564
2.9428
2.45172
2.75672
5.69946
2.54784
2.94657
2.82112
6.15226
2.84413
2.8641
3.12968
2.7426
2.76906
2.72275
2.5745
2.68886
5.67806
2.85921
2.84868
6.33163
2.27661
5.91829
2.90353
2.93494
2.86578
7.80619
2.83279
3.03618
2.58704
2.26841
4.86126
2.89379
3.11591
2.7514
6.93846
2.73743
2.66372
5.89504
5.75362
2.678
2.73639
2.77329
5.79314
2.54948
