9.1746
9.23918
9.13864
9.28332
9.17201
9.17499
9.34103
9.2113
9.20146
9.22788
9.25339
9.07088
9.36727
9.34324
9.27368
9.29804
9.25664
9.1746
9.1933
9.23919
9.40998
9.22706
9.15964
9.27609
9.27825
9.19231
9.32782
9.25118
9.27221
9.1746
9.31748
9.24693
9.15874
9.23176
9.44143
9.28437
9.08636
9.24504
9.32731
9.28437
9.50376
9.26189
9.25946
9.1502
9.25968
9.4311
9.33459
9.28942
9.32777
9.2694
9.3044
9.25726
9.3211
9.20988
9.27716
9.31294
9.21322
9.20625
9.17267
9.25703
9.24397
9.3156
9.1831
9.25726
9.25277
9.26723
9.2753
9.34987
9.18017
9.25726
9.25726
9.16609
9.3041
9.141
9.11814
9.23837
9.32075
9.21063
9.24853
9.24665
9.22619
9.13629
9.15775
9.14854
9.12076
9.16274
9.15043
9.04529
9.24563
9.28954
9.16609
9.20721
9.22272
9.17072
9.18532
9.22659
9.14472
9.144
9.19715
9.18017
9.10702
9.10142
9.12796
9.25944
9.27331
9.24779
9.11082
9.23783
9.18561
9.24022
9.1284
9.3646
9.24605
9.2106
9.12305
9.27162
9.2842
9.20717
9.12107
9.08999
9.31663
9.26446
9.23807
9.22969
9.20736
9.28662
9.1996
9.18768
9.2091
9.1557
9.21441
9.14949
9.23547
9.21842
9.29949
9.16188
9.12482
9.36879
9.27965
9.30211
9.11199
9.26945
9.16495
9.16416
9.17527
9.2113
9.22242
9.0975
9.17375
9.10456
9.00275
9.17467
9.29823
9.3202
9.10319
9.25419
9.29084
9.20701
9.29991
9.20748
9.24782
9.23107
9.16426
9.31717
9.13314
9.14411
9.13677
9.06979
9.22708
9.1671
9.35371
9.13076
9.06737
9.1924
9.12644
9.24079
9.21089
9.12644
9.19398
9.12822
9.09234
9.0866
9.3809
9.23653
9.09949
9.14987
9.21337
9.3156
9.23753
9.31317
9.14321
9.09641
9.1943
9.14411
9.12434
9.13677
9.31978
9.25437
9.23322
9.10408
9.15159
9.09625
9.22272
9.27566
9.13562
9.36322
9.1464
9.1464
9.05163
9.04451
9.17356
9.12327
9.14434
9.28262
9.15159
9.06824
9.08542
9.24766
9.0793
9.13677
9.183
9.18925
9.03346
9.20523
9.2517
9.09697
9.09077
9.09466
9.22186
9.1554
9.14392
9.26421
9.12916
9.07498
9.25726
9.21087
9.12261
9.13063
9.22526
9.12796
9.22272
9.20748
9.13554
9.16733
9.1746
9.27978
9.24547
9.22565
9.18345
9.1249
9.22481
9.19146
9.1485
9.12713
9.11905
9.2091
9.24693
9.16926
9.19205
9.22812
9.20031
9.06319
9.19335
9.22368
9.18997
9.24141
9.22081
9.2118
9.20308
9.19331
9.16005
9.1746
9.23438
9.23842
9.29823
9.07607
9.17812
9.13321
9.09503
9.06642
9.25339
9.23292
9.18991
9.15487
9.19789
9.1746
9.23741
9.17147
9.22136
9.13508
9.06278
9.11942
9.17445
9.30332
9.20008
9.18585
9.10201
9.1484
9.16187
