43.6413
43.4639
43.2386
43.5528
43.6554
43.0358
43.1212
7.45182
43.0932
43.4953
43.1755
43.0568
6.9017
43.3062
43.7901
43.5872
43.4622
43.3616
43.7409
42.7623
43.277
43.255
43.4625
43.3477
42.84
42.8266
42.9816
43.1465
43.748
43.1915
7.36758
43.3476
43.0808
42.8917
43.5547
43.0566
43.6576
7.63963
42.9634
42.5276
44.0496
42.9445
43.5867
43.5618
43.4376
7.34214
43.3869
43.1417
43.0791
43.8711
43.4447
43.4643
43.6697
43.5916
43.9287
43.4896
43.0775
43.4091
7.50315
43.5763
43.6519
43.2312
8.1084
42.7122
43.815
7.76763
7.1279
43.0583
44.5396
43.4378
43.5868
42.9118
43.8976
43.2206
43.2042
43.5735
43.3966
43.3545
43.4777
43.1337
8.19111
6.77094
43.6249
43.7082
43.3788
44.0296
43.3137
43.0561
43.3293
43.8229
43.2935
42.703
43.6583
43.3303
43.6122
43.4453
43.5539
43.7928
42.9235
43.5836
43.4139
43.6051
7.35511
43.3028
43.5427
43.0929
43.3694
43.2331
43.2073
42.6177
43.3876
43.3107
43.3501
42.3483
7.33398
43.5369
43.521
43.5809
43.6012
43.9026
44.0395
43.7199
7.46285
8.1321
7.84542
43.262
43.687
44.2422
43.347
43.5717
8.0555
7.7495
8.12885
43.909
43.3449
43.1865
8.05028
43.6519
43.5249
43.5695
42.8707
43.7162
43.994
43.8185
8.0569
43.9867
7.62385
7.78003
43.1528
43.1688
43.3346
43.705
43.6135
43.2245
43.2387
43.5291
7.20609
43.432
43.4916
43.1806
43.5503
43.5976
43.8488
43.3845
8.1178
43.4617
43.6445
42.9699
43.7598
43.5603
43.5093
43.5388
44.0324
43.8137
8.17411
7.19115
43.7014
42.6537
43.6105
43.2701
43.6646
43.625
43.6028
43.7505
44.1084
43.0765
8.22956
43.4367
43.581
43.4439
7.17706
44.1591
43.4296
43.7815
7.3505
43.4251
43.5182
8.10451
43.9237
43.7262
8.14244
43.108
43.0939
43.3892
8.25708
43.2213
7.3404
43.5834
43.8829
43.2132
43.547
43.3376
43.0109
43.5441
43.4808
43.9246
43.3013
43.3048
44.3273
43.5778
44.0855
43.686
43.8953
43.6189
7.25382
43.7611
43.0952
43.5326
42.9857
43.7054
43.192
43.3681
43.6443
43.6776
43.6277
43.3641
43.4726
44.116
43.794
7.57259
7.38832
43.8729
7.39654
43.4302
43.1606
43.5995
8.1761
7.05779
44.0022
43.5135
42.783
43.6146
43.8004
43.5315
43.9246
43.6127
43.7105
44.0675
7.42592
42.6927
43.909
43.3821
7.28551
43.803
43.3368
43.7809
43.4674
43.6528
43.5132
43.9774
43.4906
8.0763
43.2759
43.2042
7.09366
43.152
7.26541
43.4133
43.2855
43.3254
7.27646
44.0531
42.9874
43.4696
43.6094
8.28137
43.7003
42.9682
43.7546
8.15316
42.9415
43.2301
6.89987
8.16468
43.6388
43.4218
43.6262
8.0352
42.821
