5113
5049
5162
4905
5117
4977
4946
4725
5009
5131
4883
5228
4544
5163
5142
5185
5170
4960
4981
5007
4934
4957
5183
5011
5092
5162
4876
4747
5113
4976
4791
5025
5143
4882
4985
5011
5004
4682
4989
5159
4795
4924
5017
5028
4973
4669
5043
4955
5059
5076
4911
5030
5289
5246
5146
5163
5125
5168
4766
5149
5013
5164
4756
5041
5220
5896
4672
5007
5117
5084
5122
5053
5289
5150
5086
5223
5188
5119
5044
5089
4891
4678
5202
5150
4935
5077
5004
5042
4990
5170
4941
5162
5183
4888
5205
5152
5270
5201
5197
5186
5120
5123
4798
5046
5082
5012
5212
5203
5229
5088
5314
5227
5226
5135
4851
5339
5008
4899
5187
5147
5107
5150
4688
4922
4907
5375
5265
5302
5228
5093
4704
4932
7556
5148
4957
5178
4771
5335
5147
5146
5315
4970
5314
5156
4928
5317
4831
4890
5231
5305
5217
5067
5255
5287
5331
5193
4864
5290
5211
5195
5115
5379
5265
5326
4954
5289
5213
5270
5289
5300
5232
5123
5379
5142
5043
4900
5295
5254
5071
5131
5219
5075
5059
5015
5156
5412
7526
5159
5288
5294
4821
5219
5134
5081
4916
5213
5262
7438
5168
5190
7731
5172
5141
5228
4870
5251
4819
5314
5253
5176
5269
5238
5247
5181
5236
5227
5266
5312
5146
5152
5203
5302
5213
5366
4882
5330
5442
5315
5111
5076
5287
5280
5164
5220
5131
5232
5278
5124
5148
4820
4846
5213
4810
5251
5111
5269
4947
4969
5415
5379
5228
5208
5273
5212
5216
5220
5189
5395
4909
5275
5227
5164
4978
5376
5259
5256
5258
5061
5145
5194
5213
7361
5287
5303
7420
5222
4851
5231
5371
5164
5097
5263
5396
5267
5186
5012
5142
5162
5173
4900
5151
5161
4982
7517
5313
5291
5310
5041
5227
