10.9127
9.71774
9.72522
7.75928
9.71861
9.73315
7.75811
9.72415
9.72258
10.9065
7.53517
10.5487
9.28638
9.8295
8.91195
10.8813
8.91775
7.73481
8.92954
8.71998
8.01654
8.92951
8.63114
9.72699
10.1263
9.52173
8.00318
7.38257
8.93659
8.10972
9.05647
7.99284
10.0386
7.73721
7.9664
8.92837
10.6518
9.72332
9.7173
9.82186
7.21769
8.12953
8.91897
7.73794
9.72581
9.73288
9.72376
8.93082
8.91614
9.33003
7.54958
8.92318
9.72558
10.6729
9.72349
9.7134
8.71087
9.62448
9.50997
8.91939
8.9237
8.92099
8.91792
9.72596
9.41648
8.92216
7.75923
8.9291
9.40733
9.03488
8.71909
9.02938
9.61688
7.75976
8.92719
8.93753
9.72493
10.6465
9.33608
9.61556
10.6562
8.93612
10.0286
7.75431
7.74639
9.71744
7.74449
7.58291
8.91752
9.72584
7.84785
8.72083
9.42116
9.06651
9.61556
9.0393
10.8946
9.71774
9.0234
9.4285
9.61556
9.32999
9.417
9.61556
8.91407
7.7543
8.04867
9.61527
9.72436
7.74786
9.23177
9.02327
9.7217
9.62143
9.72244
9.72415
7.5518
7.30166
9.51855
7.76774
8.93475
8.92914
7.74526
9.73112
9.44706
9.84012
8.91407
8.94802
8.93189
7.73735
7.74631
8.91874
9.73153
7.78335
7.75791
8.92423
7.5561
8.94022
8.91713
9.73112
9.63848
7.82781
9.62591
9.85254
9.22148
10.6855
9.41812
9.61508
7.77914
10.9816
9.65293
7.73576
9.54807
9.73258
9.73307
8.93776
9.04191
10.6666
9.3262
8.92495
8.94183
9.63994
9.24452
9.71657
9.71657
9.71774
7.85944
8.93493
8.91696
9.7322
9.72657
7.76009
9.73623
7.84147
9.74013
8.23876
8.91639
8.94083
8.92756
9.72801
9.62087
7.79366
7.90839
8.92722
9.7322
9.74111
9.62087
7.74566
9.63359
9.64379
9.63856
7.78514
7.85654
7.78091
9.61556
9.02754
9.62495
9.7189
7.74512
9.32063
9.73171
7.80907
7.74161
9.71894
7.73799
9.7322
7.8896
8.93255
9.73054
7.78412
8.91614
9.73536
9.42876
7.74158
8.91748
9.7228
8.91874
8.92433
8.00553
8.92719
7.9789
9.72119
7.77487
8.91322
7.75279
9.63848
10.0219
9.74246
7.56571
7.79837
9.22098
7.99417
7.74551
9.3349
7.90721
9.63516
9.7189
8.10571
8.91713
7.99076
7.98137
8.91755
7.74988
9.93607
7.99417
9.19096
7.7434
9.62721
9.74145
9.51879
8.9273
7.98291
10.8529
9.02878
7.78322
9.52195
9.34279
10.0321
9.73424
7.73684
8.91713
9.73127
10.0373
9.72669
10.0345
9.51497
10.6424
7.8318
7.74363
7.99103
7.99076
8.0947
9.74879
9.62909
9.73074
8.91675
7.75797
7.73935
9.72243
7.75415
9.85087
8.91407
10.0276
8.92541
8.01675
10.5671
9.62673
9.74474
7.78219
7.72213
7.68301
7.85713
9.71773
7.99588
10.875
10.0279
9.63387
10.0219
9.7228
