103.511
102.156
94.6048
104.853
96.6091
99.0801
103.396
102.275
94.7068
90
90
99.9877
101.74
90
101.706
90
101.57
104.512
90
104.134
104.485
94.4089
99.5696
102.932
97.0857
97.3157
94.9163
97.8488
104.1
102.339
90
101.327
96.2883
94.5651
100.511
102.284
96.5038
102.149
90
101.548
98.7276
90
94.345
99.0464
90
99.0462
106.654
94.3351
101.488
101.236
93.9779
105.104
95.0955
96.0059
90
90
94.7727
95.7056
103.977
95.4359
90
100.488
90
97.3182
97.3578
94.2521
95.2253
102.008
96.095
100.522
90
90
90
96.3463
103.814
93.8413
99.4575
93.8988
90
94.4718
104.984
90
102.681
90
90
90
100.565
94.9766
90
90
90
100.442
95.6608
90
90
90
94.5248
97.1659
104.574
101.464
100.979
90
90
90
100.058
100.583
95.4264
90
90
96.3243
90
90
99.3711
90
90
90
95.9218
90
98.0545
94.5682
97.8923
98.8415
102.052
90
101.505
93.5054
90
90
95.0107
90
97.5663
97.9695
93.6908
95.7356
90
103.862
90
90
100.285
96.594
105.887
90
90
94.1812
95.8246
90
90
90
96.1035
90
95.0287
90
100.85
90
95.204
95.1353
93.9099
93.734
99.2154
90
90
94.5552
96.6039
90
96.4175
90
90
90
90
98.9022
100.859
90
101.299
104.903
90
104.534
97.8882
93.7337
90
90
102.333
101.606
93.6202
90
94.0575
90
101.298
90
100.248
100.807
95.4411
94.3546
102.467
101.953
90
95.6064
94.5091
102.212
104.511
96.4206
100.273
90
90
94.4757
105.746
90
90
101.878
103.563
100.773
100.863
90
95.3486
94.0117
90
99.3587
98.2912
93.7135
95.0321
90
102.639
96.0496
101.376
90
94.5812
90
90
97.4226
96.0056
94.9864
90
95.6844
90
96.7123
94.1538
95.4046
99.2289
94.2258
90
95.3428
90
94.2024
93.5989
94.1391
90
90
90
96.8417
90
94.6422
95.4261
90
90
95.4299
90
98.8322
94.2863
93.9333
96.1129
94.9353
99.5409
102.49
90
96.1022
90
90
95.4594
98.3422
95.84
98.2568
94.3672
95.3741
90
90
90
97.3312
97.3735
96.1252
95.6493
93.6266
95.8822
100.051
95.1096
90
95.0414
90
94.4209
90
102.419
99.3474
93.9499
94.3834
99.0289
90
102.209
95.4072
90
95.8387
98.7565
