4.97223
5.54372
7.84883
4.86537
7.06012
6.73715
5.08976
5.30618
7.73506
8.72805
8.31048
6.8497
5.67914
8.18337
5.53984
8.74113
5.53869
5.10635
8.62549
5.77163
4.8716
7.83059
6.4122
5.12573
7.52921
7.28223
7.38507
7.75427
4.84426
5.54775
8.28695
7.05104
7.74405
7.61519
6.09973
5.74331
7.26874
5.53908
8.40778
5.53796
7.06284
8.30914
8.18346
7.06377
8.07343
7.04926
5.53807
8.17748
5.53047
6.08808
7.76767
5.54214
7.62614
7.63565
8.30919
8.39294
7.7335
8.05682
5.3064
7.51397
7.95409
6.09628
8.27738
7.05928
7.62405
7.96434
8.06204
5.54375
8.19243
7.06649
8.32454
8.29477
8.40825
7.28926
5.30484
7.7437
7.06
7.97027
8.5268
7.86091
5.38855
8.41013
7.06526
8.73042
8.41935
8.06495
5.65887
8.28431
8.51598
8.28499
8.30602
6.08239
8.53233
7.96558
8.62549
8.73663
8.40954
7.72767
5.74734
6.52369
6.41713
8.62591
8.63032
8.30858
6.17572
6.07856
7.8418
8.29758
8.18016
8.19857
8.18368
8.63237
6.4121
8.7247
7.95408
8.07641
8.30371
8.06958
7.06963
8.30303
7.05514
7.0828
5.53806
8.0699
7.05462
7.96945
8.0449
8.74556
7.29724
8.29837
8.09898
8.08289
7.73176
7.94796
8.30371
5.5436
8.29878
8.17666
7.07039
8.289
5.08165
8.30447
8.28454
8.17574
8.30851
8.1853
8.06629
8.62857
8.07317
8.08688
8.08698
8.40419
5.78001
8.18535
8.09446
7.73137
7.95934
8.2093
6.52731
8.28249
8.07701
7.85979
8.07568
8.20512
8.16668
8.287
8.72587
8.63387
8.6168
6.5363
5.68173
8.73773
5.87442
5.52199
8.40367
5.74779
7.39322
8.07954
8.40419
8.30189
5.52974
6.28809
7.86293
8.20935
7.7517
8.63631
5.85947
8.0775
6.19834
5.95224
8.31329
7.87036
5.31172
5.5239
8.18475
7.28987
7.61919
5.31126
5.74778
7.72228
6.41404
8.40635
8.73323
8.74342
4.76168
8.19093
7.97752
5.51099
4.98828
6.2869
6.08432
8.08521
7.69929
7.94892
8.27494
6.29961
6.96628
8.02734
7.46193
8.06882
5.41149
8.19451
5.85005
8.62183
7.7233
8.62956
8.71719
7.06933
7.96354
8.37666
7.98763
7.3005
8.41158
7.83802
7.71504
7.73924
7.0632
7.70108
8.50327
7.61519
8.20215
8.07508
8.06492
7.94818
8.19182
8.20177
8.41513
7.73752
8.06345
8.28711
7.73846
8.19476
8.19589
8.18924
8.2856
6.84082
7.84844
7.94266
8.10341
7.39917
6.94028
5.51637
8.28615
7.87906
8.28647
8.20904
7.5138
7.62313
7.5222
7.51557
7.84178
7.5129
7.93402
7.95585
8.59992
6.85215
7.05337
7.0739
7.96942
7.86777
8.07508
6.09621
7.57683
7.95572
7.405
8.0632
7.97191
8.09112
5.40795
6.52181
7.95442
7.82867
7.15787
8.29404
5.54783
7.56539
7.97802
7.39335
6.61426
