8.87042
8.82971
8.91561
8.89433
8.91802
8.92784
8.91099
8.97405
8.83182
9.0349
8.87993
8.89097
8.84859
8.91779
8.94422
8.84657
8.96366
8.97191
8.94576
8.90515
8.88559
8.84657
8.9828
8.91077
8.87515
8.83824
8.85976
8.95295
8.82971
8.97891
8.89972
8.94485
8.91561
8.82769
8.92428
8.84151
8.8795
8.77154
8.95289
8.9828
8.91222
8.97061
8.88178
8.86971
8.86015
8.91708
8.8165
8.91759
8.91433
8.89201
8.9071
8.91265
8.9149
8.90279
8.84657
8.82975
8.89874
8.81096
8.83433
8.93521
8.8767
8.83343
8.88933
8.79453
9.00737
8.97679
9.02117
8.84657
8.90241
8.84282
8.90597
8.91661
8.82871
8.89972
8.87564
8.95536
8.90597
8.85628
8.88746
9.04642
8.90913
8.86809
8.90344
8.92116
8.91559
8.84282
8.82764
8.90036
8.91074
8.83789
8.95264
8.92662
8.91537
8.82468
8.90432
8.8689
8.96366
8.9175
8.87821
8.92532
8.91075
8.85764
8.85046
8.89765
8.90241
8.82971
8.88129
8.82139
8.87355
8.90288
8.85029
8.93804
8.91077
8.86164
8.85182
8.95338
8.8714
8.80709
8.85185
8.94249
8.79235
8.96278
8.78152
8.90344
8.88162
8.83601
8.92965
8.87095
8.80455
8.88352
8.80464
8.84902
8.86542
8.83255
8.88722
8.92063
8.72726
8.79112
8.83529
8.91283
8.8892
8.84074
8.82139
8.89205
8.90719
8.81115
8.78255
8.90417
8.8445
8.95168
8.8029
8.98223
8.92908
8.94852
8.88189
8.87013
8.88266
8.87719
8.8883
8.8445
8.89173
8.96852
8.87213
8.99325
8.82405
8.85029
8.89597
8.90515
8.92143
8.91111
8.9295
8.89972
8.95653
8.82833
8.93191
8.86186
8.97745
8.95533
8.85211
8.87263
8.8445
8.903
8.95655
8.98889
8.8445
8.94754
8.89583
8.96582
8.90583
8.88944
8.87654
8.89765
8.92576
8.90597
8.99925
9.02791
8.89041
8.819
8.91459
8.89765
8.96233
8.99858
8.98449
8.92192
9.06524
8.79559
8.92143
8.93075
8.99925
8.9141
8.9014
8.94259
8.98367
8.97166
8.91344
8.97507
9.00366
8.85077
8.85896
8.94825
8.9717
8.94503
9.07391
8.99925
8.90288
9.08369
8.9422
8.99116
9.13243
9.00659
8.8889
9.00925
8.93303
9.02527
8.98992
8.8912
9.04562
9.06051
9.02812
9.08458
9.13393
9.09096
9.16058
9.15834
8.91459
9.16592
9.03009
9.0288
9.06582
9.00701
9.00992
9.08894
9.17833
9.03034
9.03209
9.00668
9.01257
9.04191
8.9996
9.01543
9.17169
8.97088
9.08059
9.00867
9.02694
9.03578
9.00626
9.09744
8.95533
8.98925
8.99792
9.04658
9.02561
9.10369
9.1016
9.17836
9.16353
9.08603
9.10133
9.08466
8.9983
9.11996
9.16525
9.11975
9.14584
9.01733
9.13914
9.08524
9.14945
9.07524
9.10369
9.16991
9.06242
9.02512
9.026
9.23434
9.04191
9.002
9.22277
