8.13909
8.17796
8.12077
8.09752
7.32383
7.32622
7.98011
8.22225
8.16983
6.95768
7.55959
7.05071
8.14278
7.51316
8.08818
6.9933
8.20318
8.25615
7.3914
7.67925
8.1125
8.14027
7.40469
8.20511
7.23204
6.94468
8.0773
7.94146
8.09011
8.0642
7.17311
7.18989
8.03002
8.04454
7.51487
8.14694
7.01594
8.16373
8.15597
8.21068
6.8655
7.50933
7.53502
7.11119
8.08674
7.16029
8.18372
7.57789
8.00706
7.52463
8.0642
8.11
8.20777
8.07331
7.69461
8.08113
8.10063
8.15266
7.98387
8.21292
8.17568
7.57258
8.15005
7.12735
7.57512
8.21153
8.11
8.2826
7.26599
7.41426
7.13467
7.18803
7.26911
7.28035
8.15193
8.06988
7.27516
8.04619
8.00342
6.62818
8.15336
7.24654
6.81636
7.22179
7.64091
8.02295
8.1378
7.32439
6.95749
7.14134
7.09394
7.64098
7.02444
7.44482
7.27629
7.32899
7.38952
7.65885
8.07488
7.36758
7.42995
7.21671
7.42763
7.34584
7.67003
7.50183
8.21669
7.47417
8.27614
7.33083
7.6521
7.37677
7.46927
7.45465
8.12241
8.03002
7.22865
8.21501
7.09813
7.3956
7.4397
7.21797
8.0655
7.54129
7.05071
8.19687
8.0669
7.28887
7.98262
7.42996
8.03477
7.7682
8.14268
8.14027
7.0795
7.96858
7.27904
7.371
7.08751
7.52325
8.07802
7.25981
7.60617
7.47259
7.37074
7.74515
8.09169
6.90399
7.87506
8.19614
7.79673
7.35826
8.17526
7.20642
8.05982
7.52128
8.09985
8.01092
7.31236
7.30842
7.14134
7.62925
8.07331
7.19124
7.31669
7.38433
7.17406
7.33174
6.93121
7.24174
8.18846
7.56812
8.01814
8.09752
8.08735
8.04874
8.09396
7.90914
7.3532
7.48706
8.13454
7.33986
8.0653
8.14671
8.09332
7.38129
8.03082
7.58904
7.43732
7.70827
6.99747
8.1418
8.12584
7.97268
7.49069
8.18655
8.07705
8.03649
8.10336
7.9312
7.34315
7.41478
7.49415
7.61869
8.08502
8.16739
7.36298
8.0678
8.1422
7.26896
7.87463
8.07627
7.5486
8.03398
7.17643
7.83799
7.24372
8.16983
8.19924
8.02649
8.15094
7.25527
7.58856
7.28253
7.30888
7.2865
7.30152
7.07551
8.0644
7.57503
8.04333
8.14485
7.3585
8.11761
8.10188
8.14235
7.92059
8.12356
7.06598
8.0257
7.50514
8.19736
8.0946
8.03165
7.45912
7.47787
7.72547
7.98496
7.97395
7.35825
8.13442
7.14954
7.33422
7.21776
8.00729
7.15197
7.16524
8.17609
8.11753
8.04931
7.12987
8.08314
7.63811
8.02253
7.44167
8.00079
8.09752
8.01001
7.63157
7.94308
8.02734
8.15318
7.93171
6.99859
7.13707
8.0469
7.36369
8.14077
8.11567
8.14902
7.97725
7.62208
8.17204
8.11212
7.95431
7.44961
7.4351
8.10399
7.92515
7.24975
8.07731
8.02021
7.59571
7.22443
8.15318
8.0849
7.49041
8.18945
7.96056
