4622
4650
4742
4750
4639
4730
4680
4755
4704
4632
4688
4619
4736
4788
4713
4686
4637
4670
4669
4586
4618
4790
4622
4597
4602
4577
4714
4691
4725
4650
4579
4581
4713
4722
4577
4613
4556
4669
4756
4684
4527
4584
4748
4668
4761
4619
4713
4617
4564
4585
4776
4663
4597
4699
4776
4791
4741
4658
4605
4701
4664
4581
4717
4601
4545
4622
4552
4500
4736
4579
4481
4628
4632
4596
4670
4704
4554
4676
4559
4541
4628
4602
4455
4569
4721
4689
4579
4686
4678
4616
4662
4631
4625
4614
4513
4629
4694
4677
4645
4579
4703
4638
4762
4696
4610
4585
4696
4716
4739
4690
4827
4644
4688
4770
4857
4682
4743
4843
4725
4763
4608
4640
4706
4838
4633
4670
4868
4761
4787
4730
4758
4720
4631
4804
4709
4706
4829
4735
4656
4788
4747
4601
4795
4745
4873
4767
4857
4844
4751
4823
4828
4780
4780
4736
4787
4822
4798
4787
4648
4869
4856
4707
4829
4760
4839
4801
4784
4882
4766
4789
4731
4810
4842
4732
4850
4899
4831
4680
4806
4788
4784
4746
4896
4859
4827
4891
4830
4723
4765
4644
4801
4787
4821
4842
4743
4834
4971
4787
4821
4920
4696
4850
4825
4843
4767
4869
4769
4833
4786
4678
4784
4821
4915
4823
4832
4769
4670
4937
4885
4868
4765
4829
4762
4816
4774
4786
4837
4700
4792
4888
4930
4884
4794
4938
4822
4817
4767
4795
4790
4942
4801
4949
4786
4727
4763
4775
4896
4899
4832
4726
4755
4844
4801
4893
4824
4733
4740
4933
4897
4866
4709
4834
4752
4879
4756
4936
4758
4876
4759
4916
4787
4832
4796
4754
4783
4769
4642
4782
4855
4780
4907
4679
4713
4835
4725
4639
4670
4790
4686
4698
4856
4722
4672
4764
4705
4776
4691
4856
4720
