8.88358
9.06684
9.15695
9.16044
8.75727
9.07888
8.89097
8.88417
9.08036
8.8952
9.09218
9.33304
9.0635
8.88192
8.89146
8.89411
8.8976
9.38035
9.44646
9.63901
9.06303
9.08586
8.90894
8.8939
9.32715
9.06536
8.77464
9.94375
8.90849
9.0758
8.90815
9.93135
9.51377
8.89982
8.88824
9.29111
8.8684
9.05392
9.15031
8.89337
9.17076
8.89243
9.32849
9.32818
8.95631
9.32926
10.4343
9.32639
8.78523
9.07768
8.88922
9.91995
9.0899
9.33441
9.06215
8.89036
9.08617
9.68592
9.28091
9.07706
8.90216
8.9
9.1613
8.88994
9.58038
9.18538
9.54539
9.06715
9.74417
9.82064
8.89842
8.91101
9.3387
8.9087
9.31359
8.82738
9.4838
9.067
9.50747
8.89764
9.75294
9.32927
10.1327
8.8939
8.90475
8.65673
8.69452
9.55987
8.95734
9.08212
8.90714
8.89878
9.92488
8.95617
8.90222
9.52275
9.57912
9.65349
9.94626
9.51194
9.29993
9.50056
9.0756
9.06709
8.89672
8.88185
9.40284
9.15351
8.89115
9.82351
9.08601
8.90129
8.87742
9.66295
8.9052
8.79904
9.80329
9.06715
9.07856
9.48483
9.11778
9.32831
8.98221
8.87435
9.92488
8.97369
8.88949
8.90459
8.69701
9.07668
10.2335
10.258
8.78227
9.58319
9.06715
9.47643
9.10221
8.92232
9.64258
10.0283
9.67971
8.89165
8.87429
9.26833
9.81229
9.06451
8.95825
9.58842
9.75735
8.90362
9.45911
9.07794
8.9139
9.07469
9.56261
9.08322
9.06653
9.25493
8.90003
9.07978
9.06325
9.07544
9.945
8.64145
9.81261
8.90499
8.91135
9.05563
8.91223
8.80491
8.82321
9.07472
9.07847
9.83218
8.90684
9.921
9.63607
9.11182
9.0797
8.90134
9.08674
9.30313
8.8835
8.89703
8.89992
9.08344
9.06825
8.89492
8.88766
8.89516
9.64633
9.11033
8.90475
8.89945
9.01916
8.89711
8.89311
8.78987
9.94246
9.50731
9.07583
8.8911
9.29776
9.93613
9.32093
8.89046
8.90849
8.90475
8.91664
9.05302
9.10669
8.88632
9.11274
9.07581
9.10818
8.88314
9.0775
9.08784
8.90587
8.89988
9.06715
9.73234
8.90362
8.90904
8.8946
9.30234
8.89857
8.9129
9.66034
9.69848
8.89623
8.92196
9.0684
9.74875
8.89183
9.27992
9.6371
8.90155
8.9021
9.11633
9.0756
9.27973
9.08314
9.11063
9.08256
9.08866
9.08625
9.6536
8.8794
9.48209
9.2838
9.05782
9.12198
9.5614
8.90733
9.06341
8.9225
9.067
9.84214
8.78931
9.33701
9.09749
8.8848
9.59439
8.91098
9.08837
9.06162
9.97226
9.08335
9.82087
9.06788
9.04688
8.91588
8.89988
8.91578
8.92272
8.95919
8.82113
9.57503
8.90076
9.71879
8.79826
9.03825
8.90904
8.8084
8.8916
9.12155
9.08397
8.89836
8.90851
9.06987
9.05823
9.57179
9.06706
9.07604
9.09593
8.91116
9.06825
9.06662
