110.642
110.494
110.638
110.618
109.243
109.539
110.941
109.08
108.794
111.34
111.176
109.621
109.235
109.568
109.135
108.321
110.167
108.307
111.012
108.511
109.06
107.804
107.764
108.183
108.69
107.504
108.135
111.312
109.51
106.938
108.204
111.192
106.326
107.234
106.856
107.724
108.088
112.117
107.306
109.76
110.434
107.688
109.092
109.484
109.364
110.713
107.827
108.521
108.36
110.525
108.707
109.122
109.494
109.811
106.938
107.92
111.804
109.277
110.639
110.178
108.597
106.957
108.501
109.393
110.137
108.918
108.466
108.646
108.776
108.695
110.086
108.01
108.224
108.414
108.227
107.308
108.198
109.423
110.488
110.417
110.107
111.947
108.361
109.233
110.549
109.763
107.573
112.215
111.554
109.934
111.573
110.494
109.796
110.764
108.458
111.868
109.045
108.992
109.254
106.92
109.029
109.864
107.235
110.04
109.84
110.53
110.728
110.439
111.15
110.166
112.086
111.285
111.662
112.035
111.679
110.316
109.126
107.351
108.343
107.101
111.708
107.621
110.147
110.34
111.68
110.286
111.809
108.362
110.051
111.596
111.018
110.966
108.248
112.274
108.594
111.306
111.976
106.797
110.428
111.615
110.823
110.752
111.4
111.254
110.977
108.678
111.222
110.05
110.214
111.163
111.249
111.919
111.828
110.566
109.443
111.845
111.434
111.869
109.178
112.184
111.066
108.09
110.319
107.049
111.666
111.515
110.884
110.146
112.083
111.078
109.573
110.663
112.021
111.783
109.554
111.802
109.615
108.516
110.811
110.982
109.05
111.389
110.287
110.1
111.145
112.166
109.729
109.836
111.361
110.396
110.133
111.948
111.532
111.868
107.459
111.663
109.781
111.204
111.768
108.49
111.295
111.437
111.853
109.967
111.439
109.788
109.498
109.401
110.557
111.231
109.864
112.337
109.78
108.599
107.601
110.164
111.589
108.51
111.625
110.355
108.858
111.057
111.404
111.628
110.825
110.351
110.166
111.293
108.13
110.63
110.986
109.58
108.176
109.24
110.53
111.514
109.715
109.386
108.226
111.168
109.912
111.344
110.004
110.081
109.861
109.743
108.546
109.615
108.901
109.413
110.131
108.019
111.104
110.351
109.281
107.586
109.038
109.168
111.737
110.006
112.622
110.796
111.652
107.732
109.169
110.954
111.876
111.078
109.177
109.036
111.481
108.589
110.966
108.032
108.624
108.959
111.032
111.433
109.493
111.345
109.968
108.383
109.181
109.254
105.208
108.027
110.204
108.358
112.169
109.753
111.697
109.166
108.641
108.265
