2.41229
2.53833
2.4258
2.26886
2.74699
2.47977
2.46553
2.76846
2.65714
2.24065
2.20088
2.65581
2.77795
2.75681
2.75655
3.24513
2.44559
3.21565
2.35798
2.7896
2.74919
3.29796
3.23303
3.19252
2.96322
3.31317
3.2294
2.15917
2.88824
3.29926
2.86757
2.16918
3.42537
3.2295
3.19444
2.94635
3.02392
1.93892
3.31072
2.65203
2.56501
2.94359
2.84574
2.46766
2.75938
2.42564
2.91573
2.66996
2.75915
2.10541
2.97317
2.78303
2.76793
2.76623
3.38191
2.78255
2.13629
2.51221
2.0614
2.07998
2.6587
3.17624
3.12166
2.42231
2.46579
2.78236
3.22634
2.94923
2.88834
2.691
2.61281
3.38799
3.10505
3.10097
3.31466
3.21095
3.18146
2.77764
2.55251
2.65557
2.5613
1.93853
3.21609
2.75753
2.53524
2.67435
2.96977
2.03741
2.14695
2.75579
2.04505
2.46332
2.32917
1.92561
3.11433
1.95598
2.86301
2.66434
2.46062
3.2255
2.79491
2.54442
3.20267
2.43302
2.64737
2.44431
2.24936
2.12968
2.16981
2.55165
1.93721
2.07888
2.03503
1.92079
2.16133
2.15168
2.7979
3.11302
3.11792
3.224
2.0599
3.23766
2.66058
2.55082
2.05093
2.46566
2.06051
3.23269
2.57015
2.04524
2.36315
1.94473
3.21754
2.0488
3.19449
2.14762
2.04896
3.69122
2.13283
2.01183
2.05344
2.46661
2.14793
2.21141
2.32509
2.99569
2.33654
2.55681
2.56783
2.30304
2.1796
1.97274
2.02432
2.078
2.45057
2.14292
2.04783
1.93822
2.82956
2.03107
2.14986
2.93956
2.44097
3.29481
2.0807
2.19127
2.34474
2.32377
1.92915
2.29914
2.87284
2.29438
2.01712
1.8121
2.76203
2.02553
2.28703
3.1673
2.05605
2.21048
2.84519
2.09204
2.18916
2.30259
2.40264
1.87664
2.78197
2.76479
1.87239
2.40836
2.29863
2.00559
2.10409
1.97743
3.10782
2.011
2.44514
2.19678
2.1414
2.74193
2.22419
2.06098
2.02529
2.56206
1.87173
2.82659
2.74565
2.74434
2.08587
2.08754
2.68286
1.76407
2.54433
3.13279
3.06189
2.54557
2.08523
3.0989
2.10028
2.49944
2.97976
2.0729
2.13841
1.84898
2.07597
2.55165
2.74081
2.31363
2.82055
2.41875
1.99891
2.85532
3.13879
2.79157
2.51238
1.99777
2.60365
2.81498
3.27431
2.22894
2.74785
2.06943
2.30131
2.29338
2.53773
2.79543
3.13289
2.53676
2.72271
2.86624
2.6079
2.97599
2.11056
2.3972
2.84942
3.15093
2.88851
2.84385
2.01531
2.7493
1.81065
2.33402
2.10028
3.10678
2.95299
2.31119
2.00279
2.40626
2.77197
2.86549
2.16782
2.79281
2.21334
3.15644
3.21323
2.89596
2.21778
2.11687
2.78779
2.05228
2.7857
2.7872
2.7312
2.86392
4.10882
3.21288
2.54293
2.85959
2.0511
2.75282
2.00989
2.85729
2.95408
3.20894
