8.5737
8.51049
8.58733
8.54613
8.57064
8.53713
8.47941
8.57382
8.56215
8.50529
8.51344
8.48553
8.5158
8.49574
8.54624
8.54613
8.48553
8.56852
8.517
8.48394
8.48832
8.55176
8.5655
8.50779
8.52632
8.50762
8.49819
8.48897
8.48572
8.49476
8.51995
8.53747
8.47959
8.48047
8.54107
8.4866
8.53234
8.54518
8.50349
8.53096
8.49212
8.52101
8.57627
8.47705
8.60066
8.54145
8.47811
8.53032
8.44981
8.54145
8.58989
8.48938
8.51054
8.49414
8.52234
8.4866
8.46132
8.48515
8.47978
8.54956
8.4934
8.51252
8.48202
8.46497
8.4866
8.58794
8.50423
8.51092
8.50994
8.54434
8.46593
8.4656
8.4746
8.51941
8.48202
8.46369
8.519
8.51574
8.48466
8.5263
8.50758
8.51054
8.51378
8.49127
8.48047
8.52009
8.52516
8.42009
8.40825
8.4517
8.51675
8.45559
8.53128
8.52221
8.47889
8.48348
8.57361
8.47811
8.49342
8.47492
8.55079
8.48832
8.51675
8.55186
8.51161
8.47548
8.63217
8.49803
8.5655
8.48953
8.43723
8.46921
8.51272
8.59506
8.46787
8.52677
8.50836
8.46699
8.54285
8.53977
8.48933
8.55293
8.58344
8.55821
8.49358
8.55186
8.4866
8.50175
8.52464
8.52863
8.51513
8.53699
8.58426
8.53594
8.57603
8.52523
8.56103
8.56328
8.52644
8.54611
8.48366
8.54064
8.60334
8.51513
8.50893
8.52998
8.54146
8.55934
8.55791
8.4697
8.51075
8.55201
8.51471
8.53234
8.55382
8.52214
8.57617
8.53229
8.59156
8.49468
8.68508
8.57835
8.69296
8.57781
8.54146
8.57601
8.53693
8.50209
8.54667
8.62728
8.55797
8.56633
8.58129
8.67568
8.57265
8.53692
8.56112
8.51254
8.55107
8.72324
8.54011
8.5273
8.51513
8.55711
8.57388
8.52242
8.56679
8.5774
8.54011
8.59909
8.54011
8.516
8.56998
8.54342
8.57869
8.60112
8.50991
8.58837
8.54516
8.53599
8.53385
8.53883
8.52998
8.50516
8.53274
8.52194
8.57144
8.57103
8.62289
8.57379
8.55798
8.62289
8.60246
8.52769
8.53349
8.58374
8.55171
8.59701
8.54516
8.56678
8.59382
8.62952
8.5895
8.48328
8.52409
8.51296
8.49749
8.52956
8.58735
8.55439
8.54641
8.48359
8.51716
8.51182
8.4956
8.57174
8.58324
8.58324
8.47119
8.52956
8.55296
8.59624
8.5917
8.57379
8.6002
8.58643
8.5275
8.54056
8.54411
8.51918
8.52194
8.5633
8.6002
8.56273
8.61668
8.53101
8.49248
8.66857
8.51498
8.52659
8.57733
8.5892
8.52731
8.52257
8.49468
8.55173
8.54352
8.52733
8.52643
8.54322
8.62834
8.56646
8.53598
8.58836
8.51621
8.56539
8.4968
8.5684
8.55486
8.5717
8.50997
8.55469
8.62788
8.58107
8.52975
8.59798
8.57585
8.57983
8.48088
8.51296
8.40339
8.4951
8.58107
8.53693
