5055
4808
4908
4968
4917
5062
4954
4903
4972
5025
4949
5087
5170
4982
5093
5179
5204
5056
5102
5220
5301
5032
5100
5172
5282
5147
5106
5137
5306
4992
5124
5097
4925
5073
5070
4951
5037
4954
4840
5072
4886
4822
4922
4649
4895
4816
4795
4961
4860
4860
5003
4808
4926
4923
4892
4830
4865
4828
4780
4881
4675
4709
4868
4873
4832
4853
4929
4850
4787
4865
4846
4896
4952
4943
4977
4851
4902
4893
4964
4800
4871
4790
4867
4957
4842
5057
4845
4789
4830
4926
4901
4768
4842
4803
4832
4989
4899
4931
5065
5059
5009
4996
4985
4849
5039
5099
4904
4777
5051
5084
5100
5064
4998
5123
5169
5085
5311
5146
5178
5162
5428
5135
5287
5279
5280
5350
5348
5980
5227
5238
5266
5300
5309
5395
5462
5365
5384
5394
5338
5424
5360
5535
5347
5408
5342
5434
5452
5602
5613
5545
5399
5473
5402
5542
5434
5264
5533
5461
5468
5527
5513
5542
5609
5467
5609
5470
5482
5518
5485
5553
5613
5476
5494
5514
5405
5544
5474
5478
5606
5500
5513
5477
5566
5608
5605
5455
5480
5473
5497
5581
5558
5507
5448
5398
5378
5397
5445
5614
5540
5396
5528
5386
5520
5441
5453
5515
5553
5483
5446
5458
5469
5441
5479
5410
5442
5545
5420
5469
5401
5461
5551
5524
5375
5345
5357
5366
5483
5546
5575
5386
5303
5423
5423
5206
5255
5381
5405
5573
5473
5529
5312
5410
5395
5450
5251
5454
5374
5337
5404
5307
5534
5350
5320
5535
5307
5370
5359
5468
5268
5278
5289
5333
5323
5373
5385
5202
5317
5225
5332
5228
5350
5287
5279
5243
5220
5285
5329
5338
5408
5275
5282
5293
5242
5251
5326
5409
5405
5373
5244
5301
5186
5311
5258
5282
