8.87188
8.90025
8.89446
8.69945
8.73052
8.53917
8.95544
8.69963
8.48471
8.88657
8.79703
8.70588
8.72048
8.79656
8.68707
8.90476
8.6787
8.88545
8.90095
8.47075
8.6146
8.79052
8.72137
8.78148
8.73195
8.67937
8.79614
8.78252
8.90141
8.4735
8.47146
8.78928
8.39285
8.49085
8.37017
8.3709
8.59757
8.88433
8.60969
8.78122
8.89293
8.37843
8.78261
8.46618
8.80468
8.88508
8.36857
8.38542
8.36788
8.50088
8.79068
8.66973
8.79328
8.88613
8.57281
8.27112
8.90621
8.44742
8.44924
8.36369
8.37444
8.36745
8.79818
8.38196
8.68954
8.66891
8.90601
8.69304
8.67432
8.47356
8.80443
8.89268
8.68569
8.7737
8.90094
8.48578
8.78252
8.7829
8.89311
9.00317
8.79046
8.79734
8.86758
8.68254
8.89315
8.79691
8.36976
8.91497
8.7893
8.88621
8.77987
8.78428
8.47079
8.388
8.77462
8.76576
8.78244
8.50028
8.39396
8.38158
8.69308
8.67787
8.48695
8.6717
8.78968
8.79198
8.78263
8.46364
8.79732
8.7873
8.78456
8.67787
8.79732
8.87827
8.89366
8.4655
8.69901
8.4038
8.78274
8.47858
8.81922
8.67077
8.95886
8.89611
8.80411
8.78773
8.85225
8.87661
8.79261
8.79744
8.90659
8.48732
8.87833
9.04145
8.96465
8.79744
8.95847
8.86096
8.48414
8.78447
8.50657
8.93886
8.89129
8.83536
8.84991
8.76294
8.97
8.80429
8.86993
8.86097
8.79847
8.85507
8.84537
8.48076
8.48964
8.9758
8.78161
8.78746
8.80608
8.95885
8.84046
8.54385
8.87892
8.55598
8.86724
8.9527
8.85922
8.56198
8.86426
8.94955
8.95861
8.7555
8.95864
8.74622
8.85165
8.85535
8.38889
8.86904
8.55643
8.90117
8.74311
8.77178
8.48458
8.56561
9.03474
8.82076
8.92632
8.95304
8.55271
8.80306
8.56013
8.8691
8.86687
8.8351
8.50404
8.84384
8.56641
8.86071
8.96581
8.45076
8.87675
8.7663
8.86721
8.74216
8.57317
8.95885
8.81563
8.78131
8.55347
8.74947
8.86653
8.85004
8.73161
8.87211
8.47632
8.84989
8.85306
8.85518
8.87549
8.85593
8.8502
8.71777
8.87202
8.57606
8.56039
8.86698
8.98217
8.96231
8.44408
8.85958
8.55559
8.89053
8.73146
8.7332
8.87521
8.75565
8.75506
8.85544
8.85332
8.83484
8.94407
8.78759
8.55691
8.56212
8.75091
8.95861
8.85469
8.6242
8.5736
8.8706
8.85541
8.54705
8.74892
8.74956
8.87805
8.55864
8.74951
8.8705
8.8051
8.95801
8.95901
8.85827
8.87052
8.55711
8.85916
8.86092
8.8634
8.97947
8.70279
8.76084
8.95864
8.55494
8.75513
8.74822
8.95333
8.78083
8.75177
8.844
8.84428
8.75178
8.96981
8.47315
8.73381
8.85869
8.7462
8.80926
8.8549
8.55377
8.96234
8.8667
8.69723
8.76262
8.7436
8.84406
