3.69626
2.81124
4.11243
3.92667
3.57304
3.78488
4.01008
4.60962
4.7271
4.59598
4.81336
5.29392
4.56395
6.1488
4.98616
4.97981
3.61441
4.70206
5.28873
3.93981
4.14684
4.7226
4.87977
5.27377
5.02494
5.72782
4.86516
6.34594
4.81082
4.92977
5.03203
4.72896
4.87314
5.2599
4.9708
5.01329
4.43397
5.24506
4.6095
4.65977
4.59718
5.18179
4.65034
6.33928
5.25342
5.22168
4.82301
4.66903
4.71003
4.03043
4.65353
4.55126
4.81825
5.244
5.04749
4.68394
4.93226
5.09528
4.8902
3.79567
4.58902
4.78879
4.69972
3.46202
4.04763
4.56575
5.20425
4.7755
4.33468
4.75988
3.63174
3.82916
2.33259
4.73975
3.84097
3.76403
2.25938
3.61091
3.73784
3.77811
3.64751
2.43807
3.64942
3.46987
3.56936
3.43902
3.94965
3.39634
4.16737
2.50818
3.54522
1.79111
3.33098
3.33316
3.51766
3.15552
2.04841
3.81256
3.38461
3.69194
3.94568
2.33445
2.41599
3.53102
3.84918
3.72102
3.73465
3.61837
3.9171
3.72802
3.22728
3.99455
3.70775
3.48504
3.74711
3.08804
3.87264
3.55894
2.26528
5.10195
3.67633
2.8612
3.51174
3.71487
4.68108
3.20417
3.6347
4.22142
3.60372
3.61384
4.72739
3.67444
5.40482
3.78455
3.81644
4.61802
3.66015
3.99185
4.12693
4.63921
4.51129
5.10228
3.85562
3.74073
4.02412
3.64566
5.2403
3.95481
3.49436
3.89313
4.15934
3.91896
5.01742
3.67463
5.22012
3.59747
3.69233
3.63258
3.86244
3.4849
3.71138
3.60223
3.78751
3.98828
3.71174
3.45073
3.70741
3.3438
3.65317
3.52579
4.10159
3.57451
3.75276
4.0754
3.68788
4.06876
3.64981
3.79449
4.90436
4.57765
3.63081
3.47902
3.63179
4.26135
3.40908
4.06853
4.10104
3.70364
3.84718
3.79449
3.61065
4.07097
3.79772
3.61684
3.70431
4.04639
4.4006
3.33776
3.89566
4.07156
4.14347
4.22781
3.81999
