5.37502
5.13745
5.339
5.62424
5.29727
5.29242
2.82469
5.35112
5.34071
5.29774
5.41087
5.25243
5.34722
5.59346
5.29943
5.37724
5.27074
5.5986
5.31588
5.36035
5.36089
5.36971
5.28552
5.27462
5.35653
5.3971
5.3553
5.28087
5.3662
5.38266
5.56165
5.37856
5.36216
5.43738
5.29226
5.40252
5.38528
5.29497
5.43167
5.45816
5.35112
5.38997
5.30489
5.58825
5.39502
5.30834
5.38815
5.33434
5.45168
5.33848
5.34411
5.34337
5.42102
5.31304
5.31486
5.2978
5.3246
5.37732
5.31217
5.36236
5.30257
5.35458
5.26711
5.21878
5.2831
5.24525
5.38896
5.38363
5.24463
5.51947
5.32348
5.45064
2.88792
5.30343
5.39264
5.31481
2.93194
5.32692
5.27014
5.2423
5.29066
3.10004
5.34224
5.23711
5.23156
5.29175
5.25929
5.19611
5.20014
2.28887
5.19741
2.3201
5.28855
5.22578
5.31522
3.80044
3.01099
5.26101
5.38404
5.2666
5.28308
3.05791
2.82902
5.31253
5.28415
5.25628
5.25633
5.27456
5.21264
5.36854
5.27022
5.19958
5.334
5.2722
5.32386
5.07844
5.40009
5.38311
2.914
5.37156
5.38798
3.36681
3.00146
5.31522
5.3607
2.81549
5.54855
5.15151
5.38129
5.44772
5.51009
5.52558
5.38579
5.37334
5.67908
5.36531
5.3496
5.40469
5.30394
5.30437
5.36648
5.40288
5.54541
5.31485
5.41271
5.37748
5.29911
5.29515
5.37109
5.30019
5.35653
5.32243
5.31356
5.31977
5.33572
5.27095
5.2597
5.36802
5.23352
5.26489
5.30543
5.3757
5.29932
5.27385
5.28247
5.28301
5.34336
5.31307
5.15695
5.30338
5.34015
5.25306
5.33353
5.43296
5.26715
5.26972
5.12946
5.27111
5.367
5.183
5.18819
5.19029
5.20666
5.26275
5.35829
5.41928
5.25423
5.31891
5.47703
5.5778
5.34323
5.40749
5.33213
5.26061
5.29437
5.42799
5.23517
5.3089
5.53437
5.25476
5.30781
5.26683
5.50503
