1399
1010
1396
1508
1349
1347
829
1456
1561
1686
1611
1612
1678
1684
1575
1732
1647
1748
1664
1786
1751
1867
1769
1927
1949
1899
1755
1942
1818
1960
1922
2026
1978
2001
2031
1960
1958
2016
2091
2114
1895
2001
1923
1971
1860
1868
1892
1854
1933
1855
1918
1906
1869
1846
1924
1724
1899
1865
1751
1667
1819
1790
1753
1561
1648
1485
1772
1679
1725
1627
1672
1562
941
1520
1570
1414
976
1400
1385
1485
1559
866
1486
1437
1336
663
1481
1508
1298
804
1256
653
1257
1281
1311
944
890
1382
1359
1304
1295
926
884
1415
1511
1328
1462
1537
1366
1350
1357
1355
1389
1498
1428
1317
1406
1503
845
1427
1394
887
950
1452
1564
981
805
1274
1685
1406
1663
1802
1700
1671
1814
1744
1756
1867
1725
1825
1883
1868
1765
1726
1806
1852
1834
1798
1615
1710
1824
1614
1867
1743
1812
1798
1700
1593
1675
1618
1694
1622
1663
1630
1787
1564
1606
1635
1584
1601
1732
1661
1695
1619
1666
1845
1766
1573
1852
1751
1841
1831
1747
1822
1864
1736
1732
1763
1873
1849
1831
1951
1904
1851
1828
1907
1923
2028
1957
1919
1923
1846
1985
