90
97.7469
97.7455
97.7455
97.7275
97.7275
97.1117
97.0777
97.0777
96.9882
96.9882
96.9882
96.9882
96.9904
96.9861
96.882
96.882
96.882
96.9155
96.9155
96.9155
96.9155
96.9155
96.9155
97.8201
97.8793
97.8793
97.7653
97.7653
96.8163
96.8163
96.8193
96.8193
96.8193
96.8067
96.8067
97.6149
97.6149
97.6149
97.6149
97.6149
97.6149
97.6149
97.6149
97.6149
97.6149
97.6149
97.6149
97.6149
97.6149
97.6149
97.599
97.599
97.599
97.599
97.599
97.599
97.599
97.599
97.5894
97.5894
97.5894
97.5894
97.5894
97.5894
97.5894
97.5894
97.5894
97.6134
97.6134
97.6134
97.6134
97.6134
97.6134
97.6134
97.6134
97.6134
97.6134
97.6134
97.6134
97.6134
97.6134
97.6134
97.6134
97.6134
97.6134
97.6134
97.6134
97.6134
97.6134
97.6134
97.6134
97.6134
97.6134
97.6134
97.6134
97.6134
97.6134
97.6134
97.6134
97.6134
97.6134
97.6134
97.6134
97.6134
97.6134
97.6134
97.6134
97.6134
97.6076
97.6076
97.6076
97.6076
97.6076
97.6076
97.6076
97.6076
97.6076
97.6076
97.6076
97.6076
97.6076
97.6076
97.6076
97.6076
97.6076
97.6076
97.6076
97.6076
97.6076
97.6076
97.6076
97.6076
97.6076
97.6076
97.6076
97.6076
97.6076
97.6076
97.6076
97.6076
97.6076
97.6076
97.6076
97.6076
97.6076
97.6076
97.6076
97.6076
97.6076
97.6076
97.6076
97.6076
97.6076
97.6076
97.6076
97.6076
97.6076
97.6076
97.6076
97.6076
97.6076
97.6076
97.6076
97.6076
97.6076
97.6076
97.6076
97.6076
97.6076
97.6076
97.6076
97.6076
97.6076
97.6076
97.6076
97.6076
97.6076
97.6076
97.6076
97.6076
97.6076
97.6076
97.6076
97.6076
97.6076
97.6076
97.6076
97.6076
97.6076
97.6076
97.6076
97.6076
97.6076
97.6076
97.6076
97.6076
97.6076
97.6076
97.6076
97.6076
97.6076
97.6076
97.6076
97.6076
97.6076
97.6076
97.6076
97.6076
97.6076
97.6076
97.6076
97.6076
97.4126
97.4126
97.4126
97.4126
97.4126
97.4126
97.4126
97.4126
97.4126
97.4126
97.4126
97.4126
97.4126
97.4126
97.4126
97.4126
97.4126
97.4126
97.4126
97.4126
97.4126
97.4126
97.4126
97.4126
97.4126
97.4126
97.4126
97.4126
97.4126
97.4126
97.4126
97.4126
97.4126
97.4126
97.4126
97.4126
97.4126
97.4126
97.4126
97.4126
97.4126
97.4126
97.4126
97.4126
97.4126
97.4126
97.4126
97.4126
97.4126
97.4126
97.4126
97.4126
97.4126
97.4126
97.4126
97.4126
97.4126
97.4126
97.4126
97.4126
97.4126
97.4126
97.4126
97.4126
97.4126
97.4126
97.4126
97.4126
97.4126
97.4126
97.4126
97.4126
97.4126
97.4126
97.4126
97.4126
97.4126
97.4126
97.4126
97.4126
97.4126
97.4126
97.4126
97.4126
97.4126
