5.7125
5.7875
5.7875
5.7875
5.7875
5.78907
5.91562
5.91562
5.91562
5.91562
5.91562
5.91562
5.91562
5.91562
5.91562
5.91562
5.91562
5.91562
5.91562
5.91562
5.91562
5.91562
5.91562
5.91562
5.91562
5.91562
5.91562
5.91562
5.91562
5.98906
5.98906
5.98906
5.98906
5.98906
5.98906
5.98906
5.98906
5.98906
5.98906
5.98906
5.98906
5.98906
5.98906
5.98906
5.98906
5.98906
5.98906
5.98906
5.98906
5.98906
5.98906
6.02813
6.02813
6.02813
6.02813
6.03907
6.03907
6.05313
6.05313
6.16563
6.16563
6.16563
6.16563
6.16563
6.16563
6.16563
6.16563
6.23907
6.23907
6.23907
6.23907
6.23907
6.23907
6.23907
6.23907
6.23907
6.23907
6.23907
6.23907
6.23907
6.23907
6.23907
6.23907
6.23907
6.23907
6.23907
6.23907
6.23907
6.23907
6.23907
6.23907
6.23907
6.23907
6.23907
6.23907
6.23907
6.23907
6.24375
6.24375
6.24375
6.24375
6.24375
6.24375
6.24375
6.24375
6.24375
6.24375
6.24375
6.24375
6.25001
6.25001
6.25001
6.25001
6.25001
6.25001
6.25001
6.25001
6.25001
6.25001
6.25001
6.25001
6.25001
6.25001
6.25001
6.25001
6.25001
6.25001
6.25001
6.25001
6.25001
6.25001
6.25001
6.25001
6.25001
6.25001
6.25001
6.25001
6.25001
6.25001
6.25001
6.25001
6.25001
6.25001
6.25001
6.25001
6.25001
6.25001
6.25001
6.25001
6.25001
6.25001
6.25001
6.25001
6.25001
6.25001
6.25001
6.25001
6.25001
6.25001
6.25001
6.25001
6.25001
6.25001
6.25001
6.25001
6.25001
6.25001
6.25001
6.25001
6.25001
6.25001
6.25001
6.25001
6.25001
6.25001
6.25001
6.25001
6.25001
6.25001
6.25001
6.25001
6.25001
6.25001
6.25001
6.25001
6.25001
6.25001
6.25001
6.25001
6.25001
6.25001
6.25001
6.25001
6.25001
6.25001
6.25001
6.25001
6.25001
6.25001
6.25001
6.25001
6.25001
6.25001
6.25001
6.25001
6.25001
6.25001
6.25001
6.25001
6.25001
6.25001
6.25001
6.25001
6.25001
6.25001
6.25001
6.25001
6.25001
6.25001
6.25001
6.25001
6.25001
6.25001
6.25001
6.25001
6.25001
6.25001
6.25001
6.25001
6.25001
6.25001
6.25001
6.25001
6.25001
6.25001
6.25001
6.25001
6.25001
6.25001
6.25001
6.25001
6.25001
6.25001
6.25001
6.25001
6.25001
6.25001
6.25001
6.25001
6.25001
6.25001
6.25001
6.25001
6.25001
6.25001
6.25001
6.25001
6.25001
6.25001
6.27188
6.27188
6.27188
6.27188
6.27188
6.27188
6.27188
6.27188
6.27188
6.27188
6.27188
6.27188
6.27188
6.27188
6.27188
6.27188
6.27188
6.27188
6.27188
6.27188
6.27188
6.27188
6.27188
6.27188
6.27188
6.27188
6.27188
6.27188
6.27188
6.27188
6.27188
6.27188
6.27188
6.27188
6.27188
6.27188
6.27188
6.27188
6.27188
