7.81588
7.81637
7.81786
7.81786
7.83624
7.83624
7.90435
7.94274
7.94274
8.04543
8.04543
8.04543
8.04543
8.04957
8.05454
8.19086
8.19086
8.19086
8.19086
8.19086
8.19086
8.19086
8.19086
8.19086
8.19086
8.19086
8.19086
8.31258
8.31258
8.31258
8.31258
8.31258
8.31258
8.31258
8.32805
8.32805
8.32805
8.32805
8.32805
8.32805
8.32805
8.32805
8.32805
8.32805
8.32805
8.32805
8.32805
8.32805
8.32805
8.32805
8.32805
8.34569
8.34569
8.34569
8.34569
8.34569
8.34569
8.34569
8.34569
8.35632
8.35632
8.35632
8.35632
8.35632
8.35632
8.35632
8.35632
8.35632
8.35632
8.35632
8.35632
8.35632
8.35632
8.35632
8.35632
8.35632
8.35632
8.35632
8.35632
8.35632
8.35632
8.35632
8.35632
8.35632
8.35632
8.35632
8.35632
8.35632
8.35632
8.35632
8.35632
8.35632
8.35632
8.35632
8.35632
8.35632
8.35632
8.35632
8.35632
8.35632
8.35632
8.35632
8.35632
8.35632
8.35632
8.35632
8.35632
8.35632
8.35632
8.36285
8.36285
8.36285
8.36285
8.36285
8.36285
8.36285
8.36285
8.36285
8.36285
8.36285
8.36285
8.36285
8.36285
8.36285
8.36285
8.36285
8.36285
8.36285
8.36285
8.36285
8.36285
8.36285
8.36285
8.36285
8.36285
8.36285
8.36285
8.36285
8.36285
8.36285
8.36285
8.36285
8.36285
8.36285
8.36285
8.36285
8.36285
8.36285
8.36285
8.36285
8.36285
8.36285
8.36285
8.36285
8.36285
8.36285
8.36285
8.36285
8.36285
8.36285
8.36285
8.36285
8.36285
8.36285
8.36285
8.36285
8.36285
8.36285
8.36285
8.36285
8.36285
8.36285
8.36285
8.36285
8.36285
8.36285
8.36285
8.36285
8.36285
8.36285
8.36285
8.36285
8.36285
8.36285
8.36285
8.36285
8.36285
8.36285
8.36285
8.36285
8.36285
8.36285
8.36285
8.36285
8.36285
8.36285
8.36285
8.36285
8.36285
8.36285
8.36285
8.36285
8.36285
8.36285
8.36285
8.36285
8.36285
8.36285
8.36285
8.36285
8.36285
8.36285
8.36285
8.58536
8.58536
8.58536
8.58536
8.58536
8.58536
8.58536
8.58536
8.58536
8.58536
8.58536
8.58536
8.58536
8.58536
8.58536
8.58536
8.58536
8.58536
8.58536
8.58536
8.58536
8.58536
8.58536
8.58536
8.58536
8.58536
8.58536
8.58536
8.58536
8.58536
8.58536
8.58536
8.58536
8.58536
8.58536
8.58536
8.58536
8.58536
8.58536
8.58536
8.58536
8.58536
8.58536
8.58536
8.58536
8.58536
8.58536
8.58536
8.58536
8.58536
8.58536
8.58536
8.58536
8.58536
8.58536
8.58536
8.58536
8.58536
8.58536
8.58536
8.58536
8.58536
8.58536
8.58536
8.58536
8.58536
8.58536
8.58536
8.58536
8.58536
8.58536
8.58536
8.58536
8.58536
8.58536
8.58536
8.58536
8.58536
8.58536
8.58536
8.58536
8.58536
8.58536
8.58536
8.58536
