1626
1620
1657
1699
1626
1605
1682
1607
1704
1669
1756
1601
1601
1738
1652
1664
1719
1652
1676
1760
1751
1748
1757
1833
1823
1775
1827
1807
1886
1773
1856
1857
1829
1754
1881
1917
1758
1725
1811
1871
1823
1769
1899
1833
1813
1841
1832
1889
1882
1837
1788
2001
1948
1928
1839
1846
1830
1871
1853
1784
1821
1829
1749
1786
1831
1719
1703
1691
1744
1785
1743
1660
1817
1820
1746
1745
1784
1731
1803
1761
1804
1827
1649
1692
1645
1743
1682
1694
1719
1559
1668
1680
1771
1582
1599
1728
1747
1633
1663
1610
1677
1642
1661
1727
1588
1694
1748
1696
1740
1736
1606
1773
1777
1749
1768
1730
1783
1823
1869
1757
1803
1776
1715
1750
1806
1821
1861
1791
1794
1780
1745
1810
1797
1827
1773
1772
1753
1857
1874
1792
1844
1815
1789
1772
1669
1746
1829
1873
1843
1861
1831
1809
1708
1874
1881
1836
1907
1880
1743
1881
1839
1865
1848
1729
1704
1760
1783
1732
1818
1850
1927
1877
1829
1826
1921
1828
1723
1820
1714
1871
1862
1800
1866
1838
1703
1877
1835
1802
1805
1773
1832
1803
1665
1726
1781
1717
1691
1744
1750
1831
1802
1683
1894
1714
1747
1721
1744
1795
1731
1785
1783
1760
1817
1754
1780
1776
1744
1756
1751
1795
1679
1745
1762
1813
1738
1783
1780
1681
1771
1813
1787
1792
1890
1814
1824
1699
1869
1893
1783
1807
1781
1793
1844
1912
1821
1802
1864
1834
1840
1855
1856
1852
1782
1821
1753
1844
1859
1901
1773
1861
1841
1883
1882
1853
1841
1872
1872
1915
1863
1832
1811
1847
1897
1894
1850
1922
1960
1824
1923
1913
1898
1838
1831
1885
1882
1892
1912
1891
1910
1948
1857
1931
1899
1928
1838
1887
1878
1866
