4.79709
6.58392
6.58392
6.58392
6.58392
6.58392
6.58392
6.58392
6.58392
6.58392
6.58392
6.58392
6.58392
6.58554
6.58554
6.58874
6.58874
6.58874
6.59846
6.59846
6.59846
6.59846
6.59846
6.59846
6.86145
6.87867
6.87867
6.87867
6.87867
6.87867
6.87867
6.87956
6.87956
6.87956
6.87956
6.87956
7.11826
7.11826
7.11826
7.11826
7.11826
7.11826
7.11826
7.11826
7.11826
7.11826
7.11826
7.11826
7.11826
7.11826
7.11826
7.11826
7.11826
7.11826
7.11826
7.11826
7.11826
7.11826
7.11826
7.11826
7.11826
7.11826
7.11826
7.11826
7.11826
7.11826
7.11826
7.11826
7.12539
7.12539
7.12539
7.12539
7.12539
7.12539
7.12539
7.12539
7.12539
7.12539
7.12539
7.12539
7.12539
7.12539
7.12539
7.12539
7.12539
7.12539
7.12539
7.12539
7.12539
7.12539
7.12539
7.12539
7.12539
7.12539
7.12539
7.12539
7.12539
7.12539
7.12539
7.12539
7.12539
7.12539
7.12539
7.12539
7.12539
7.12539
7.12539
7.12539
7.12539
7.12539
7.12539
7.12539
7.12539
7.12539
7.12539
7.12539
7.12539
7.12539
7.12539
7.12539
7.12539
7.12539
7.12539
7.12539
7.12539
7.12539
7.12539
7.12539
7.12539
7.12539
7.12539
7.12539
7.12539
7.12539
7.12539
7.12539
7.12539
7.12539
7.12539
7.12539
7.12539
7.12539
7.12539
7.12539
7.12539
7.12539
7.12539
7.12539
7.12539
7.12539
7.12539
7.12539
7.12539
7.12539
7.12539
7.12539
7.12539
7.12539
7.12539
7.12539
7.12539
7.12539
7.12539
7.12539
7.12539
7.12539
7.12539
7.12539
7.12539
7.12539
7.12539
7.12539
7.12539
7.12539
7.12539
7.12539
7.12539
7.12539
7.12539
7.12539
7.12539
7.12539
7.12539
7.12539
7.12539
7.12539
7.12539
7.12539
7.12539
7.12539
7.12539
7.12539
7.12539
7.12539
7.12539
7.12539
7.12539
7.12539
7.12539
7.12539
7.12539
7.12539
7.12539
7.12539
7.12539
7.12539
7.12539
7.12539
7.12539
7.12539
7.12539
7.12539
7.12539
7.12539
7.12539
7.12539
7.12539
7.12539
7.12539
7.12539
7.12539
7.12539
7.12539
7.12539
7.12539
7.12539
7.12539
7.12539
7.12539
7.12539
7.12539
7.12539
7.12539
7.12539
7.12539
7.12539
7.12539
7.12539
7.12539
7.12539
7.12539
7.12539
7.12539
7.12539
7.12539
7.12539
7.12539
7.12539
7.12539
7.12539
7.12539
7.12539
7.12539
7.12539
7.12539
7.12539
7.12539
7.12539
7.12539
7.12539
7.12539
7.12539
7.12539
7.12539
7.12539
7.12539
7.12539
7.12539
7.12539
7.12539
7.12539
7.12539
7.12539
7.12539
7.12539
7.12539
7.12539
7.12539
7.12539
7.12539
7.12539
7.12539
7.12539
7.12539
7.12539
7.12539
7.12539
7.12539
7.12539
7.12539
7.12539
7.12539
7.12539
7.12539
7.12539
7.12539
7.12539
7.12539
