5.62608
3.12564
3.43545
3.1208
5.53821
5.52543
3.11999
3.14846
3.02197
3.13706
3.12716
3.33576
3.12504
3.24535
3.33135
3.13126
3.33162
3.3313
3.11506
3.33444
3.12457
2.4154
1.80006
3.12124
3.01704
3.00898
3.12731
3.02643
3.01589
2.41774
3.11493
3.0215
3.01698
3.02049
2.22215
1.88373
1.88153
2.91535
1.71013
2.40362
3.43916
4.46067
3.02064
3.0287
3.47298
3.00477
3.12729
3.02602
1.89207
3.12067
3.0139
2.40362
2.70962
2.49045
5.51232
3.01657
2.83618
2.91755
2.91872
2.91519
3.11742
5.52383
3.02054
3.13268
3.02413
2.99303
3.02687
3.1192
3.02231
5.53452
5.72066
3.32103
3.32692
3.12166
3.42037
3.75071
5.5259
5.62294
5.52347
3.96667
5.53631
5.63029
5.73205
5.53689
5.53169
5.53392
5.53822
5.53196
5.53124
5.53352
5.53119
5.53676
5.73946
5.52837
5.53017
5.5324
5.54294
5.54193
5.53553
5.43739
5.42727
5.52698
5.64291
5.53436
5.63385
5.53011
5.53101
5.53753
5.53033
5.63292
5.53989
5.32508
5.43527
5.52698
5.53422
5.53177
5.43451
5.53839
5.53459
5.54121
5.54209
5.53375
5.54465
5.53423
5.43694
5.5385
5.43268
5.62831
5.42409
5.63263
5.34172
5.5282
5.62903
5.43279
5.53795
5.53177
5.52368
5.52789
5.52667
5.532
5.64223
5.63996
5.53676
5.52502
5.52866
5.53364
5.62842
5.6396
5.62597
5.53676
5.53795
5.53778
5.53015
5.64267
5.52654
5.52566
5.53151
5.64241
5.52431
5.51963
5.53101
5.52626
5.44106
5.62896
5.527
5.62648
5.53372
5.61771
5.52401
5.42818
5.53127
5.33321
5.52386
5.7269
5.42658
5.522
5.51917
5.53795
5.52738
5.72584
5.43334
5.52749
5.52654
5.52604
5.43569
5.72877
5.51844
5.53674
5.73793
5.62642
5.6443
5.53296
5.33353
5.52781
5.52654
5.52998
5.53705
5.53119
5.52051
5.41796
5.52104
5.5354
5.41645
5.52495
5.5234
5.52789
5.33892
5.53177
5.52343
5.52581
5.42003
5.52256
5.52051
5.52297
5.5243
5.62849
5.53986
5.52789
5.83205
5.53491
5.34066
5.52467
5.52345
5.42603
5.63858
5.8275
5.62847
5.41326
5.63047
5.51917
5.42098
5.62477
5.53479
5.44024
5.54144
5.33743
5.52269
5.52598
5.42259
5.63283
5.64892
5.33229
5.52073
5.33813
5.41979
5.63655
5.51804
5.42739
5.53157
5.62809
5.53155
5.53139
5.33795
5.51482
5.54972
5.52337
5.5316
5.53139
5.42087
5.32907
5.52654
5.34866
5.83513
5.34218
5.34056
5.52802
5.33515
5.63209
5.42263
5.63111
5.52983
5.43566
5.53507
5.42185
5.00912
5.62535
5.41951
5.42003
5.74246
5.52955
5.33677
5.62469
5.53039
5.42086
5.42157
5.52123
5.64223
5.53489
4.18614
5.33269
5.64834
5.53102
5.3314
5.42158
5.44651
5.41844
5.41962
5.42736
5.52867
5.52843
5.64237
5.51661
5.6353
5.33287
5.43008
5.32951
4.19265
4.28338
5.41918
4.1939
5.41487
5.43105
5.52804
5.31388
5.52931
5.51743
4.19
6.53554
5.42041
5.6353
5.42613
5.43918
5.23115
4.182
5.31425
5.63078
5.33463
5.72071
5.33727
5.41906
5.52274
5.22219
4.2784
4.16844
5.42398
4.17569
5.53881
5.41951
5.4325
4.28403
5.53275
6.27426
5.42156
5.42999
5.33045
5.62781
5.33577
5.4367
5.3314
5.31326
5.3308
5.23306
5.32907
5.42795
5.33323
4.18551
5.43049
6.23836
5.5271
5.32845
5.43732
5.34034
5.42368
6.25709
6.23709
5.42984
5.33614
6.31132
5.33583
5.32765
5.52368
5.3419
5.32184
5.32884
5.43536
5.54059
5.4296
5.33564
5.42714
5.43038
5.53705
5.41951
5.33649
5.54325
5.42985
5.4268
5.42593
5.53468
5.63539
5.53027
5.43278
5.34056
5.33753
5.44715
5.43907
5.52926
5.43814
5.52955
5.43071
5.64375
5.33381
5.53568
5.43252
5.53232
5.63109
5.64427
5.43562
5.53184
5.64834
5.33929
4.18692
5.52963
5.64346
5.53391
5.52588
5.52956
5.52816
5.63037
5.53466
5.54058
5.53309
5.51661
5.53517
5.4441
5.63388
5.44066
5.6226
5.63123
5.42391
5.63277
5.83757
5.62648
5.62726
5.62789
5.53004
5.53595
5.52953
5.63076
5.63814
5.63385
5.527
5.62485
5.62853
5.63557
5.62831
5.62831
5.5318
5.61697
5.62648
5.52409
5.63005
5.53035
5.6359
5.9388
5.83684
5.63094
5.82945
6.12746
5.53507
5.62935
5.62609
5.92863
5.92993
5.83414
5.52895
6.18702
6.03876
4.62525
5.83283
5.82523
5.62655
5.63312
5.72125
5.8243
5.63453
5.53169
5.62918
