4.39396
2.28009
2.65225
2.53663
4.02541
4.76871
2.806
2.22825
2.98146
2.09117
2.24345
2.7325
2.92236
2.19773
2.39677
2.29469
2.41342
2.43342
2.72963
3.07016
2.44129
2.39781
1.94077
2.34295
2.43478
2.46887
2.68275
2.46156
2.34066
2.8164
3.22459
2.64025
2.49489
2.5913
2.52429
2.68617
2.51421
3.12526
3.41845
1.92332
2.48814
3.77756
2.65913
2.3483
3.07558
2.75177
2.30696
2.36859
2.09714
2.64665
2.48504
2.53392
2.38145
3.2889
4.84467
2.36688
2.05234
2.37035
2.41765
2.38124
2.65132
4.96013
2.60558
2.35796
2.50646
3.14265
2.99633
2.68679
2.46232
4.79382
4.87375
2.72098
2.71839
2.60259
2.76336
2.66868
4.75451
4.75451
4.82515
3.20795
4.85041
4.64491
4.11675
4.7843
4.80629
4.81729
4.80505
5.01198
4.95229
4.75451
4.74036
4.36413
4.95229
4.81586
4.80629
4.69054
4.84256
4.75297
4.61619
4.84093
4.74207
4.73744
4.84729
4.98528
4.80629
4.85333
4.78421
4.98528
4.81759
4.69035
4.98528
4.78421
4.68096
4.91782
4.979
5.00128
4.83448
4.85438
4.64132
4.78263
4.65564
4.30129
4.81729
4.70576
4.74988
4.74988
4.74194
4.97271
4.88178
4.41477
4.90525
4.75451
4.83013
4.77995
4.85513
4.80648
4.75451
4.67286
4.55325
4.79236
4.80629
4.97428
4.81729
4.80629
4.95281
4.68054
4.84257
4.91782
4.81729
4.64464
5.06835
4.75451
4.91782
4.88474
4.71219
4.75451
4.81729
4.61622
4.84251
4.67473
4.65278
4.62597
5.05638
4.81729
4.85513
4.98528
4.80505
4.79556
4.69548
4.65389
4.81729
4.80472
4.80472
4.74194
4.72969
4.89418
4.8335
4.74557
4.80493
4.81575
4.6165
4.91139
4.68448
4.88012
4.91628
4.54402
4.79733
4.81729
4.83804
4.79733
4.84552
4.93025
4.63015
4.75256
4.68135
4.55502
4.81281
4.74215
4.80505
4.71842
4.76861
4.71842
4.49459
4.61622
4.61317
5.04157
4.70127
4.75606
5.16672
4.71216
4.6217
4.87369
4.71842
4.77266
4.72212
4.59415
4.59494
4.77497
4.78265
4.71687
4.61788
4.91447
4.76889
4.96793
4.52597
4.81741
4.71687
4.75643
4.76103
4.88161
4.8865
4.7734
4.93203
4.70585
4.7375
4.79757
4.6771
4.61788
4.79601
4.81026
4.70605
4.68469
4.81741
4.61954
4.61634
4.69548
4.71933
4.61634
4.71687
4.74507
4.78344
4.70814
4.67326
4.7736
4.42632
4.83804
4.85099
4.77266
4.89431
4.80796
4.86966
4.53082
4.85507
4.70605
4.28011
4.89435
4.78523
4.55316
4.71902
4.53486
4.81179
4.79601
4.78344
4.79732
4.69548
4.83804
4.67874
4.74958
4.60552
4.72212
4.7817
4.77092
4.7031
4.80682
4.64714
4.72254
4.77374
4.83804
4.90546
4.69548
4.72212
4.59793
4.78369
4.76302
4.60531
4.76302
4.09122
4.69076
4.84612
4.84587
4.58394
4.61569
4.85071
4.64175
4.71945
4.81468
4.54309
4.55306
4.51976
4.59055
4.46091
4.69548
4.69101
4.58416
4.73539
4.72282
4.83394
4.14633
4.78344
4.48208
4.74412
4.85784
4.74567
4.71414
4.68777
4.71004
4.76329
4.6327
4.69548
4.79587
4.79108
4.89469
4.67216
4.41258
4.78332
4.6829
4.77731
4.75045
4.68659
4.47084
4.72074
4.20167
4.78501
4.80099
4.50709
4.68647
4.72232
4.55552
4.81061
4.79138
4.69255
4.75045
4.63095
4.59079
4.43146
4.74936
4.7913
4.12747
4.72212
4.72562
4.79601
4.89993
4.67084
4.09147
4.16665
4.60479
4.85544
4.09303
4.54476
4.41936
4.72232
4.81212
4.69548
4.69549
4.79601
4.66435
4.7817
4.73332
4.48183
4.58436
4.4964
4.81026
4.78344
4.52301
4.82258
4.78344
4.76921
4.61865
4.77092
4.6327
4.7375
4.59494
4.80813
4.61385
4.59125
4.51743
4.48362
4.82569
4.76089
5.03379
4.73312
4.47131
4.65564
4.36212
4.76874
4.48425
4.59625
4.48436
4.5195
4.63737
4.68525
4.90831
4.88179
4.86752
4.61813
4.77252
4.74212
4.76707
4.48436
4.71842
4.44968
4.72978
4.74507
4.83925
4.64159
4.62301
4.67952
4.71134
4.8499
4.76705
4.70585
4.57418
4.49178
4.75829
4.77497
4.72059
4.62358
4.78486
4.83316
4.77074
4.57022
4.76921
4.62477
4.65958
4.8919
4.47049
4.68321
4.59222
4.62477
4.48971
4.54437
4.75829
4.58462
4.75626
4.63457
4.47283
4.48665
4.65333
4.48734
4.65071
4.71854
4.58395
4.7299
4.73752
4.69548
4.20086
4.5251
4.45521
4.59868
4.40142
4.36556
4.70991
4.73547
4.66185
4.57676
4.75221
4.64502
