5.36713
2.28325
1.97051
2.4072
5.29242
5.33217
2.23013
2.19394
2.12699
2.23339
2.24045
2.25706
2.1715
2.30773
2.32399
2.16082
2.12902
1.59747
2.21301
1.89228
2.08627
3.53972
3.76828
2.14196
2.02335
2.1655
1.99484
2.2139
2.23653
3.40194
2.10338
2.21058
2.34844
2.2255
3.50481
3.30294
3.58279
2.0564
3.81737
3.37732
2.07346
5.0072
2.02111
1.46791
3.60688
2.31187
2.05103
2.06407
3.62443
2.1226
2.06842
3.8234
2.05984
3.62419
4.90568
2.0708
2.1606
2.34705
2.25332
2.11468
2.24658
5.32209
1.81195
1.61357
2.20375
2.0422
2.32569
2.06348
2.11477
5.32556
5.18995
2.72244
2.43603
2.26043
2.34836
2.45022
5.26197
5.4209
5.28515
2.2982
5.41568
5.48125
5.3632
5.564
5.53424
5.48958
5.4916
5.47762
5.48181
5.47762
5.52192
5.51467
5.3586
5.43417
5.50937
5.51467
5.44995
5.52647
5.48146
5.45916
5.4916
5.42886
5.48415
5.50873
5.51336
5.46675
5.51158
5.48645
5.48828
5.49488
5.49523
5.49339
5.50302
5.49763
5.57241
5.47999
5.53436
5.57745
5.51443
5.50837
5.58834
5.47375
5.60739
5.53369
5.51122
5.48005
5.48185
5.59625
5.54336
5.49602
5.56199
5.45693
5.4872
5.50216
5.41568
5.50714
5.39358
5.50358
5.5186
5.48292
5.50287
5.52327
5.39728
5.60289
5.51158
5.51458
5.51399
5.46834
5.4861
5.50809
5.48574
5.49109
5.47982
5.49308
5.50952
5.47239
5.54653
5.48418
5.46889
5.48268
5.50394
5.47418
5.65156
5.52553
5.50073
5.51498
5.52235
5.64691
5.55723
5.5451
5.51605
5.52446
5.63159
5.64221
5.51605
5.48015
5.67261
5.52756
5.54517
5.51336
5.49985
5.53468
5.50333
5.51412
5.53781
5.50556
5.54031
5.54782
5.51574
5.65058
5.55778
5.49074
5.48268
5.50093
5.50073
5.53331
5.45194
5.54588
5.51748
5.52984
5.51949
5.4929
5.49133
5.61274
5.50406
5.51891
5.52553
5.48268
5.37239
5.50729
5.51526
5.48194
5.51175
5.51802
5.47476
5.48518
5.50692
5.4824
5.46163
5.50109
5.53176
5.50653
5.50109
5.51986
5.52128
5.45077
5.53246
5.52069
5.48482
5.51584
5.59986
5.51231
5.50357
5.37586
5.53781
5.5321
5.55203
5.51986
5.51498
5.48384
5.44142
5.45985
5.52649
5.46163
5.5194
5.50357
5.60248
5.48694
5.49667
5.48292
5.54767
5.5461
5.47752
5.49943
5.51066
5.4849
5.61953
5.48885
5.45194
5.49109
5.49394
5.50181
5.43789
5.55778
5.4935
5.55991
5.45558
5.50271
5.52707
5.60502
5.41306
5.50366
5.48253
5.5264
5.55778
5.48645
5.49394
5.41568
5.51793
5.50915
5.45701
5.52342
5.59537
5.51734
5.41571
5.48955
5.58724
5.59647
5.52299
5.43833
5.42469
5.61318
5.51309
5.55502
5.53517
5.46932
5.46015
5.49216
5.45962
5.49786
5.58071
5.49253
5.47379
5.57332
5.55571
5.52198
5.43277
5.55568
5.42973
5.50109
5.53446
5.50995
5.48704
5.39643
5.45544
5.48363
5.43623
4.44424
5.44434
5.52593
5.42414
5.50891
5.52309
5.50771
5.44635
5.44567
5.56896
5.56016
5.34435
5.51792
5.39617
5.43056
5.53901
5.46742
5.47026
5.4816
5.43784
5.43907
5.49585
5.55641
5.41533
4.3282
5.45891
5.42595
5.46742
5.46956
5.46458
5.60858
5.53144
5.45471
5.41426
5.54325
5.48101
5.46117
5.47628
5.48061
5.51849
4.34171
5.52526
5.34206
5.41283
5.55201
5.3998
4.37149
4.41653
5.4608
5.44805
4.38593
5.43729
5.46055
5.44651
5.34435
5.43454
5.45608
5.38144
5.54256
5.54622
5.42205
5.52364
5.42663
5.433
5.50808
5.53674
5.43546
5.53553
5.54339
5.47449
5.52511
5.55447
5.49584
5.43945
5.50503
5.48479
5.43767
5.5201
5.4061
5.50986
5.52367
5.52649
5.39284
5.48047
5.4106
5.47259
5.48041
5.49156
5.4139
5.2793
5.41641
5.48185
5.40905
5.40142
5.4207
5.37492
5.41107
5.47185
5.49493
5.4034
5.40362
5.40736
5.51425
5.53054
5.41389
5.50701
5.52101
5.40334
5.38788
5.46098
5.41069
5.47862
5.35117
5.40316
5.31584
5.39395
5.38459
5.4139
5.3829
5.38638
5.40269
5.38352
5.29811
5.36248
5.43031
5.36355
5.33561
5.34874
5.27366
5.3247
5.3853
5.30906
5.3829
5.36168
5.36069
5.28737
5.34354
5.37104
5.27898
5.34645
5.33012
5.28563
5.34241
5.2922
5.00008
5.10091
5.28948
5.32565
4.06617
5.26519
5.28393
5.32149
5.07072
5.03953
5.29635
5.28121
5.16092
5.30154
5.285
5.28887
