1579
391
393
413
1139
1543
407
371
367
397
355
367
370
399
409
312
361
313
353
343
346
405
442
343
316
333
320
309
300
404
333
306
329
302
381
399
396
306
473
410
326
755
334
301
499
371
357
306
406
306
318
390
305
455
928
313
301
309
302
311
380
899
301
310
302
348
418
380
366
1215
1653
472
478
446
423
478
1848
1860
1814
487
1809
1836
1952
1984
1891
1919
1951
1915
2015
2002
1972
1896
1863
2024
2035
2115
1939
2033
2068
2080
1979
2085
1998
1998
1976
2023
2049
1923
2067
2059
2047
2103
2052
1918
2061
2126
2094
2005
2144
2056
2137
2053
2021
2096
2188
2014
1958
2143
2027
2044
2125
1973
2112
2006
2039
2084
1995
2015
2077
2194
2077
2105
2062
2154
2141
2089
2166
2209
2112
2085
2057
2209
2118
1932
2123
2205
2165
2130
2180
2251
2202
2187
2200
2119
2176
2143
2146
2202
2124
2197
2066
2219
2119
2154
2174
2231
2178
2174
2197
2057
2077
2067
2234
2002
2079
2219
2122
2102
2240
2306
2208
2204
2284
2192
2094
2101
2147
2152
2261
2237
2214
2203
2183
2269
2120
2176
2293
2262
2263
2211
2180
2286
2206
2246
2285
2136
2150
2121
2050
2120
2170
2099
2242
2186
2207
2168
2073
2189
2130
2126
2125
2144
2132
2151
2074
2096
2126
2108
2151
2197
2102
2181
2146
2115
2171
2150
2183
2196
2064
2110
2225
2155
2041
2085
2296
2097
2114
2181
2116
2095
2165
2074
2127
2108
2101
2144
2137
2143
2064
2148
2065
2173
2222
2099
2097
2127
1989
2074
2140
2153
2110
1988
2151
2003
2125
2064
2043
2031
1930
2000
2082
1991
2030
2125
2061
2117
1921
2002
2063
1951
2064
1982
1945
1849
1985
1998
1829
1857
1990
1769
2040
2035
1916
1803
1796
1934
1889
1506
1889
1867
1825
1845
1582
1781
1859
1813
1789
1924
1811
1785
1733
1753
1874
1598
1854
1639
1739
1867
1763
1780
1686
1514
1685
1790
1730
1860
1846
1711
1815
1690
1791
1784
1720
1703
1858
1680
1693
1339
1828
1788
1853
1709
1823
1400
1417
1775
1760
1453
1750
1767
1818
1845
1940
1991
1845
1941
1812
2128
2039
2001
2089
2052
2006
2107
2082
2114
2149
2212
2099
2206
2091
2108
2179
2230
2189
2084
2230
2217
2213
2142
2135
2282
2194
2262
2206
2268
2238
2124
2162
2197
2094
2189
2292
2256
2182
2162
2207
2193
2240
2220
2087
2267
2311
2270
2276
2171
2194
2246
2159
2236
2324
2221
2209
2114
2058
2125
2207
2161
2010
2050
2118
2110
2084
2166
1985
2185
2087
2107
2062
1966
1855
2003
1873
2006
1942
1895
2065
2162
1850
1963
1784
1812
1627
1854
1851
1343
1892
1363
1761
1681
1735
1760
1637
1769
1640
1726
1886
