105.006
101.276
103.932
105.893
105.511
100.539
101.011
100.546
104.947
103.939
99.5902
100.536
104.262
104.127
102.858
104.658
102.941
104.945
99.899
103.946
102.389
103.933
100.777
101.185
103.362
102.401
102.132
101.562
104.656
103.119
104.781
100.406
104.365
103.79
105.825
101.334
103.383
104.911
100.049
99.671
104.559
104.133
100.045
100.947
103.795
103.208
100.09
101.421
100.127
103.401
104.255
100.884
104.504
99.787
104.202
104.961
101.057
104.521
105.674
101.155
101.085
104.057
103.874
104.628
100.823
104.412
104.107
104.46
104.947
100.299
103.387
105.355
103.407
100.802
105.129
101.171
100.718
106.141
104.418
104.254
100.786
100.745
100.983
104.161
100.975
104.151
101.652
104.226
101.94
101.424
103.753
100.572
100.477
104.637
104.614
101.039
104.892
104.072
104.681
104.151
104.175
101.406
103.653
104.498
104.352
103.358
101.041
103.984
104.722
101.714
101.599
103.796
100.735
103.522
104.75
105.507
100.533
103.759
101.663
103.739
103.795
104.194
104.355
101.435
104.386
102.467
104.432
102.152
103.762
103.699
100.62
104.529
104.679
100.942
104.654
101.108
104.069
104.566
104.44
104.836
103.746
104.39
104.614
104.8
102.276
104.317
104.581
101.727
106.089
101.973
104.249
104.021
101.531
104.764
103.068
104.741
104.417
101.745
104.056
104.453
101.652
101.519
105.054
101.351
101.603
103.05
104.271
101.388
103.775
101.912
100.909
100.73
103.678
101.56
101.094
103.807
104.204
101.837
103.714
104.453
101.935
104.401
104.376
104.113
101.217
101.629
103.921
101.349
101.885
102.618
101.683
101.766
101.378
101.191
102.133
101.515
101.405
101.406
103.716
101.604
101.613
103.82
101.509
101.524
100.636
101.965
101.368
101.016
103.733
101.393
104.582
101.466
104.774
102.73
100.447
102.595
104.078
102.727
100.701
101.977
102.524
101.295
103.847
100.274
100.594
104.452
103.919
103.602
104.684
101.026
101.321
102.591
101.762
100.558
101.035
100.718
102.961
101.565
101.522
101.265
101.821
103.388
101.452
101.699
104.306
104.295
104.795
101.5
101.573
101.701
101.284
100.989
104.862
101.749
102.323
102.835
100.799
100.619
104.31
104.486
102.491
100.791
100.73
99.7605
104.472
101.5
101.973
101.484
101.014
102.113
100.857
100.8
102.787
104.389
101.186
101.339
101.046
101.362
104.328
100.703
104.138
101.515
102.163
101.136
101.396
102.145
101.326
103.585
101.478
101.349
102.485
104.343
103.832
103.485
102.532
100.54
102.256
103.844
103.947
102.074
