3.89045
4.86618
4.18175
3.64136
3.74792
5.13884
4.91896
5.39064
3.6891
4.10526
5.29808
5.31361
4.1709
4.19292
4.59043
3.93173
4.20446
3.93397
5.30511
4.08646
4.77523
4.21742
5.06068
4.94024
4.2365
4.68918
4.79097
5.04769
3.7555
4.51678
3.97589
5.20825
4.11968
4.29152
3.62609
4.8992
4.22973
3.99479
5.29174
5.43028
4.07722
4.17825
5.36495
5.27373
4.09468
4.52435
5.29797
5.16315
5.3272
4.22359
4.17868
5.02355
3.8726
5.39443
4.21084
3.97759
5.26528
4.09003
3.77123
5.17927
5.17607
4.21449
4.29465
4.18428
5.27388
4.12639
4.18929
4.09461
3.93746
5.3674
4.23901
3.83468
4.41064
5.25467
3.85273
5.17452
5.26962
3.35688
4.08152
4.18442
5.28443
5.06635
5.30842
4.1833
5.18249
3.99968
4.97326
4.08841
4.90611
5.06135
4.29882
5.33328
5.39387
4.01015
4.02462
5.17812
3.99848
4.20088
4.01028
4.01867
4.24172
5.1871
4.33069
4.0915
4.09505
4.41216
5.20074
4.27891
4.01704
4.97911
5.05805
4.32147
5.30486
4.40252
4.00111
3.73802
5.32466
4.1994
4.92071
4.30753
4.29986
4.19995
4.22308
5.06365
4.08265
4.76616
4.20149
4.89948
4.31168
4.32122
5.39819
4.10573
4.03608
5.18665
3.99825
5.18573
4.23688
4.08799
4.0879
4.01378
4.30292
4.13372
4.02384
4.00639
4.78958
4.10462
4.08437
5.05866
3.53578
4.89164
4.12989
4.22636
5.13445
4.01163
4.5823
4.01028
4.08265
4.91201
4.20798
4.09141
4.98596
5.06041
3.90353
5.06606
5.05581
4.68904
4.17856
4.99616
4.21314
5.06503
5.25356
5.15803
4.29869
5.05249
5.18278
4.25779
4.20187
4.92833
4.33727
4.20847
4.90041
4.08837
4.08313
4.1896
5.19293
4.98833
4.23329
5.06955
4.93414
4.70224
5.05435
4.93356
5.05435
5.19379
4.89064
5.03806
5.18374
5.18453
4.31692
4.98216
4.9717
4.16795
5.09839
5.03761
5.28949
4.96727
5.07385
5.16741
4.19341
5.05719
3.99326
5.03098
4.09658
4.67076
5.38379
4.81838
4.20461
4.65138
5.28178
4.75571
4.73239
5.09559
4.30695
5.38746
5.30486
4.12408
4.21476
4.32898
4.01867
5.18695
5.08286
4.66373
5.02953
5.31174
5.08622
5.28961
4.54657
4.97041
5.14691
5.09648
4.91089
4.33764
4.96008
5.02848
4.01198
4.10597
4.00777
5.08728
5.01255
4.9656
5.17199
5.16576
4.01793
4.94782
4.81154
4.55704
5.16865
5.40161
4.12446
4.10692
4.81597
5.26678
5.08728
5.58643
4.0172
4.90159
5.01239
5.07477
5.17413
4.95134
5.28241
5.26462
4.53379
4.01793
5.08624
5.15235
5.09916
5.08476
4.12695
5.07881
4.21931
5.01404
4.81487
5.02857
5.07811
4.81877
5.0596
4.30292
5.08273
5.0771
4.63666
4.12288
4.3015
4.34
4.61455
5.07375
4.76612
4.13734
4.12362
4.81051
