7.93356
7.94136
7.98115
7.9859
7.93957
7.96582
7.88241
7.93481
7.8989
7.96302
7.83009
7.853
7.94897
8.04141
7.83136
7.9859
8.06294
7.77771
7.85781
7.83899
8.1104
7.98651
8.04535
8.22715
7.85935
7.91423
7.90024
8.03813
7.92413
8.05416
7.93723
7.91635
7.92733
7.96906
8.02528
8.00926
7.87694
7.81892
8.20832
7.93686
7.98166
8.02405
8.02807
7.95533
8.03053
8.01572
8.17129
7.9203
7.96922
7.77943
7.83263
7.95609
8.22798
7.96762
7.95483
7.93431
7.96373
7.90416
8.07523
8.17912
7.85986
7.92123
7.86992
8.02697
7.73741
7.88474
8.13035
7.96373
8.13075
7.91807
7.84865
7.92668
7.95533
8.21223
8.12549
8.05785
7.86977
8.17217
7.95541
7.76311
7.9491
7.94463
7.84678
7.84865
7.84865
7.88953
8.06607
8.02786
8.0088
8.02822
7.96373
7.85897
7.95948
7.91564
8.08003
7.91979
7.90769
8.0123
7.89961
7.88175
7.75196
7.93832
7.99742
7.71986
7.8687
7.96867
7.88189
7.88059
7.96396
8.0299
7.8198
7.83778
7.85802
7.82783
7.93462
7.86094
7.80342
7.97104
7.86867
7.8736
7.87381
7.85554
7.97896
7.86289
7.86094
7.93111
7.86094
7.84169
7.9106
7.88051
7.67965
7.85291
7.76251
7.93856
8.00703
7.74468
7.80561
7.86043
7.87993
7.80497
7.7227
7.84613
7.95546
7.68681
7.81434
7.7451
7.8698
7.80862
7.86929
7.83583
7.70275
7.82
7.93862
7.83135
7.78955
7.78793
7.82818
7.73393
7.8843
7.88299
7.94474
7.83794
7.89961
7.91031
7.87601
7.73745
7.86763
7.6974
7.98747
7.76432
7.80995
7.79864
7.91031
7.80022
7.73366
7.91375
7.84296
7.85935
7.90898
8.13811
7.89464
7.8033
7.79375
7.69069
7.83003
7.7852
7.92595
7.93431
7.84388
8.0558
7.93431
8.06899
7.85935
7.89948
8.01991
7.90336
7.78599
7.94099
7.88725
7.89961
7.98973
8.06564
7.94469
7.88859
7.96706
7.93425
7.80862
7.85802
7.99195
7.89121
8.03028
7.8458
7.9859
7.85296
7.8867
7.95546
7.83182
7.82054
7.83928
8.09202
7.95247
7.853
8.20741
8.17125
8.02104
8.06277
7.94501
7.90677
8.07721
8.01402
7.84865
7.84916
8.11343
8.0665
7.91344
8.0371
8.03465
8.18838
7.97507
7.787
8.08658
8.09117
8.3099
7.88258
8.3993
8.06517
7.87866
7.80995
7.86718
7.92795
8.1406
7.9184
7.95789
7.91057
7.78833
7.84229
8.05818
7.9148
8.2318
7.93865
8.054
8.14795
8.22445
8.03813
8.16153
7.93431
7.87522
8.14748
8.24585
8.14444
8.08745
8.23009
7.99185
7.97357
7.96114
8.05414
8.1517
8.12031
7.97739
7.75631
8.1517
7.9134
8.07674
7.76906
7.87197
7.83124
8.10272
8.0641
8.04899
8.09594
7.69945
7.75227
7.91289
8.1274
8.15464
7.9859
8.22749
7.96165
8.21641
7.85935
