8.86598
8.9435
8.99514
8.8262
8.89388
8.91299
8.95897
8.79572
8.96006
8.94013
9.68736
8.80841
8.86606
8.91274
8.88535
8.99514
8.99927
8.896
8.87168
8.87301
8.86623
8.88169
8.83182
8.82417
8.85728
8.95897
8.97236
8.83126
8.84077
8.85487
8.8478
8.88169
8.86384
8.92968
8.81972
8.90536
8.85685
8.8054
8.87664
8.83258
8.87845
8.86779
8.84272
8.80299
8.91791
8.83261
8.84134
8.87386
8.76423
8.93759
8.83836
8.8892
8.84381
8.87637
8.82998
8.83409
8.8323
8.83836
8.84654
8.88674
8.88674
8.82761
8.81801
8.85039
8.85759
8.84887
8.85734
8.84567
8.84582
8.84108
8.89106
8.84381
8.93456
8.89916
8.89016
8.85353
8.93513
8.83865
8.8851
8.89376
8.82906
8.88722
8.86025
8.9046
8.93214
8.82603
8.90937
8.89924
8.86779
8.89016
8.88753
8.86401
8.81775
8.86779
8.87727
8.88812
8.83362
8.89016
8.82621
8.8326
8.89527
8.79456
8.88674
8.85039
8.89788
8.90644
8.86893
8.79424
8.8346
8.88476
8.87994
8.82295
8.87741
8.85488
8.85615
8.8851
8.94133
8.87233
8.87313
8.87674
8.84183
8.88977
8.86183
8.8877
8.92935
8.80708
8.81262
8.83339
8.87883
8.88812
8.92094
8.84702
8.80339
8.82816
8.90678
8.88669
8.81295
8.85488
8.87047
8.85545
8.88066
8.83117
8.86779
8.87854
8.88066
8.79321
8.85444
8.89788
8.8851
8.87293
8.90779
8.89009
8.82679
8.82539
8.8836
8.82569
8.89106
8.94922
8.86779
8.8352
8.87559
8.87313
8.83226
8.92671
8.85687
8.8741
8.88731
8.82549
8.84137
8.82816
8.89672
8.93316
8.93859
8.90902
8.88066
8.93256
8.8836
8.94892
8.85475
8.83973
8.93316
8.86997
8.93513
8.87338
8.94019
8.87637
8.93562
8.91505
8.89528
8.90232
8.94265
8.89672
8.91609
8.79297
8.909
8.86343
8.78015
8.90375
8.85225
8.93133
8.89621
8.87082
8.88166
8.88096
8.95225
8.91394
8.90219
8.95101
8.87656
8.8851
8.85975
8.90984
8.75656
8.80338
8.8352
8.8157
8.93349
8.86066
8.90984
8.92745
8.88312
8.87129
8.78965
8.96234
8.88359
8.82898
8.93133
8.93822
8.93562
8.85463
8.94511
8.90445
8.78894
8.93456
8.87129
8.84525
8.89672
8.93562
8.83937
8.89933
8.9539
8.96234
8.82255
8.90492
8.86779
8.95284
8.78234
8.75667
8.8507
8.88359
8.79209
8.94072
8.89672
8.87129
8.96234
8.94265
8.85368
8.86319
8.91943
8.85078
8.93316
9.03429
9.09389
8.87409
8.79387
8.94473
8.79197
8.81614
9.00491
8.81504
8.84952
8.85441
8.83018
8.80891
8.96537
8.94511
8.89059
8.86965
8.84614
8.99515
8.84047
8.91394
8.89633
8.93316
8.9275
8.91287
8.95101
8.94814
8.77357
8.89388
8.85102
8.80411
8.80198
8.95728
8.89589
9.00302
8.91134
8.96644
8.94519
8.94265
