4094
4165
4235
4179
4175
4182
4157
4248
4297
4261
4506
4245
4281
4195
4336
4117
4326
4399
4417
4244
4329
4328
4429
4333
4470
4401
4457
4317
4201
4226
4430
4350
4319
4297
4282
4310
4287
4302
4446
4449
4303
4394
4379
4357
4319
4456
4535
4366
4381
4348
4461
4390
4200
4447
4294
4335
4587
4227
4234
4354
4490
4324
4204
4355
4293
4249
4311
4160
4334
4355
4324
4234
4298
4376
4336
4256
4099
4142
4071
4216
4313
4257
4230
4262
4251
4095
4264
4109
4215
4118
4212
4146
4263
4146
4133
4241
4129
4136
4226
4077
4069
3980
4031
4187
4023
4120
4215
4071
4085
4225
4161
4079
4082
4150
4101
4070
4063
3915
4201
4121
3863
3961
4105
4003
4124
4184
4142
4096
3888
4051
4130
4126
4067
4106
4106
4227
4020
4037
4109
4096
3996
4104
4126
4086
4165
4021
4047
4149
4081
4087
4096
4010
4256
4234
3995
4013
4086
4060
4179
4148
4071
4240
4090
4268
4172
4315
4167
4238
4195
4156
4047
4213
4236
4155
4200
4152
4174
4178
4272
4216
4277
4284
4165
4197
4197
4314
4179
4132
4086
4404
4288
4443
4356
4341
4435
4276
4297
4323
4200
4458
4439
4273
4471
4435
4357
4215
4421
4414
4307
4379
4293
4099
4383
4507
4475
4261
4360
4344
4442
4373
4501
4450
4438
4548
4561
4428
4313
4451
4404
4632
4443
4478
4547
4505
4446
4454
4376
4463
4458
4351
4468
4449
4407
4329
4267
4227
4250
4444
4381
4434
4447
4388
4360
4312
4482
4355
4384
4370
4286
4257
4343
4293
4512
4313
4275
4301
4444
4307
4562
4418
4325
4395
4215
4147
4262
4377
4361
4355
4254
4324
4276
4386
4356
4398
4171
4313
4324
4244
4172
4403
4268
4209
4214
4228
4415
4329
4327
4207
4273
4289
