8.64384
8.4326
8.64446
8.66747
8.68458
8.45512
8.40552
8.66579
8.47318
8.5432
8.57166
8.59028
8.67831
8.67934
8.64684
8.63723
8.3402
8.68315
8.40152
8.49323
8.67036
8.6242
8.42277
8.42982
8.4443
8.62918
8.64849
8.6612
8.37979
8.6441
8.64491
8.47047
8.65993
8.67486
8.62586
8.46908
8.4443
8.6844
8.43785
8.44064
8.68907
8.64395
8.49776
8.67916
8.47379
8.67026
8.44444
8.74857
8.45787
8.48244
8.66951
8.44198
8.44828
8.45672
8.68017
8.69873
8.71712
8.66853
8.73572
8.68412
8.65821
8.63523
8.65061
8.80438
8.66068
8.67441
8.64127
8.65675
8.66033
8.5804
8.47103
8.69183
8.67007
8.65057
8.65996
8.67138
8.65211
8.47276
8.65018
8.7033
8.64849
8.43944
8.74746
8.6767
8.64697
8.45026
8.64764
8.60058
8.65654
8.65409
8.64927
8.642
8.65493
8.642
8.65409
8.64619
8.69686
8.65789
8.63501
8.47255
8.73522
8.73549
8.64801
8.66857
8.64833
8.64198
8.66171
8.65904
8.65958
8.66352
8.70338
8.65441
8.6708
8.66158
8.66422
8.66834
8.64978
8.54445
8.58378
8.64829
8.64167
8.6969
8.75881
8.65904
8.66334
8.66042
8.73725
8.70381
8.66101
8.65441
8.74362
8.69135
8.64829
8.59999
8.65638
8.6753
8.65409
8.68967
8.65634
8.70507
8.64789
8.66551
8.64833
8.69817
8.65441
8.59284
8.69078
8.75283
8.66129
8.65493
8.65409
8.6665
8.7362
8.66327
8.70643
8.65437
8.65389
8.6332
8.64838
8.64598
8.64666
8.67709
8.65441
8.65013
8.69285
8.80288
8.69953
8.55123
8.54836
8.78952
8.68282
8.54362
8.64942
8.69715
8.66562
8.64833
8.69896
8.67931
8.65904
8.76526
8.67673
8.64354
8.66347
8.65158
8.73881
8.64196
8.66288
8.64829
8.67847
8.68809
8.75284
8.6397
8.64271
8.67308
8.72114
8.64942
8.72623
8.77697
8.6382
8.65029
8.62831
8.53238
8.71538
8.65904
8.65183
8.74548
8.6536
8.65254
8.53191
8.63816
8.60302
8.64543
8.71517
8.64833
8.642
8.75779
8.68528
8.65397
8.64926
8.54341
8.67881
8.63928
8.64013
8.63649
8.62806
8.67508
8.64167
8.65437
8.70181
8.63755
8.66454
8.64167
8.6895
8.64231
8.54643
8.63787
8.64167
8.62754
8.75065
8.64167
8.65904
8.60409
8.53464
8.71642
8.53464
8.66839
8.64702
8.65029
8.63755
8.64521
8.68057
8.63816
8.73985
8.63787
8.72719
8.63182
8.54622
8.72522
8.67498
8.68029
8.77395
8.71066
8.53379
8.63949
8.55645
8.54116
8.74132
8.6571
8.67931
8.73515
8.67706
8.64261
8.54193
8.5379
8.6321
8.73997
8.57017
8.6493
8.64575
8.47911
8.67279
8.64603
8.64983
8.54542
8.67706
8.65493
8.64519
8.62742
8.64575
8.64725
8.55613
8.6252
8.6359
8.6359
8.56941
8.42386
8.63787
8.55678
8.56648
8.6362
