98.5894
96.4758
96.3499
98.9956
98.7846
95.4609
90
94.8315
96.5181
97.8818
94.7027
96.6759
101.46
99.2883
98.9383
99.5022
98.6304
98.1856
98.6584
98.3489
97.6359
98.0611
97.6782
100.169
98.1373
99.0635
99.3708
98.5568
98.5716
97.8468
97.5105
97.6206
101.408
102.241
99.3192
99.5701
99.3896
99.0868
102.329
98.0132
98.7961
102.25
98.7084
101.926
100.563
99.4101
98.6157
98.7182
99.1378
98.6272
98.4728
97.7506
98.3641
98.226
98.838
99.2752
98.8541
99.1665
99.4671
99.4737
99.1082
99.1255
98.8507
99.6817
98.9188
99.7546
99.3881
100.592
98.2961
101.001
99.1175
99.1206
98.7442
99.5288
99.1866
99.165
99.5571
99.1789
98.9214
100.45
96.6203
98.6995
98.7776
99.0067
90
96.1652
98.6481
97.8744
99.3519
98.8604
99.2246
99.1612
99.1332
99.0548
98.6476
99.0164
99.3816
98.7912
96.0876
93.9227
99.0211
99.3349
98.7733
98.5693
90
99.0332
99.4725
98.9819
99.1762
99.6916
98.5502
93.8944
98.5585
94.5767
98.6987
98.7063
90
99.2857
99.1418
90
98.8755
99.3001
98.6019
97.7038
99.0204
96.0952
99.5348
99.2734
99.492
99.1216
94.6552
95.4683
99.3905
98.979
99.0104
99.2853
94.6311
94.7738
99.0757
95.9737
93.9964
95.2597
94.3416
100.629
96.2591
90
100.286
99.3487
99.7839
94.7816
98.6112
94.3817
98.6849
95.0562
95.5618
94.1115
90
100.282
96.6217
99.6439
90
97.2847
90
99.7289
98.5523
95.0159
98.7993
90
99.3061
94.7071
98.3083
99.2637
100.135
98.2169
99.2864
99.4618
95.806
96.407
95.4097
99.6813
95.6958
98.2901
99.92
99.4942
97.3587
98.6338
98.96
99.3653
100.972
99.3797
98.9907
99.8952
99.0727
99.5342
99.2584
99.5852
99.4164
97.8461
99.5068
100.133
99.4328
99.2641
90
98.5179
99.0704
99.33
99.4859
99.5082
97.6459
99.2934
100.978
99.1237
98.851
94.6278
99.2492
98.712
99.1745
98.1058
99.3184
95.4666
90
99.1798
94.506
99.157
98.6878
99.4479
100.057
99.2129
98.8818
94.0664
99.1229
98.8776
98.8226
94.1153
99.6418
100.207
94.3426
99.6181
95.4071
99.8415
96.525
99.2677
98.7184
99.1869
99.2711
99.4646
98.3083
98.1703
99.2633
98.7845
99.2117
97.6739
99.457
98.7721
99.5212
99.091
99.2006
98.4667
96.8825
99.7411
90
95.341
99.3675
97.2396
94.3511
99.2368
98.6393
98.629
98.6244
99.5854
97.3539
94.4361
100.865
98.543
98.6896
98.757
97.2082
98.1215
99.0384
96.7583
98.0908
96.4237
98.3959
98.9745
98.7953
97.9217
98.7697
97.5566
96.7243
99.2156
98.3509
98.2146
97.0272
98.5066
99.5542
98.5929
97.174
96.2861
97.0109
98.1153
