5.91605
5.71213
5.90913
5.80525
5.87617
5.8076
7.61873
6.01139
6.37064
6.01776
5.79652
6.33202
5.81374
6.0177
5.91606
5.91557
5.8003
5.9164
5.7193
5.97236
6.03647
6.13393
5.99278
6.12474
5.88213
6.00289
5.91261
5.88323
5.99947
6.12149
6.12731
6.24686
5.88217
5.58499
5.81807
5.71864
5.89207
5.90904
5.88308
6.13243
6.2366
5.79314
5.91269
5.82515
6.02442
5.72575
6.01884
5.96022
5.90403
5.88323
5.91623
6.23379
5.98152
5.88479
5.88828
5.66889
6.01218
5.92756
5.71106
5.61587
5.71051
5.68527
5.80038
5.70626
5.65503
5.5934
5.70781
5.15995
6.01145
5.71253
5.89186
5.91757
5.91553
5.77397
5.80297
5.81082
5.66335
5.7032
5.88316
5.65569
5.72342
5.9215
5.91822
5.76574
7.10916
6.6003
5.88353
6.12831
5.69753
5.77349
5.70361
5.82453
5.71707
5.80962
5.92411
5.92962
5.80992
5.81568
5.92678
7.22575
5.88534
5.69754
5.88709
5.93241
7.48807
5.81112
5.61432
5.76595
5.71359
5.60583
5.92453
7.23038
5.91372
6.987
5.9173
5.91999
7.60496
5.71453
5.70743
7.45453
5.80452
5.90788
6.01567
6.12618
6.02016
5.81224
5.80961
5.8279
5.90635
6.02656
7.22102
6.13692
5.91719
6.01935
5.88361
5.81071
5.80544
6.02495
5.91547
5.91064
6.11915
5.90666
6.01705
5.57844
5.58465
7.48433
5.91121
5.79468
5.69206
5.90754
6.01731
6.12872
6.126
5.81236
5.90818
7.49175
7.22949
5.68755
5.81385
5.79524
7.61297
5.68491
7.46096
5.68799
5.79046
7.10105
6.01035
7.44143
5.79305
5.79397
5.90576
5.73621
5.76576
5.90518
5.60221
5.79448
5.60632
5.59288
5.68999
5.79289
5.89178
6.01255
5.72583
5.72172
5.70799
6.013
5.58824
5.72608
5.35984
5.79555
5.89825
5.76001
5.90619
5.72729
5.80216
5.61694
5.70724
6.12087
5.79413
5.70541
5.72583
5.59849
7.21611
5.92405
5.90396
5.79534
5.71619
5.78646
5.59783
5.75324
5.6935
5.89986
5.92082
7.21594
5.80189
5.91074
5.80924
5.89249
5.79434
6.84697
7.22674
5.71011
7.10558
5.8011
5.91456
5.71946
5.70225
5.79707
5.89407
7.22358
5.80139
5.893
6.00122
7.22131
5.59278
5.69755
7.22046
5.69338
7.11423
5.6085
6.58549
5.59473
6.00908
5.68801
5.6875
5.69985
5.58574
6.1247
5.79292
5.9067
5.90516
5.91366
5.80107
5.90797
5.6881
5.9263
5.79355
6.0205
5.89204
5.49142
7.36394
6.98577
5.48256
5.88479
7.11306
5.80952
5.59283
5.80923
6.01989
5.68321
5.69183
7.22572
5.1674
6.01343
5.93143
5.88696
5.91776
6.12741
5.91418
5.90923
5.78525
5.92458
6.02057
5.56287
5.911
5.69807
5.79361
5.55996
5.92629
5.79243
5.92069
5.80814
5.69147
5.67561
5.47788
5.92708
5.91348
5.83559
5.70237
5.59196
