10.4677
10.511
10.4815
10.4174
10.4504
10.3167
10.5234
10.4141
10.4653
10.5115
10.3599
10.4191
10.4321
10.4048
10.4981
10.2906
10.3691
10.3957
10.4179
10.3309
10.3117
10.3309
10.3526
10.3654
10.3895
10.3691
10.3353
10.3093
10.332
10.2099
10.196
10.3019
10.3798
10.4529
10.1983
10.139
10.295
10.251
10.4537
10.1259
10.048
10.247
10.4329
10.3588
10.0264
10.0193
10.2077
10.3482
10.1581
10.4641
10.3117
10.0402
10.2573
10.0131
10.3309
10.4172
10.2818
10.2516
10.3019
10.5194
10.3566
10.1536
10.3986
10.4107
10.3861
10.4385
10.3091
10.2559
10.3964
10.4585
10.4112
10.4637
10.4231
10.4889
10.4506
10.4795
10.4715
10.3503
10.4141
10.4845
10.2031
10.4388
10.5823
10.4828
10.4821
10.4963
10.4934
10.5226
10.4638
10.5142
10.4725
10.5126
10.5195
10.4738
10.5388
10.1184
10.4698
10.4725
10.4304
10.4259
10.5315
10.4872
10.5536
10.1658
10.4782
10.388
10.3108
10.159
10.121
10.3196
10.4749
10.2126
10.2572
10.2001
10.3162
10.214
10.566
10.217
10.6131
10.3594
10.5412
10.1679
10.4247
10.5051
10.2234
10.4613
10.1617
10.1159
10.1127
10.2394
10.1262
10.1679
10.0686
10.2473
10.1811
10.041
10.2365
10.1198
10.0901
10.2729
9.97616
10.1524
10.2638
10.1129
10.3612
10.299
10.0143
9.98674
10.2523
10.3011
10.1067
10.1623
10.1132
10.2897
10.1568
10.126
10.0962
10.0143
10.1567
10.2077
10.1316
10.2504
10.1474
10.0903
10.1973
10.1404
10.2587
10.345
10.2818
10.3356
10.3338
10.2455
10.1243
10.3436
10.0819
10.3274
10.1758
10.345
10.1227
10.162
10.2379
10.0688
10.3338
10.3403
10.1591
10.2058
10.0217
10.2308
10.2512
10.2665
10.1934
10.1962
10.1562
10.2327
10.1346
10.3426
10.2248
10.2587
10.0318
10.0989
10.2554
10.0318
10.2543
10.3023
10.2496
10.1211
10.2702
10.1844
10.2983
10.3387
10.2354
10.3319
10.3525
10.1089
10.3414
10.2952
10.1226
10.3023
10.2167
10.2533
10.4231
10.2868
10.2266
10.3823
10.0939
10.2638
10.0622
10.1615
10.0708
10.1367
10.1916
10.298
10.1692
10.0552
10.2337
10.2394
10.201
10.226
10.168
10.384
10.2012
10.2266
10.137
10.1495
10.2327
10.1174
10.1876
10.2239
10.2628
10.1787
10.2269
10.1106
10.3327
10.3401
10.2573
10.236
10.09
10.2956
10.2079
10.0793
10.1411
10.2505
10.1292
10.2195
9.99289
10.1689
10.1819
10.194
10.0713
10.1305
10.1612
10.2211
10.2678
10.2022
10.0388
10.0557
10.2358
10.205
10.168
9.99722
10.0625
10.2334
10.1945
10.1997
10.2222
10.1708
10.2155
10.3005
10.1679
10.2937
10.1096
10.1137
10.2117
10.2068
10.3089
10.1719
10.1492
10.2464
10.3023
10.2088
