7.6486
7.77459
7.69041
7.73047
7.72668
7.77491
7.83767
7.57125
7.76595
7.6486
7.77564
7.68414
7.64795
7.5032
7.73047
7.67318
7.72663
7.69953
7.93886
8.14467
7.81704
7.86842
7.95807
7.7859
7.92943
7.73752
7.76181
8.18589
7.80124
8.0788
7.65834
7.93871
8.02732
7.65397
7.74444
7.80264
7.46724
8.04797
7.61557
7.9039
7.93899
7.67319
7.67372
8.04181
7.69754
7.91022
7.70271
7.73649
7.76601
8.13428
8.14865
7.75907
8.02151
7.75394
8.28326
8.15495
7.79907
7.88891
7.90043
8.15498
8.22698
8.26423
7.84799
8.07761
8.27197
7.98639
7.97122
8.49434
7.93664
7.92005
8.01099
7.89949
7.87772
7.97891
7.82144
7.8454
8.25797
8.13693
7.7987
8.23746
8.02549
7.87772
7.83167
8.07778
8.0327
7.97659
8.02677
7.99829
7.98275
8.21126
8.09296
8.13308
8.11775
7.90974
7.93416
7.93172
8.00216
8.10621
7.819
7.98326
8.07949
7.97685
7.91999
7.93428
7.86101
7.90718
8.13695
8.05724
8.11486
7.99062
7.97676
8.0329
8.03952
7.81298
7.8997
7.85618
8.06524
7.98024
8.15385
7.71485
8.07188
7.77653
7.68046
7.83126
7.69839
7.87004
7.90077
8.09748
7.69191
7.60615
7.70811
7.63743
7.71438
7.73554
7.73644
7.74916
7.91086
7.74579
7.59086
7.68437
7.5639
7.61646
7.67406
7.70785
7.67406
7.67116
7.67406
7.73425
7.68383
8.3646
7.59002
7.67617
7.66018
7.76452
7.7117
7.64582
7.94868
7.6606
7.78501
7.859
7.8287
7.64844
7.74663
7.76039
7.75154
7.76452
7.54933
7.73655
7.79652
7.71453
7.65967
8.0164
7.90085
7.69546
7.79966
7.65302
7.84946
7.74787
7.86398
7.83595
7.64429
7.6121
7.86101
7.86687
7.88767
7.69546
7.76547
7.92247
7.71431
7.70822
7.74354
7.78414
7.65866
7.7843
7.76548
8.07121
7.94467
7.63278
7.62519
7.71999
7.57962
7.76528
7.85886
7.71769
7.63813
7.74955
7.86357
7.62615
7.83449
7.90393
7.77116
7.61306
7.77116
7.70467
7.78332
7.91482
7.82688
7.87852
7.74579
7.80039
7.83281
8.1287
7.83875
7.8726
7.93554
7.87163
7.80511
7.80824
8.15101
7.78622
7.88974
7.84779
7.87195
7.71465
8.06481
7.96219
8.07369
7.81704
7.72476
8.16947
7.67914
8.40573
7.59727
8.15015
8.07805
7.87906
7.99042
7.65675
7.80094
7.82743
7.80887
7.77208
7.60778
7.81547
7.89956
7.86754
7.82302
7.78087
7.87092
8.25801
7.96448
7.77188
7.96533
7.89444
7.96633
8.05883
7.94048
7.93407
7.66912
7.82555
7.73862
7.83801
8.28477
7.68437
7.85931
7.9417
7.84601
7.69439
7.89102
7.84715
7.78473
7.84833
7.80138
8.08365
7.82899
7.96105
7.76581
8.02245
7.9392
7.80094
7.9303
7.98563
8.0628
8.16558
7.87852
7.89956
7.88949
8.33509
8.02654
7.96482
