4202
4149
4224
4206
4355
4198
4313
4135
4301
4216
4214
4306
4378
4336
4452
4358
4399
4516
4368
4423
4389
4407
4385
4555
4327
4418
4421
4355
4342
4371
4260
4335
4363
4280
4276
4310
4286
4339
4392
4312
4281
4351
4310
4325
4487
4310
4427
4444
4343
4406
4361
4414
4332
4444
4452
4326
4398
4407
4517
4437
4421
4413
4535
4521
4613
4356
4585
4413
4525
4454
4565
4556
4594
4467
4462
4511
4511
4541
4523
4627
4367
4551
4536
4579
4478
4503
4546
4508
4604
4644
4617
4593
4500
4516
4480
4562
4503
4490
4391
4578
4463
4402
4382
4352
4436
4379
4324
4404
4328
4309
4398
4411
4400
4423
4352
4268
4498
4394
4433
4397
4336
4301
4254
4513
4388
4244
4358
4320
4354
4180
4322
4165
4159
4148
4131
4063
3980
4069
4026
3992
3904
3842
3999
4053
4028
4072
4187
4053
3976
4042
3973
3965
4070
4091
4053
4208
4118
4063
4102
4207
4177
4116
4240
4236
4351
4340
4254
4302
4236
4166
4230
4176
4235
4204
4328
4297
4220
4154
4222
4386
4160
4190
4430
4407
4307
4249
4373
4371
4352
4373
4366
4432
4414
4398
4365
4501
4519
4336
4366
4408
4612
4489
4530
4576
4573
4588
4474
4462
4461
4581
4649
4614
4591
4584
4641
4597
4609
4598
4618
4638
4584
4613
4680
4624
4618
4681
4582
4559
4619
4689
4607
4646
4574
4648
4563
4675
4706
4539
4714
4660
4530
4604
4591
4673
4546
4544
4494
4583
4546
4581
4709
4487
4569
4544
4545
4594
4594
4566
4612
4521
4473
4597
4419
4463
4494
4522
4470
4481
4440
4381
4364
4408
4502
4332
4370
4403
4360
4463
4344
4370
4343
4443
4381
4384
4332
4313
4386
4315
4310
4444
4379
4335
4228
4357
4293
4393
4287
4203
4305
4392
