8.22662
7.47708
7.62076
8.25281
8.26422
7.29419
8.13573
7.29132
8.14523
8.13548
7.0758
8.13082
8.9146
8.47195
8.34776
8.48428
8.14577
8.13148
8.13714
8.36291
8.13249
8.3627
8.13855
8.9179
8.14971
8.47148
8.47439
8.34662
8.3512
8.34825
8.14664
8.37118
9.12161
8.90626
8.3598
8.34969
8.36168
8.48338
9.21212
8.35778
8.69354
9.12522
8.26348
9.22224
8.89521
8.34767
8.353
8.33294
8.40238
8.35152
8.34396
8.34587
8.34028
8.12671
8.46417
8.33248
8.44197
8.47354
8.34589
8.33753
8.34842
8.34024
8.24448
8.46242
8.2513
8.33934
8.34366
8.33688
8.326
8.79194
8.46317
8.45398
8.33888
8.45265
8.3328
8.34234
8.4441
8.33285
8.33161
8.69424
7.58636
8.33228
8.33675
8.32646
7.79837
8.32356
8.32519
8.34072
8.32684
8.33354
8.33228
8.44776
8.32722
8.33068
8.33745
8.44681
8.45414
8.32295
7.59458
8.32061
8.45078
8.32006
8.33171
8.3236
8.32132
8.32525
8.32962
8.31303
8.33532
8.33513
8.3231
8.32406
8.33354
8.23784
8.33459
8.32609
8.4311
8.32407
8.33172
8.32999
8.32548
8.45482
8.33931
8.2449
8.4644
7.49304
8.46375
8.47221
8.47851
8.46907
8.47635
7.59919
8.46878
8.46392
8.33716
8.34458
7.08708
7.31868
8.34057
7.51884
7.17603
7.30897
7.1823
8.47142
7.26802
7.07236
8.69663
8.34124
8.34207
7.30692
8.31613
7.30507
8.4662
7.18633
7.41007
8.59097
7.30806
8.46687
7.62132
8.46613
8.12741
7.64034
8.34075
8.34905
8.12188
8.46402
8.34755
8.01429
8.34821
7.06439
8.14287
8.35127
8.59034
8.12767
8.15291
8.34533
7.20262
7.33293
7.17941
8.46648
7.41664
8.23084
8.47541
8.353
7.74529
8.34995
8.03699
8.33934
8.35107
8.34212
8.34858
8.47577
8.35214
8.34212
8.33388
8.34294
8.34239
8.22449
8.34804
8.4648
8.24434
8.13171
8.02227
8.23581
8.34271
8.34174
8.34402
8.34106
7.70129
8.34
8.70852
8.34515
8.34106
8.46326
8.33686
8.3364
8.33745
8.13669
8.33629
8.33997
8.03888
8.33735
8.34106
8.33915
8.33973
8.33925
8.4707
8.32999
8.44158
8.33064
8.33533
8.34458
8.44486
8.33143
8.33301
8.56485
8.44668
8.34277
8.57657
8.44292
8.34214
8.33797
8.33915
8.32425
8.32478
8.32684
7.91946
8.32332
8.33758
8.32585
8.43796
8.0081
8.33554
8.31999
8.33797
8.44412
8.32783
8.33697
7.79212
8.32674
8.34271
8.43893
8.11059
7.89047
8.32534
8.43064
8.00573
8.21728
8.34627
8.32628
7.68932
8.44186
8.34759
8.3221
8.33381
8.33363
7.90239
8.32344
8.42465
7.76909
7.99857
7.69181
8.32344
8.11615
8.33367
7.91358
8.18962
7.68845
7.7984
8.32375
8.24888
8.11379
7.67922
8.11824
8.13004
8.31446
7.89956
7.67191
7.67655
7.86341
