90
90
87.0977
87.0921
86.8105
86.8129
86.8129
86.8092
86.848
86.848
86.848
86.848
86.848
86.848
86.848
86.848
86.848
86.848
86.8435
86.8435
86.8435
86.8435
86.8435
86.8435
86.8441
86.8441
86.8441
86.8443
86.8443
86.4949
86.4949
86.4949
86.4949
86.5368
86.5368
86.5368
86.5368
86.2514
86.2514
86.2514
85.8981
85.8981
85.8981
85.8981
85.8981
85.8981
85.8981
85.8981
85.8981
85.8981
85.8981
85.8981
85.8981
85.8981
85.8981
85.8981
85.8981
85.8981
85.8983
85.8985
85.8985
85.8985
85.8985
85.8985
85.8985
85.8985
85.8985
85.8985
85.8985
85.8985
85.8985
85.8985
85.8985
85.9041
85.9041
85.9041
85.9041
85.9003
85.9003
85.5207
85.5207
85.5207
85.5207
85.5207
85.5207
85.5207
85.5207
85.5207
85.5207
85.5207
85.5207
85.5207
85.5723
85.5729
85.5729
85.5729
85.5729
85.5729
85.5729
85.5729
85.5729
85.5729
85.5729
85.5729
85.5735
85.5735
85.5735
85.5735
85.5739
85.5739
85.5739
85.5739
85.5739
85.5739
85.5739
85.5739
85.5739
85.5739
85.5739
85.5739
85.5739
85.5739
85.5739
85.5742
85.5742
85.5742
85.5742
85.5742
85.5742
85.5742
85.5742
85.5742
85.5742
85.5742
85.5742
85.5742
85.5742
85.5742
85.5742
85.5742
85.5742
85.5742
85.5742
85.5742
85.5742
85.5742
85.5742
85.5742
85.5742
85.5742
85.5742
85.5742
85.5742
85.5742
85.5742
85.5742
85.5742
85.5742
85.5742
85.5742
85.5742
85.5742
85.5742
85.5742
85.5742
85.5742
85.5742
85.5742
85.5742
85.5742
85.5742
85.5742
85.5742
85.5742
85.5742
85.5742
85.5742
85.5742
85.5742
85.5742
85.5742
85.5742
85.5742
85.5742
85.5742
85.5742
85.5742
85.5742
85.5742
85.5742
85.5742
85.5742
85.5742
85.5742
85.5742
85.5742
85.5742
85.5742
85.5742
85.5742
85.5742
85.5742
85.5742
85.5742
85.5742
85.5767
85.5767
85.5767
85.5767
85.5767
85.5767
85.5767
85.5767
85.5767
85.5767
85.5767
85.5767
85.5767
85.5767
85.5767
85.5767
85.5767
85.5767
85.5767
85.5767
85.5767
85.5767
85.5767
85.5767
85.5767
85.5767
85.5767
85.5767
85.5767
85.5767
85.5767
85.5767
85.5767
85.5767
85.5767
85.5767
85.5767
85.5767
85.5767
85.5767
85.5767
85.5767
85.5767
85.5767
85.5767
85.5767
85.5767
85.5767
85.5767
85.5767
85.5767
85.5767
85.5767
85.5767
85.5767
85.5767
85.5767
85.5767
85.5767
85.5767
85.5767
85.5767
85.5767
85.5767
85.5767
85.5767
85.5767
85.5767
85.5767
85.5767
85.5767
85.5767
85.5767
85.5767
85.5767
85.5767
85.5767
85.5767
85.5767
85.5767
85.5767
85.5767
85.5767
85.5767
85.5767
85.5767
85.5767
85.5767
85.5767
85.5767
85.5767
85.5767
85.5767
85.5767
