4.06273
4.06392
4.19417
4.19625
4.33346
4.33346
4.33346
4.46251
4.46251
4.46251
4.46251
4.46251
4.46251
4.46251
4.46251
4.46251
4.46251
4.46251
4.46426
4.46426
4.46426
4.46426
4.46426
4.46426
4.46426
4.46426
4.46426
4.46426
4.46426
4.59896
4.59896
4.59896
4.59896
4.59896
4.59896
4.59896
4.59896
4.71042
4.71042
4.71042
4.84846
4.84846
4.84846
4.84846
4.84846
4.84846
4.84846
4.84846
4.84846
4.84846
4.84846
4.84846
4.84846
4.84846
4.84846
4.84846
4.84846
4.84846
4.84846
4.84846
4.84846
4.84846
4.84846
4.84846
4.84846
4.84846
4.84846
4.84846
4.84846
4.84846
4.84846
4.84846
4.84846
4.84846
4.84846
4.84846
4.84846
4.84992
4.84992
4.9984
4.9984
4.9984
4.9984
4.9984
4.9984
4.9984
4.9984
4.9984
4.9984
4.9984
4.9984
4.9984
4.9984
4.9984
4.9984
4.9984
4.9984
4.9984
4.9984
4.9984
4.9984
4.9984
4.9984
4.9984
4.9984
4.9984
4.9984
4.9984
4.9984
4.9984
4.9984
4.9984
4.9984
4.9984
4.9984
4.9984
4.9984
4.9984
4.9984
4.9984
4.9984
4.9984
4.9984
4.9984
4.9984
4.9984
4.9984
4.9984
4.9984
4.9984
4.9984
4.9984
4.9984
4.9984
4.9984
4.9984
4.9984
4.9984
4.9984
4.9984
4.9984
4.9984
4.9984
4.9984
4.9984
4.9984
4.9984
4.9984
4.9984
4.9984
4.9984
4.9984
4.9984
4.9984
4.9984
4.9984
4.9984
4.9984
4.9984
4.9984
4.9984
4.9984
4.9984
4.9984
4.9984
4.9984
4.9984
4.9984
4.9984
4.9984
4.9984
4.9984
4.9984
4.9984
4.9984
4.9984
4.9984
4.9984
4.9984
4.9984
4.9984
4.9984
4.9984
4.9984
4.9984
4.9984
4.9984
4.9984
4.9984
4.9984
4.9984
4.9984
4.9984
4.9984
4.9984
4.9984
4.9984
4.9984
4.9984
4.9984
4.9984
4.9984
4.9984
4.9984
4.9984
4.9984
4.9984
4.9984
4.9984
4.9984
4.9984
4.9984
4.9984
4.9984
4.9984
4.9984
4.9984
4.9984
4.9984
4.9984
4.9984
4.9984
4.9984
4.9984
4.9984
4.9984
4.9984
4.9984
4.9984
4.9984
4.9984
4.9984
4.9984
4.9984
4.9984
4.9984
4.9984
4.9984
4.9984
4.9984
4.9984
4.9984
4.9984
4.9984
4.9984
4.9984
4.9984
4.9984
4.9984
4.9984
4.9984
4.9984
4.9984
4.9984
4.9984
4.9984
4.9984
4.9984
4.9984
4.9984
4.9984
4.9984
4.9984
4.9984
4.9984
4.9984
4.9984
4.9984
4.9984
4.9984
4.9984
4.9984
4.9984
4.9984
4.9984
4.9984
4.9984
4.9984
4.9984
4.9984
4.9984
4.9984
4.9984
4.9984
4.9984
4.9984
4.9984
4.9984
4.9984
4.9984
4.9984
4.9984
4.9984
4.9984
4.9984
4.9984
4.9984
4.9984
4.9984
