6.14687
6.35469
6.35469
6.35469
6.45469
6.54531
6.54531
7.10469
7.10469
7.10469
7.14062
7.14062
7.14062
7.15156
7.15156
7.15156
7.15156
7.15156
7.15156
7.15156
7.15156
7.15156
7.15156
7.15156
7.15156
7.15156
7.15156
7.15156
7.15156
7.62032
7.62032
7.62032
7.62032
7.65313
7.65313
7.65313
7.65313
7.65313
7.69063
7.725
8.07344
8.07344
8.07344
8.07344
8.11094
8.11094
8.15
8.15
8.23594
8.23594
8.32344
8.32344
8.32344
8.32344
8.32344
8.32344
8.32344
8.32344
8.32344
8.32344
8.32344
8.32344
8.32344
8.32344
8.32344
8.32344
8.32344
8.32344
8.32344
8.32344
8.32344
8.32344
8.32344
8.32344
8.32344
8.32344
8.32344
8.36093
8.36093
8.36093
8.36093
8.36093
8.36093
8.36093
8.36093
8.36093
8.36093
8.36093
8.36093
8.36093
8.36093
8.36093
8.36093
8.36093
8.36093
8.36093
8.36093
8.36093
8.36093
8.36093
8.36093
8.36093
8.36093
8.36093
8.36093
8.36093
8.36093
8.36093
8.36093
8.36093
8.36093
8.36093
8.36093
8.36093
8.3625
8.3625
8.3625
8.3625
8.3625
8.3625
8.3625
8.3625
8.3625
8.3625
8.3625
8.3625
8.3625
8.3625
8.3625
8.3625
8.3625
8.3625
8.3625
8.3625
8.3625
8.3625
8.3625
8.3625
8.3625
8.39218
8.39218
8.39218
8.39218
8.39218
8.39218
8.39218
8.39218
8.39218
8.39218
8.39218
8.39218
8.39218
8.39218
8.39218
8.39218
8.39218
8.39218
8.39218
8.39218
8.39218
8.39218
8.39218
8.39218
8.39218
8.39218
8.39218
8.39218
8.39218
8.39218
8.39218
8.39218
8.39218
8.39218
8.39218
8.39218
8.39218
8.39218
8.39218
8.39218
8.39218
8.39218
8.39218
8.39218
8.39218
8.39218
8.39218
8.39218
8.39218
8.39218
8.39218
8.39218
8.39218
8.39218
8.39218
8.39218
8.39218
8.39218
8.39218
8.39218
8.39218
8.39218
8.39218
8.39218
8.39218
8.39218
8.39218
8.56405
8.56405
8.56405
8.56405
8.56405
8.56405
8.56405
8.56405
8.56405
8.56405
8.56405
8.56405
8.56405
8.56405
8.56405
8.56405
8.56405
8.56405
8.56405
8.56405
8.56405
8.56405
8.56405
8.56405
8.56405
8.56405
8.56405
8.56405
8.56405
8.56405
8.56405
8.56405
8.56405
8.56405
8.56405
8.56405
8.56405
8.56405
8.56405
8.56405
8.56405
8.56405
8.56405
8.56405
8.56405
8.56405
8.56405
8.56405
8.56405
8.56405
8.56405
8.56405
8.56405
8.56405
8.56405
8.56405
8.56405
8.56405
8.56405
8.56405
8.56405
8.56405
8.56405
8.56405
8.56405
8.56405
8.56405
8.56405
8.56405
8.56405
8.56405
8.56405
8.56405
8.56405
8.56405
8.56405
8.56405
8.56405
8.56405
8.56405
8.56405
8.56405
8.56405
8.56405
8.56405
8.56405
8.56405
8.56405
8.56405
8.56405
8.56405
8.56405
8.56405
