10.1572
10.5994
10.6034
10.6034
10.8714
10.8714
10.8714
10.8714
11.0055
11.0055
11.0055
11.0055
11.0055
11.0055
11.0055
11.0055
11.0055
11.0055
11.0055
11.0055
11.0055
11.0055
11.0055
11.0055
11.0075
11.0075
11.0075
11.0081
11.0081
11.0081
11.0081
11.0081
11.0081
11.1419
11.1419
11.1419
11.1419
11.1419
11.1419
11.1419
11.1419
11.1419
11.1419
11.1419
11.1419
11.1419
11.1419
11.1419
11.1419
11.1419
11.1419
11.1419
11.1419
11.1419
11.1419
11.1419
11.1419
11.1419
11.1423
11.1427
11.1427
11.1427
11.1427
11.1427
11.1427
11.1427
11.1427
11.1427
11.1427
11.1427
11.1427
11.1427
11.1427
11.1427
11.1427
11.1427
11.1427
11.1427
11.1427
11.1427
11.1427
11.1427
11.1427
11.1427
11.1427
11.1427
11.1427
11.1427
11.1427
11.1427
11.1427
11.1427
11.2731
11.2746
11.2746
11.2746
11.2746
11.2746
11.2746
11.2746
11.2746
11.2746
11.2746
11.2746
11.2746
11.2746
11.2746
11.2746
11.2756
11.2756
11.2756
11.2756
11.2756
11.2756
11.2756
11.2756
11.2756
11.2756
11.2756
11.2756
11.2756
11.2756
11.2756
11.2756
11.2756
11.2756
11.2756
11.2756
11.2756
11.2756
11.2756
11.2756
11.2756
11.2756
11.2756
11.2756
11.2756
11.2756
11.2756
11.2756
11.2756
11.2756
11.2756
11.2756
11.2756
11.2756
11.2756
11.2756
11.2756
11.2756
11.2756
11.2756
11.2756
11.2756
11.2756
11.2756
11.2756
11.2756
11.2756
11.2756
11.2756
11.2756
11.2756
11.2756
11.2756
11.2756
11.2756
11.2756
11.2756
11.2756
11.2756
11.2756
11.2756
11.2756
11.2756
11.2756
11.2756
11.2756
11.2756
11.2756
11.2756
11.2756
11.2756
11.2756
11.2756
11.2756
11.2756
11.2756
11.2756
11.2756
11.2756
11.2756
11.2756
11.2756
11.2756
11.2756
11.2756
11.2756
11.2756
11.2756
11.2756
11.2756
11.2756
11.2756
11.2756
11.2756
11.2756
11.2756
11.2756
11.2756
11.2756
11.2756
11.2756
11.2756
11.2756
11.2756
11.2756
11.2756
11.2756
11.2756
11.2756
11.2756
11.2756
11.2756
11.2756
11.2756
11.2756
11.2756
11.2756
11.2756
11.2756
11.2756
11.2756
11.2756
11.2756
11.2756
11.2756
11.2756
11.2756
11.2756
11.2756
11.2756
11.2756
11.2756
11.2756
11.2756
11.2756
11.2756
11.2756
11.2756
11.2756
11.2756
11.2756
11.2756
11.2756
11.2756
11.2756
11.2756
11.2756
11.2756
11.2756
11.2756
11.2756
11.2756
11.2756
11.2756
11.2756
11.2756
11.2756
11.2756
11.2756
11.2756
11.2756
11.2756
11.2756
11.2756
11.2756
11.2756
11.2756
11.2756
11.2756
11.2756
11.2756
11.2756
11.2756
11.2756
11.2756
11.2756
11.2756
11.2756
11.2756
11.2756
11.2756
11.2756
11.2756
11.2756
11.2756
11.2756
11.2756
