1557
1670
1462
1399
1682
1699
1589
1616
1377
1681
1613
1699
1629
1672
1625
1704
1705
1680
1431
1623
1679
1622
1717
1631
1710
1427
1697
1758
1698
1714
1686
1702
1725
1782
1830
1764
1775
1835
1816
1792
1691
1753
1825
1449
1798
1736
1744
1816
1764
1794
1803
1783
1867
1845
1800
1833
1690
1742
1776
1870
1731
1743
1833
1815
1701
1836
1682
1757
1797
1649
1813
1898
1713
1811
1870
1763
1766
1883
1808
1766
1666
1469
1642
1797
1676
1862
1853
1748
1686
1772
1707
1769
1794
1862
1715
1773
1827
1699
1770
1764
1727
1789
1744
1733
1850
1791
1836
1730
1778
1834
1760
1907
1737
1759
1704
1941
1716
1759
1858
1837
1748
1700
1687
1807
1729
1746
1821
1787
1729
1779
1799
1711
1731
1737
1812
1838
1754
1797
1707
1779
1750
1845
1789
1931
1819
1862
1739
1751
1822
1820
1799
1737
1824
1768
1791
1788
1845
1711
1795
1775
1749
1770
1720
1883
1729
1785
1817
1789
1838
1775
1745
1801
1803
1733
1767
1872
1664
1744
1683
1787
1747
1640
1671
1667
1862
1697
1670
1710
1743
1718
1646
1727
1676
1691
1801
1666
1646
1668
1665
1696
1757
1699
1730
1757
1656
1709
1699
1744
1698
1606
1671
1732
1647
1591
1598
1694
1607
1670
1620
1668
1674
1591
1645
1654
1627
1677
1676
1694
1626
1657
1606
1719
1562
1675
1615
1586
1378
1617
1609
1397
1530
1512
1671
1586
1638
1563
1631
1653
1626
1632
1350
1596
1305
1625
1652
1591
1512
1362
1588
1688
1605
1615
1640
1603
1619
1651
1589
1687
1689
1276
1547
1570
1551
1678
1575
1649
1543
1567
1622
1665
1650
1558
1651
1582
1660
1709
1630
1717
1651
1550
1695
1713
1720
1771
1674
1665
1728
1606
1626
