3.11815
3.11902
3.11902
3.11902
3.12186
3.12276
3.12276
3.25041
3.25041
3.25041
3.25041
3.25041
3.25041
3.25041
3.25041
3.25041
3.25041
3.25041
3.25041
3.25041
3.25041
3.25041
3.25041
3.25041
3.25041
3.25041
3.25041
3.25041
3.25041
3.25041
3.25041
3.25041
3.25041
3.25041
3.25041
3.25041
3.25041
3.25041
3.25041
3.25041
3.25041
3.25041
3.25041
3.25041
3.25041
3.25041
3.25041
3.25041
3.25041
3.25041
3.25041
3.25041
3.25041
3.25041
3.25041
3.25041
3.25041
3.25041
3.25041
3.25041
3.25041
3.25041
3.25041
3.25041
3.25041
3.25041
3.25041
3.25041
3.25041
3.25041
3.25041
3.25041
3.25041
3.25261
3.25261
3.25261
3.25261
3.25261
3.25261
3.25261
3.25261
3.25261
3.25261
3.25261
3.25261
3.25261
3.25261
3.25261
3.25261
3.25261
3.25261
3.25261
3.25261
3.25261
3.25261
3.25261
3.25261
3.25261
3.25261
3.25261
3.25261
3.25261
3.25261
3.25261
3.25286
3.25286
3.25286
3.25286
3.25286
3.25286
3.25286
3.25286
3.25286
3.25286
3.25286
3.25286
3.25286
3.25286
3.25286
3.25286
3.25286
3.25286
3.25286
3.25298
3.25298
3.25298
3.25298
3.25298
3.25298
3.25298
3.25298
3.25298
3.25298
3.25298
3.25298
3.25298
3.25298
3.25298
3.25298
3.25298
3.25298
3.25298
3.25298
3.25298
3.25298
3.25298
3.25298
3.25298
3.25298
3.25298
3.25298
3.25298
3.25298
3.25298
3.25298
3.25298
3.25298
3.25298
3.25298
3.25298
3.25298
3.25298
3.25298
3.25298
3.25298
3.25298
3.25298
3.25298
3.25298
3.25298
3.25298
3.25298
3.25298
3.25298
3.25298
3.25298
3.25298
3.25298
3.25298
3.25298
3.25298
3.25298
3.25298
3.25298
3.25298
3.25298
3.25298
3.25298
3.25298
3.25298
3.25298
3.25298
3.25298
3.25298
3.25298
3.25298
3.25298
3.25298
3.25298
3.25298
3.25298
3.25298
3.25298
3.25298
3.25298
3.25394
3.25394
3.25394
3.25394
3.25394
3.25394
3.25394
3.25394
3.25394
3.25394
3.25394
3.25394
3.25394
3.25394
3.25394
3.25394
3.25394
3.25394
3.25394
3.25394
3.25394
3.25394
3.25394
3.25394
3.25394
3.25394
3.25394
3.25394
3.25394
3.25394
3.25394
3.25394
3.25394
3.25394
3.25394
3.25394
3.25394
3.25394
3.25394
3.25394
3.25394
3.25394
3.25394
3.25394
3.25394
3.25394
3.25394
3.25394
3.25394
3.25394
3.25394
3.25394
3.25394
3.25394
3.25394
3.25394
3.25394
3.25394
3.25394
3.25394
3.25394
3.25394
3.25394
3.25394
3.25394
3.25394
3.25394
3.25394
3.25394
3.25394
3.25394
3.25394
3.25394
3.25394
3.25394
3.25394
3.25394
3.25394
3.25394
3.25394
3.25394
3.25394
3.25394
3.25394
3.25394
3.25394
3.25394
3.25394
3.25394
3.25394
3.25394
3.25394
3.25394
3.25394
