111.163
103.854
113.927
112.176
103.284
107.912
110.003
104.857
107.581
110.72
113.321
114.095
104.856
100.476
105.667
109.2
111.353
110.064
110.24
112.167
113.408
113.055
114.273
111.896
115.513
104.21
115.472
111.822
108.805
105.846
112.6
113.251
113.828
101.165
110.788
100.349
107.512
111.205
110.889
101.966
100.683
99.9199
105.354
104.925
104.605
104.868
105
107.445
105.547
109.104
111.958
103.788
113.231
113.02
114.801
100.147
104.236
115.06
109.47
100.522
113.355
111.57
113.729
114.2
100.243
102.813
112.831
112.444
100.08
112.554
110.323
98.7279
115.15
104.768
108.818
103.403
101.945
109.091
106.432
106.101
113.567
109.373
112.747
112.749
104.113
107.098
110.663
104.284
100.192
104.6
109.033
103.233
102.962
113.112
106.699
106.571
106.288
104.629
100.041
104.05
98.9046
104.29
107.542
108.599
107.04
109.659
105.701
99.6673
112.695
103.098
103.214
110.016
108.839
107.395
113.562
100.198
114.151
113.601
107.054
98.8649
104.879
104.975
100.904
112.147
105.742
106.884
102.819
98.5566
102.393
99.4492
112.848
104.735
102.783
111.959
107.124
112.961
111.052
113.595
106.237
105.264
98.2769
109.551
108.684
113.783
107.727
102.416
98.8727
99.7001
110.434
113.672
114.736
104.272
97.3564
109.635
114.618
107.54
104.285
98.1655
100.009
104.379
110.996
109.928
100.454
98.1732
106.261
113.487
104.091
98.1655
114.152
100.235
105.007
114.572
112.528
104.897
112.947
108.396
105.916
112.785
108.126
103.688
112.863
104.665
112.555
113.779
103.299
105.563
104.034
98.5922
103.011
98.2264
105.375
109.856
106.538
102.937
105.836
106.266
112.949
102.214
105.885
100.047
112.287
105
98.8372
107.939
105.222
106.93
102.461
106.37
98.002
103.062
105.36
101.683
112.737
114.089
104.797
98.6335
104.748
103.332
101.53
103.668
103.109
108.968
112.272
103.873
103.993
99.11
98.0115
102.304
102.874
104.487
103.544
104.427
98.4894
112.477
101.482
102.951
104.035
97.9117
102.861
114.053
97.7254
103.186
108.181
103.575
102.625
105.33
113.871
112.231
97.921
104.298
103.218
101.774
111.701
105.317
97.5792
113.754
112.019
112.973
111.409
101.325
99.0525
100.966
99.152
106.828
104.656
113.389
106.433
103.078
111.64
105.157
103.219
108.067
113.184
111.91
104.288
108.861
113.082
112.333
110.907
103.997
102.901
105.431
108.015
102.221
112.987
113.053
112.283
106.756
101.714
103.693
104.027
