1.58417
4.01973
1.61252
1.68589
3.91368
2.83352
1.79086
4.24595
3.95958
1.8115
0.920979
0.857997
3.72345
5.71853
3.52431
2.32771
1.71366
2.68797
1.80695
1.16839
0.859134
0.748866
0.648031
1.28302
0.44561
4.13952
0.273358
1.99734
3.44813
4.22718
0.756654
0.750705
0.739391
5.06727
2.26583
5.48351
3.43257
1.81866
2.59295
5.50359
4.86636
4.77163
3.43857
4.23042
3.90937
4.12582
4.11997
3.54989
4.14086
2.58054
0.646536
4.33811
0.317996
0.350846
0.386851
5.47844
4.35114
0.424608
1.8156
5.28665
0.541914
0.878571
0.743126
0.515443
5.49301
4.37453
0.548845
0.68311
4.87872
0.848267
1.81736
5.48113
0.241331
4.35571
2.28152
4.34443
4.32097
2.60849
3.19626
3.7526
0.748392
1.70044
0.331874
0.501734
3.58617
3.43544
1.71674
3.97354
5.3838
4.38144
2.68381
4.02271
4.44211
0.42259
3.44306
3.45463
4.17196
4.24697
5.48333
4.42103
5.48545
3.89427
3.50973
3.56278
3.64154
2.68039
3.9496
5.38868
1.58187
4.60171
4.55338
2.90828
2.01936
2.92301
0.504218
5.48423
0.195128
0.512014
3.86889
5.48266
3.95889
3.97069
4.5199
1.11628
4.19004
3.34475
3.91719
5.58374
4.51769
5.28469
0.38924
4.22595
3.89835
0.63799
3.48898
0.541518
1.46858
0.230677
3.87154
3.39244
5.37779
1.5627
2.33857
0.38733
2.00974
3.87887
5.37171
5.38455
1.62235
0.277157
0.229727
3.97672
5.71297
2.09424
0.245804
3.45445
3.93039
5.49485
5.48563
3.73527
2.32808
2.3527
5.47766
5.48435
3.12324
0.323258
3.70769
5.50433
0.531897
5.49916
3.7504
0.205697
0.908023
3.70201
0.316014
2.21819
3.33178
0.211706
2.58369
4.17196
0.547283
3.51658
0.615284
0.407886
4.31133
3.71428
3.73477
5.48653
3.52689
5.48838
3.76037
2.00744
3.35233
3.67544
3.3535
2.77144
0.547328
4.52569
3.45054
5.49529
0.51911
3.7349
5.49589
2.47231
3.66052
2.93412
4.40092
2.73188
5.40277
3.56971
3.27667
4.12575
0.538771
0.532716
3.51494
5.48811
4.02723
3.47185
4.40386
4.22483
3.67696
2.57633
0.723802
3.07517
4.09317
5.27289
5.49685
4.12218
4.17715
3.44994
3.67772
3.33937
5.48652
0.516453
4.41461
4.36752
4.14981
5.51434
3.8953
0.506759
5.39872
4.60462
2.22051
3.70473
4.13293
3.15527
0.483058
0.597119
5.49776
3.14061
3.77258
4.30137
0.774436
3.409
5.38919
0.641135
0.872963
0.839922
1.00978
4.13181
5.49608
4.95425
4.98611
3.2678
3.42532
0.520015
2.40383
4.42823
0.98368
3.22591
3.89356
2.40175
0.55059
0.841061
3.7044
2.13544
0.609715
0.838928
0.798566
4.58622
3.70608
3.36916
2.29035
4.11317
0.545463
0.84711
0.975968
2.73143
4.22295
3.92055
3.6808
