8.45056
8.36314
7.8087
8.06663
8.49661
8.39759
8.62483
7.55772
6.99832
8.52889
8.50085
8.4218
8.55852
7.25411
8.44986
8.44357
8.5887
7.44193
8.75151
8.51423
8.51694
8.44375
8.52947
8.53128
8.28023
7.84671
8.38493
7.67135
7.06368
7.62658
8.48473
8.73953
8.50354
7.79432
7.61169
7.60385
7.29168
8.68173
7.42987
7.25829
8.59462
8.5885
8.42775
7.32554
7.81727
7.23775
7.89055
7.15532
7.55218
7.54622
8.59407
7.00733
8.68896
8.74842
8.51372
7.38565
7.41821
8.48087
8.82131
7.68359
8.76767
8.60001
8.53907
8.57063
7.58154
7.4872
8.58485
8.60211
8.66955
8.77947
8.6311
7.55462
8.64669
7.36068
7.81173
7.26449
8.65835
7.50681
8.36517
6.99798
8.06905
8.62967
8.57852
8.64292
8.35372
7.10238
8.64638
7.08453
7.69684
7.2263
7.43299
7.83073
7.56816
8.52332
7.24186
7.28144
6.94006
7.62515
7.45157
7.43229
7.36269
8.02197
7.4051
7.1107
6.97347
7.77167
7.46044
7.74406
7.77879
7.52145
7.45164
7.59819
8.73638
7.72459
8.50801
7.57198
8.61002
8.62063
7.04346
7.39585
7.26476
7.11584
7.96499
8.73235
7.09564
7.32607
8.48895
7.30884
7.76308
7.90472
8.54351
7.01519
8.54832
8.58458
7.34483
8.54007
8.38947
8.57531
7.13135
7.70571
7.59992
8.44739
8.60328
8.55404
8.71907
8.43508
7.44484
7.48025
8.59308
8.35364
8.47566
7.0024
7.23523
7.95814
8.51707
7.23647
7.19249
7.31298
7.58478
7.85109
7.02061
7.1164
7.2617
7.36987
7.65991
8.39553
8.57989
7.24694
8.50202
7.35913
7.1448
8.27478
8.05689
8.37433
8.59443
8.35386
7.47291
8.68233
7.65225
7.04028
8.58664
7.7987
8.39743
8.52039
7.96867
7.31476
7.70968
7.61836
8.601
7.29761
6.97039
8.62204
7.14107
8.53868
7.31552
8.58613
8.5262
7.70934
7.27926
7.5492
8.64168
7.56537
7.61471
7.78432
7.22722
8.54815
7.65035
8.27088
7.78216
8.6508
8.21207
8.58338
8.62968
8.52676
7.71125
7.55307
7.84512
8.69249
7.81111
7.29884
8.60069
7.2992
8.61649
8.75221
7.95403
7.84485
7.49247
8.66688
7.64921
8.43558
8.70354
8.26281
7.67223
8.66796
7.82185
7.42442
7.24811
7.51157
8.67975
8.44967
7.81747
7.22812
8.18468
8.72437
8.12585
8.13197
8.67085
8.6001
7.52912
8.54146
8.51544
7.65947
8.58248
8.67027
8.01039
8.53944
8.74335
8.50246
8.63587
8.64222
7.65266
7.64192
8.67592
7.70783
8.66936
8.66663
8.62221
7.69477
8.55619
8.42698
8.66667
8.61649
8.62916
8.60354
8.72467
8.6056
8.58042
8.63504
9.26404
7.20927
8.54399
7.68827
8.68042
8.8376
8.80621
8.65616
8.69601
8.65306
8.57008
8.67465
8.72245
