4162
4000
4047
4101
4151
4070
4098
4041
4032
4198
4138
4075
4826
4098
4234
4065
4809
3990
4102
4050
4137
3942
4113
3890
4006
3873
4069
4025
3699
4032
3963
4015
4065
4648
3979
3974
3927
4606
3760
3979
3848
4473
4005
3887
3821
3791
4564
3805
3586
3495
4019
3786
3748
3760
4427
3887
3650
3747
3798
3774
3652
3718
4321
3745
4321
3685
3800
3534
4738
4185
3685
4584
4473
3737
3498
3665
4543
3700
4193
3544
3424
3926
3553
4642
3825
3631
3539
3559
3765
3528
3619
3659
3699
3366
4044
3992
3486
3935
4138
3592
3563
3424
3425
3521
3303
3457
3224
4701
4424
4025
3856
4091
4057
3328
3664
3528
4086
4338
3521
3871
3488
4077
3655
3676
3434
3340
3426
3471
3589
3761
3954
3626
3393
3410
3560
3426
3449
3204
3577
3607
3550
3559
4108
3447
3610
3579
3655
3572
4604
3508
3220
3501
3346
3491
4046
3382
3453
4064
3535
3997
3381
3457
3526
3446
3225
3544
4125
3447
4023
3541
3890
3589
3307
3511
3431
3777
3480
3506
3511
3465
3575
3282
3560
3488
4675
3369
3647
3659
3345
3430
3476
3718
3146
3487
3459
4349
4657
3610
3438
4092
3421
3484
3931
3538
4062
3618
3355
4389
4584
4147
3551
3719
3563
3427
3501
3277
3515
4460
3402
3742
3655
3438
3604
4222
3393
3896
3560
4850
3657
4344
3646
3712
4212
3610
3688
3466
3768
4231
4400
3852
3749
3458
3705
3768
3480
3748
4453
3497
3699
3752
4358
3746
3778
4644
3772
3984
3866
4702
4007
3862
3784
3828
4704
3768
3919
3955
4021
4338
3925
3996
3933
3980
4479
4718
4816
4551
3723
3872
4038
4046
3995
3908
4048
3789
4102
3983
3828
4209
4714
4840
4829
