8.1271
8.14472
8.54211
8.262
7.92581
8.26206
8.07008
8.25563
8.39434
8.26401
8.2503
8.39062
8.26402
8.40121
8.26398
8.20849
8.42925
8.12416
8.26077
8.1062
8.23315
7.93626
8.34076
8.14087
8.34908
8.11359
8.26208
8.14087
8.25879
8.55659
7.8202
8.26076
8.25022
8.14405
8.04509
8.26072
8.034
8.55514
8.26393
8.5803
8.10914
7.77563
8.06665
8.13557
7.98341
7.96868
8.34843
8.0468
8.34295
7.80807
7.57636
7.77732
7.77739
7.78506
8.25515
8.12201
8.11528
8.35581
8.05286
8.14086
8.11373
7.67817
8.25021
8.21918
8.23307
7.78022
7.77739
7.7897
7.96112
8.14086
8.21077
7.8007
8.36071
8.2365
7.60567
7.80648
7.98453
7.80488
8.13048
7.79265
7.78797
7.76936
7.52551
7.74989
7.78697
7.80488
8.2385
7.58089
8.15124
8.14602
7.81225
7.70549
7.92592
7.69789
7.78802
7.78801
8.22771
8.22775
8.12202
8.14086
7.79258
7.98084
8.19127
8.34843
7.91612
8.23328
8.14405
8.02701
8.08814
8.1017
8.0529
8.44399
7.98076
7.76287
7.92495
8.20849
7.91652
8.04487
8.1902
7.7897
7.8192
7.77729
7.58866
8.22454
8.1902
7.79202
7.78027
7.78312
7.92927
7.91588
7.58871
7.91586
7.7774
7.56049
8.01477
7.77805
7.92689
7.72194
8.02528
7.59814
7.58894
7.56228
8.15744
7.92694
7.58391
7.59297
7.6961
7.94184
8.02543
7.60135
8.03934
7.53928
7.58116
7.77279
8.05116
8.0288
7.59306
7.59349
8.16288
7.76076
7.71688
7.51273
8.15747
7.60135
7.59165
7.6196
8.01503
7.58401
8.15674
8.15668
7.58126
7.77288
7.59175
8.15743
7.59355
7.77483
7.59361
7.50585
7.59355
7.60129
7.78863
7.59839
7.59074
7.91647
8.07834
7.78869
7.589
7.78875
7.50184
7.59845
7.59364
8.2348
7.59306
7.59829
7.50359
7.78192
7.76762
7.86327
7.59361
8.17035
7.60304
7.78913
7.86366
7.51254
7.59361
8.13832
7.78204
7.5909
7.59074
7.58391
7.78844
7.67552
7.7715
8.15722
7.589
7.78173
8.15747
7.59187
7.59074
7.77464
7.68254
7.59386
7.78158
7.39829
8.05736
7.78878
7.60592
7.90269
7.6736
7.80889
7.87087
7.59071
7.77687
7.68925
7.5923
7.78217
7.77363
7.6021
7.85862
8.04972
7.5197
7.99148
7.59645
7.91783
7.77294
7.61387
8.15725
7.62726
7.59288
7.49436
7.77289
7.49446
7.60558
8.15843
7.52091
8.15741
7.94487
8.04873
7.78173
7.59349
7.93457
7.91564
7.78158
7.93025
7.95984
8.0167
7.48985
8.00314
7.77279
7.79151
7.96523
8.02341
7.94186
7.76181
8.14827
8.01493
7.92302
7.93357
7.8764
8.1803
7.62019
7.61349
7.93619
7.94155
8.01689
8.2146
8.10309
7.9418
7.77675
8.14749
8.03906
