99.4502
74.5348
179.989
75.3683
79.3206
102.583
90
60.0725
66.0437
72.8237
72.9697
68.4508
55.1704
69.8887
90
69.8925
68.5369
179.991
63.8158
179.989
59.0236
90
100.853
69.8345
66.3454
71.3004
179.989
66.9755
90
99.3768
54.4082
68.0599
73.5608
64.9178
99.8769
103.285
103.082
179.976
103.06
90
56.7889
90
56.1773
179.992
90
90
56.5447
59.8035
101.273
60.5674
56.7997
97.7372
59.8163
90
81.4781
55.8758
74.245
66.0003
62.9665
62.635
62.0216
78.9663
179.99
179.991
64.662
59.87
67.7904
62.1664
61.4409
81.0386
101.758
90
90
90
72.7532
74.3883
102.625
102.251
102.562
73.1186
102.624
101.702
99.9122
102.334
101.951
102.061
102.427
102.007
102.046
102.402
102.358
100.654
100.273
102.643
101.617
102.39
102.078
101.892
102.228
102.558
102.187
102.722
101.415
102.319
101.867
102.043
101.974
101.862
101.927
101.897
102.316
103.496
102.426
101.099
101.896
102.489
102.414
101.907
102.435
102.013
101.316
101.784
102.142
101.896
102.436
102.448
102.469
101.789
102.439
100.12
103.17
101.846
101.578
102.521
102.496
102.36
102.677
102.654
101.2
102.068
101.404
101.771
102.173
102.245
101.462
102.39
101.866
101.491
101.564
101.887
101.995
102.017
102.526
101.821
102.407
102.526
102.238
100.174
101.126
100.731
102.357
101.221
102.495
101.47
102.822
101.426
102.728
100.366
101.91
102.871
101.961
102.671
102.157
101.107
102.848
101.97
102.037
101.871
100.628
100.07
101.567
102.416
101.582
101.995
102.352
101.041
101.513
101.824
99.9951
101.175
101.666
101.058
103.468
101.869
102.536
102.02
101.626
101.449
101.947
102.498
102.319
102.351
102.924
101.882
101.248
101.004
102.889
101.557
101.872
102.402
102.505
101.624
101.967
101.988
102.462
101.477
101.069
100.679
99.6305
101.896
101.474
101.584
101.088
101.531
102.033
99.1273
101.021
102.505
101.922
102.426
101.83
100.546
100.966
101.839
102.229
102.858
101.927
102.021
102.93
101.077
101.083
102.114
101.518
102.158
102.98
100.568
101.755
102.459
102.02
101.128
102.308
102.744
101.52
101.13
100.554
102.517
100.837
102.038
102.147
102.064
102.831
101.582
99.1367
101.91
101.249
100.936
103.023
100.037
101.135
100.487
101.7
102.385
101.06
102.465
104.841
101.886
102.569
102.636
100.011
101.095
103.487
100.611
100.89
102.458
101.326
102.54
100.351
100.741
107.551
101.779
100.624
101.74
101.582
102.839
101.151
101.223
100.862
102.493
101.995
101.053
99.9256
100.748
100.586
101.897
101.501
101.548
107.325
107.775
102.681
107.204
101.188
102.008
101.562
101.967
102.473
100.638
107.313
98.4081
102.741
100.094
103.107
101.471
96.4962
107.218
103.126
102
102.703
99.5652
102.414
102.091
101.289
103.596
107.946
108.638
102.992
108.581
101.122
102.766
101.146
107.465
101.243
100.811
102.602
102.993
101.647
100.632
101.645
102.211
102.837
103.053
101.804
102.49
102.961
101.697
102.148
107.703
101.984
100.576
101.982
103.254
102.584
102.822
102.682
99.2965
100.379
101.191
102.989
100.018
101.771
103.075
101.186
103.206
102.291
101.724
102.674
100.468
101.427
103.065
101.728
101.783
102.164
102.402
101.977
101.217
102.772
102.384
102.548
101.921
101.289
101.117
102.539
102.042
102.835
102.488
102.335
102.26
101.582
101.895
102.341
101.519
102.112
102.202
102.477
101.241
101.416
101.225
102.945
101.713
101.353
103.116
108.822
102.098
102.089
102.581
101.213
102.039
102.151
101.653
102.25
101.806
101.903
102.15
101.933
102.34
101.616
102.619
101.621
100.732
103.373
102.173
101.052
101.977
101.708
101.687
102.136
102.702
102.312
102.129
100.767
102.261
102.713
101.625
101.689
102.204
101.329
101.986
102.812
102.243
100.974
102.395
100.442
102.281
102.362
100.264
101.166
101.047
100.819
99.6835
101.045
100.836
102.398
101.461
100.59
101.711
102.769
101.612
99.861
90
100.825
101.488
102.055
102.352
100.408
101.19
101.892
102.948
102.347
