7.41279
1.86222
20000
1.8639
3.54213
7.90594
2.27493
0.62251
1.13187
1.75639
1.75461
1.55312
0.103234
1.55531
2.57546
1.54912
1.65749
20000
0.938698
20000
0.619796
3.1258
3.245
1.548
1.24449
1.54305
20000
1.1447
2.02438
3.54128
0.104097
1.24062
1.63112
0.93718
3.44262
3.44349
3.54665
10001.5
3.4812
3.34451
0.724346
3.75658
0.31229
20000
3.34164
2.0368
0.416795
0.623734
3.337
0.725447
0.306802
3.44257
0.313482
3.33751
4.04216
0.209933
1.61707
0.827621
0.619148
0.726175
0.73054
3.44832
20000
20000
0.937133
0.622522
1.12776
0.940205
0.720206
3.85491
7.88112
3.53472
2.54989
2.28004
1.96229
2.3814
7.8831
7.97711
7.87893
2.57181
7.96208
7.90099
7.60646
7.97014
7.87447
7.87985
7.95849
7.86201
7.87082
7.94255
7.95087
7.61154
7.6818
7.96639
7.79546
7.95536
7.87521
7.8696
7.91148
7.86946
7.79936
7.9782
7.85744
7.94032
7.95087
7.8627
7.86877
7.84238
7.84893
7.94823
7.93945
7.96205
7.86029
7.68395
7.88202
7.95942
7.87089
7.89049
7.9666
7.88552
7.77865
7.81765
7.95759
7.86563
7.86771
7.95777
7.85708
7.96428
7.86962
7.59463
7.94478
7.8174
7.87733
7.87671
7.93835
7.94529
7.95022
7.99917
7.7121
7.87651
7.8621
7.94186
7.86536
7.95692
7.76383
7.95645
7.94562
7.8629
7.8711
7.85569
7.86908
7.87553
7.96506
7.94194
7.95056
7.95724
7.93762
7.61085
7.67533
7.59774
7.94255
7.69821
7.94577
7.87121
8.03095
7.8557
8.02851
7.68368
7.86817
7.96223
7.86846
7.8174
7.95022
7.94231
7.94265
7.84578
7.93824
7.86179
7.60841
7.68395
7.68467
7.96456
7.78237
7.8691
7.861
7.87725
7.77534
7.85956
7.6821
7.85894
7.93932
7.67904
7.95961
7.84001
7.97267
7.88639
7.78052
7.77749
7.85545
7.86936
7.93185
7.94086
7.93675
7.88686
7.71272
7.67418
7.86781
7.77407
7.78218
7.94791
7.86641
7.77797
7.85697
7.86634
7.94415
7.85581
7.69444
7.5955
7.68556
7.85268
7.58642
7.78218
7.67964
7.67833
7.99248
7.57898
7.78356
7.86204
7.94645
7.94989
7.76694
7.6773
7.66763
7.69409
7.94197
7.86292
7.86817
7.87671
7.95486
7.78001
7.78075
7.67606
7.77301
7.69141
7.9643
7.69013
7.84974
7.85202
7.87225
7.78505
7.95231
8.04016
7.57072
7.67865
7.60317
7.95866
7.68314
7.87245
7.76777
7.67632
8.02914
7.60381
7.58428
7.68669
7.52588
7.67656
7.8588
7.57996
7.59835
7.70617
7.77176
7.85268
7.67831
7.86508
7.95449
7.93481
7.86926
7.84822
7.69058
7.69018
7.9543
7.69429
7.68335
7.8588
7.59099
7.96332
7.68335
7.65812
7.6798
7.6007
7.68341
7.86406
7.59116
7.95359
7.62862
7.58901
7.51493
7.8611
7.84858
7.67633
7.5955
7.60184
7.68126
7.68114
7.69085
7.58606
7.58211
7.84557
7.86269
7.60058
7.60412
7.77511
7.77318
7.60154
7.9428
7.57738
7.57911
7.84936
7.88244
7.60273
7.95203
7.67507
6.48896
7.59559
7.85427
7.94586
7.84519
7.59463
7.69004
7.78322
7.67705
7.84891
7.86631
7.85655
7.94827
7.86116
7.67687
7.88408
7.59811
7.78043
7.68567
7.92728
7.86233
7.93401
7.58437
7.68125
7.58806
7.86423
7.85236
7.84262
7.5938
7.68878
7.852
7.68927
7.69088
7.68431
7.77318
7.85971
7.87236
7.84511
7.85397
7.8675
7.85399
7.68826
7.85496
7.59067
7.84943
7.86087
7.60198
7.86412
7.67779
7.85017
7.68999
7.59339
7.85583
7.58862
7.67175
7.85223
7.72061
7.69433
7.87928
7.84199
7.68567
7.69908
7.93943
7.86122
7.86287
7.86752
7.85301
7.69012
7.8523
7.68935
7.83679
7.85569
7.85319
7.87871
7.69661
7.85649
7.84898
7.84179
7.68595
7.87571
7.85447
7.71069
7.84892
7.79321
7.86269
7.77782
7.84967
7.85984
7.8692
7.85343
7.94578
7.94913
7.69531
7.87325
7.85491
7.85926
7.88273
7.84584
7.86463
7.8477
7.86273
7.85979
7.85537
7.85308
7.86871
7.68222
8.02877
7.94145
7.94837
7.88179
7.86295
7.85545
7.85846
7.96252
7.88081
7.95291
7.68573
7.93656
7.94657
7.85923
7.84777
7.94346
7.77158
7.86748
7.95372
7.95403
7.68541
7.89017
7.60629
7.86432
7.95346
7.87397
7.95724
7.69226
7.87292
7.94649
7.59853
7.67463
7.95289
7.95615
7.83732
8.02713
7.94289
7.85814
7.86923
5.53593
7.86784
7.88628
7.77904
7.95283
7.66126
7.86624
7.86743
7.96181
7.94467
