104.37
103.643
104.184
103.962
104.812
104.617
104.305
104.522
103.165
104.837
104.549
104.313
103.437
104.325
104.507
104.287
103.857
104.368
104.656
103.791
103.787
104.65
104.401
103.646
103.664
103.984
104.107
104.62
104.472
104.143
103.93
104.545
104.08
104.329
104.358
104.045
104.585
104.15
104.625
104.177
104.737
103.464
104.208
103.725
103.182
104.62
104.582
104.163
103.411
104.222
103.397
104.516
104.203
104.262
104.432
103.454
103.765
107.469
104.062
103.761
104.711
103.704
104.84
103.663
104.063
103.789
104.692
104.822
104.157
104.621
103.543
104.084
104.492
104.817
104.368
103.627
104.442
104.652
104.385
105.405
104.423
104.397
103.574
103.701
104.335
103.684
104.315
104.981
104.418
104.48
103.716
104.296
103.376
104.003
104.827
104.524
104.285
104.205
104.239
103.961
103.773
104.459
104.261
104.766
104.538
104.687
104.31
104.736
104.34
104.259
104.534
104.751
104.035
103.86
103.939
104.488
104.561
104.19
104.808
104.368
104.185
104.723
104.661
104.664
104.262
103.447
104.024
104.081
104.132
104.382
104.555
103.803
104.157
104.821
102.938
104.246
103.317
104.064
103.079
103.238
104.295
104.535
104.097
103.605
103.188
103.329
103.268
104.164
103.59
103.611
103.898
104.452
105.102
104.186
103.693
104.088
104.331
103.896
103.259
103.944
103.682
103.531
103.863
104.196
104.198
104.556
104.006
104.589
104.581
103.684
104.12
104.033
104.383
104.398
104.375
103.544
104.332
103.609
103.278
103.072
104.25
104.128
104.088
104.097
103.89
103.887
103.611
103.706
104.666
103.434
104.524
103.975
104.259
104.237
103.667
104.024
104.49
103.605
103.867
104.566
104.301
104.636
103.754
104.218
104.074
104.288
103.811
102.98
103.072
104.8
104.573
104.603
103.808
104.389
104.109
103.954
104.399
103.498
103.982
104.32
104.372
104.492
103.826
104.247
103.309
103.828
104.789
103.901
104.381
104.376
104.079
104.077
104.185
104.252
103.558
104.546
103.164
104.288
103.913
104.323
103.309
103.804
103.93
104.662
103.528
104.792
104.745
104.807
103.627
103.943
104.199
103.668
104.087
103.375
103.983
104.037
104.172
104.271
104.301
104.015
104.281
104.557
104.634
104.624
104.194
104.224
104.364
104.838
104.172
103.62
104.383
104.557
104.389
104.648
104.463
104.889
103.649
103.849
103.772
103.868
103.827
103.831
104.186
105.016
104.332
104.376
104.205
104.199
104.455
103.902
104.085
104.49
104.112
104.965
103.965
103.924
104.394
104.439
