4.69589
4.62363
4.65274
4.62929
4.63091
4.6269
4.62267
4.69592
4.81584
4.63007
4.65192
4.62994
4.69601
4.63139
4.61121
4.74199
4.56833
4.68942
4.62676
4.64088
4.63692
4.62914
4.62929
4.62869
4.58528
4.6356
4.60006
4.62814
4.55975
4.63
4.62855
4.62451
4.63009
4.62795
4.62254
4.62332
4.56888
4.56351
4.61963
4.61406
4.62683
4.70252
4.6951
4.56933
4.77209
4.63078
4.62267
4.7013
4.70109
4.6269
4.699
4.62383
4.59199
4.63202
4.57264
4.69886
4.62892
3.64581
4.69496
4.6269
4.64721
4.91472
4.57203
4.64069
4.62484
4.62705
4.62021
4.62349
4.64318
4.58684
4.69303
4.6256
4.62885
4.5588
4.63604
4.62699
4.57431
4.57431
4.69886
4.41093
4.56203
4.69574
4.63834
4.61957
4.70328
4.79093
4.65274
4.46931
4.59687
4.62746
4.5796
4.62737
4.70234
4.62906
4.5704
4.62498
4.62562
4.7473
4.58795
4.5516
4.84111
4.59087
4.63383
4.58293
4.60107
4.57966
4.6282
4.57032
4.62795
4.626
4.6226
4.58791
4.57463
4.56139
4.62481
4.59622
4.64789
4.68931
4.56203
4.62883
4.69183
4.63334
4.6809
4.55804
4.62717
4.77936
4.80046
4.84262
4.69558
4.56718
4.59913
4.59975
4.76159
4.5704
4.918
4.71356
4.79207
4.70625
4.91822
4.77913
4.57541
4.57217
4.70353
4.8355
4.81714
4.92102
4.69259
4.65307
4.6475
4.60916
4.69886
4.63095
4.56412
4.65325
4.71553
4.68019
4.60234
4.78109
4.70441
4.77546
4.71894
4.86976
4.71041
4.70552
4.69915
4.63823
4.70838
4.60928
4.63546
4.81904
4.7137
4.70157
4.72091
4.59353
4.71083
4.88053
4.7042
4.91472
4.91783
4.83119
4.75759
4.69998
4.70353
4.69784
4.75756
4.77357
4.80668
4.63753
4.65307
4.86501
4.60923
4.77458
4.60947
4.59854
4.70247
4.69929
4.56606
4.699
4.81202
4.64303
4.6906
4.57042
4.81568
4.70865
4.67845
4.65448
4.77668
4.82784
4.80758
4.5733
4.55673
4.67515
4.56812
4.57609
4.70824
4.70398
4.59745
4.88512
4.70787
4.70655
4.69404
4.56888
4.5704
4.59868
4.92312
4.58479
4.60151
4.76454
4.68944
4.69859
4.6971
4.782
4.69768
4.70261
4.71896
4.61023
4.88053
4.70809
4.71385
4.71582
4.70552
4.70326
4.81441
4.64947
4.6484
4.69719
4.57556
4.59384
4.69829
4.69811
4.59787
4.80894
4.70779
4.77254
4.57238
4.70563
4.64871
4.70867
4.70011
4.70962
4.70355
4.58891
4.53026
4.53165
4.77133
4.68141
4.69933
4.53274
4.78409
4.59923
4.70845
4.56152
4.67884
4.68433
4.58775
4.57026
4.56057
4.65479
4.56061
4.57798
4.77668
4.56929
4.65399
4.50095
4.56231
4.57431
4.66696
4.70042
4.69102
4.62795
4.58588
4.66384
4.56589
4.56689
4.80763
4.6114
4.6529
4.60396
