7.7953
7.8393
7.85637
7.82478
7.77737
7.8393
7.8393
7.81545
7.9357
7.9097
7.83564
7.82437
7.81178
7.92364
7.85637
7.86508
7.77397
7.84498
7.81504
7.82437
7.7633
7.90643
7.74661
7.76464
7.77397
7.89576
7.80611
7.85637
7.86405
7.75397
7.83504
7.81504
7.9051
7.89576
7.89704
7.8337
7.8562
7.89576
7.83104
7.90771
7.92504
7.93397
7.85637
7.82219
7.90771
7.89576
7.83604
7.77975
7.83604
7.9717
7.87019
7.91771
7.80352
7.84498
7.77397
7.75594
7.97303
7.89704
7.8877
7.91644
7.81504
7.87471
7.83887
7.86804
7.87471
7.86804
7.77397
7.7633
7.85564
7.89704
7.89704
7.80776
7.91644
7.93796
7.84498
7.89144
7.89663
7.82437
7.84498
7.92504
7.85637
7.92903
7.92903
7.89663
7.93031
7.81886
7.91663
7.90419
7.8282
7.98878
7.90596
7.8282
7.86134
7.91663
7.98444
7.98196
7.85497
7.91263
7.85564
7.92097
7.93598
7.83564
7.89353
8.00177
7.8393
7.95638
8.03544
7.97303
7.94971
8.06221
7.75331
7.97303
7.94572
7.77761
7.96629
7.96125
7.90771
8.05662
7.9153
7.87952
7.97303
7.82173
7.8593
7.94463
7.99277
7.90596
7.97303
7.79252
7.89663
7.94463
7.81878
7.84498
8.01602
8.03591
7.94961
7.99277
7.85412
7.96629
7.82473
7.93031
7.95734
7.88822
7.78115
7.80328
7.87907
7.98755
8.00535
7.84937
8.04611
7.9153
7.93095
8.03468
8.06231
7.86277
7.93397
7.9944
8.13994
8.07529
8.03295
7.88595
8.10062
7.99129
7.9153
8.00535
7.89704
7.82357
7.90378
7.80328
8.02622
8.06355
7.91353
8.06299
7.92482
7.91731
8.09468
7.9153
8.06355
7.94155
8.0162
7.94111
7.79395
7.94463
7.98196
7.79507
7.87705
7.92039
7.86595
7.91663
7.97303
8.01955
7.87578
7.99822
8.04207
7.99129
7.90596
8.02622
7.81351
7.96061
7.9153
7.97466
7.96857
7.94463
7.87201
7.92244
8.03178
7.94667
7.9153
8.06378
8.0231
7.90596
7.87528
7.93732
7.91663
8.01928
8.01928
7.98062
7.90771
7.91771
7.99129
7.91464
7.8796
7.93397
8.01198
7.99129
7.99129
7.84848
8.01928
7.96531
7.93796
8.03997
8.0777
7.98062
8.02329
7.96329
8.09194
8.06221
8.01928
7.9153
7.93796
7.99129
7.99129
8.01198
7.9859
8.06369
7.98929
8.06595
7.95638
7.89363
7.96329
7.9153
7.99822
8.06395
7.97845
7.93796
7.90771
7.99129
7.89663
7.98512
7.99541
8.07288
7.99129
7.91731
8.08664
8.02622
7.96531
7.92531
7.93557
8.01955
7.97862
7.93796
7.93796
7.95171
7.93557
7.99129
8.03178
7.91663
8.05086
8.05184
7.95864
8.04207
7.96531
7.93796
8.06355
7.99541
8.07263
7.9569
8.02622
7.90996
7.94463
7.97996
7.98929
8.00062
7.91663
8.01565
8.00516
8.00516
7.99822
7.97584
