8.70437
8.64803
8.68149
8.66927
8.61313
8.66927
8.67838
8.67628
8.61974
8.61152
8.65527
8.65923
8.64768
8.65683
8.608
8.60386
8.61976
8.66982
8.67721
8.72872
8.5677
8.58555
8.60346
8.66094
8.71574
8.66564
8.62822
8.69458
8.68149
8.72939
8.65048
8.71592
8.58528
8.63202
8.63307
8.62235
8.62252
8.67811
8.67715
8.62686
8.59786
8.63772
8.7489
8.71457
8.67321
8.67458
8.66992
8.62358
8.63493
8.71684
8.68149
8.72112
8.75438
8.63923
8.65235
8.65007
8.61789
8.72764
8.67611
8.61978
8.62686
8.65667
8.6393
8.62638
8.60571
8.60326
8.63586
8.56739
8.68245
8.73062
8.60577
8.63896
8.72112
8.67721
8.60121
8.6699
8.6644
8.72491
8.68149
8.60326
8.69886
8.67355
8.67892
8.61902
8.65909
8.71141
8.61546
8.71684
8.64642
8.72213
8.69513
8.66057
8.67581
8.65583
8.66326
8.72407
8.67458
8.67819
8.74167
8.62595
8.73445
8.66554
8.68407
8.65909
8.74994
8.70004
8.65397
8.72454
8.64014
8.68149
8.70816
8.66166
8.70515
8.6354
8.69163
8.63191
8.65556
8.61485
8.65528
8.78094
8.74294
8.61314
8.62252
8.73042
8.64805
8.68981
8.66329
8.65659
8.61354
8.69931
8.73092
8.64115
8.67611
8.62988
8.7139
8.67611
8.73091
8.64083
8.66239
8.79904
8.73561
8.80006
8.76537
8.68309
8.7467
8.67881
8.738
8.8867
8.67579
8.70858
8.76543
8.72545
8.61169
8.67819
8.66057
8.68911
8.81767
8.80926
8.72802
8.75354
8.65577
8.63894
8.73033
8.74397
8.76094
8.68407
8.69617
8.72556
8.65528
8.65131
8.63781
8.68056
8.65691
8.83146
8.65585
8.65372
8.66511
8.74109
8.71044
8.62356
8.65335
8.65628
8.64583
8.77783
8.66407
8.66002
8.72719
8.62131
8.62339
8.72034
8.72913
8.75097
8.71862
8.73042
8.65127
8.70731
8.66096
8.75243
8.74047
8.68149
8.72818
8.73424
8.66105
8.79254
8.87685
8.8283
8.67682
8.64253
8.63367
8.65149
8.63504
8.59162
8.67507
8.69163
8.63781
8.70063
8.83177
8.66063
8.69093
8.70484
8.68203
8.65979
8.6502
8.72614
8.69874
8.63463
8.67184
8.65936
8.69335
8.66096
8.66407
8.69258
8.62789
8.75657
8.72509
8.72368
8.67391
8.68405
8.71115
8.65979
8.70656
8.67434
8.74499
8.59467
8.65114
8.58218
8.65631
8.62381
8.71543
8.69963
8.78381
8.68793
8.64583
8.73031
8.72545
8.66888
8.88281
8.69682
8.71735
8.8838
8.69718
8.75911
8.82619
8.64871
8.67184
8.61169
8.68149
8.69488
8.62837
8.71631
8.83948
8.70274
8.71731
8.64123
8.61801
8.64116
8.80416
8.66166
8.6932
8.63186
8.66566
8.63004
8.64857
8.66632
8.58212
8.69104
8.78698
8.77348
8.64399
8.7049
8.66166
8.70136
8.70523
8.61009
8.72755
8.72453
8.72205
8.6392
