4774
4757
4739
4744
4768
4772
4871
4683
4743
4807
4772
4902
4804
4668
4872
4781
4802
4647
4700
4676
4625
4620
4804
4658
4691
4735
4676
4654
4787
4793
4607
4691
4812
4706
4651
4732
4731
4615
4616
4712
4607
4682
4685
4736
4695
4679
4594
4593
4653
4703
4595
4637
4664
4567
4620
4647
4661
4584
4582
4613
4664
4614
4494
4610
4636
4627
4529
4590
4582
4595
4523
4515
4571
4657
4549
4449
4391
4527
4621
4547
4544
4516
4567
4509
4529
4497
4526
4446
4553
4568
4514
4449
4542
4594
4555
4565
4511
4528
4536
4444
4484
4533
4593
4486
4485
4569
4593
4655
4546
4627
4590
4583
4576
4449
4636
4568
4592
4452
4527
4626
4602
4500
4553
4561
4535
4517
4470
4533
4510
4459
4524
4446
4537
4541
4497
4574
4598
4491
4550
4383
4523
4481
4513
4559
4436
4587
4392
4580
4466
4564
4412
4576
4576
4636
4551
4526
4475
4491
4513
4521
4660
4637
4698
4465
4517
4433
4608
4523
4606
4538
4541
4559
4470
4571
4663
4505
4506
4525
4404
4511
4498
4609
4538
4496
4552
4590
4645
4535
4641
4607
4495
4487
4656
4631
4603
4556
4533
4522
4606
4598
4622
4491
4604
4540
4628
4463
4623
4593
4594
4616
4587
4632
4675
4583
4576
4501
4676
4615
4630
4754
4446
4716
4586
4671
4681
4598
4677
4722
4708
4773
4695
4717
4689
4671
4671
4538
4696
4668
4547
4746
4651
4541
4661
4610
4559
4593
4724
4720
4629
4636
4632
4709
4714
4683
4704
4620
4650
4643
4667
4827
4729
4707
4714
4713
4677
4649
4690
4677
4636
4597
4676
4661
4677
4704
4666
4622
4757
4778
4580
4707
4769
4617
4815
4623
4671
4681
4886
4612
4778
4800
4603
4807
4681
4736
4707
4753
4680
4734
