9.15587
8.82162
9.04125
8.94016
9.18612
9.14881
9.04858
9.19069
8.84808
9.1926
9.14448
9.04857
8.82811
9.05253
9.06566
9.12397
8.82095
9.13103
9.16527
8.92608
8.84163
9.11772
9.04744
8.83413
8.82314
8.95151
8.93683
9.16414
9.04106
9.0294
8.91978
9.14734
8.93653
9.03772
9.04235
8.93721
9.05595
8.93909
9.14829
8.97268
9.14993
8.83845
9.12521
8.82628
8.8349
9.15635
9.13344
9.05357
8.81888
9.04536
8.83452
9.13996
9.02333
9.02399
9.02591
8.83762
8.85123
9.13893
9.04141
8.84892
9.17704
9.13649
9.15011
8.83472
8.93615
8.84974
9.14881
9.15775
9.02333
9.14204
8.83883
8.96048
9.13727
9.14949
9.04264
8.83045
9.0373
9.13659
9.15219
9.15189
9.03635
9.14881
8.82944
8.82208
9.12875
9.03294
9.04961
9.13441
9.04271
9.13246
8.82391
9.04112
8.82843
8.94632
9.15696
9.1451
9.04312
9.14074
9.02472
8.84057
9.12321
9.05978
9.0484
9.14773
9.13917
9.14029
9.04321
9.15973
9.04537
9.03865
9.13782
9.14923
8.92665
8.82266
8.93945
9.05707
9.14458
9.04595
9.13841
9.12748
9.11169
9.15996
9.19254
9.12692
9.0238
8.93473
9.12816
9.18514
9.03303
9.02872
9.13311
8.84572
9.13857
9.13723
8.92152
9.1192
8.92521
9.03543
8.94313
8.9191
9.02708
9.13524
9.10596
9.03853
8.91631
9.03361
8.81328
9.13844
8.84202
8.82651
9.03661
9.12832
9.21198
9.04044
8.93557
9.0413
9.10774
9.13987
8.81755
9.12228
8.93342
9.0277
9.01937
9.1292
9.13223
9.14803
9.0467
9.15153
9.13828
9.03189
9.05929
9.04086
9.16093
9.12787
9.14773
9.04988
9.13207
9.14698
9.02884
8.83573
9.15287
9.05762
9.04315
9.10658
9.04271
9.05556
9.03273
8.84273
9.16678
9.03096
9.132
9.13015
9.04089
9.02892
8.90974
9.04899
9.04249
8.93547
9.12728
9.15466
9.14043
9.13249
9.05555
9.16425
9.12931
9.15129
9.04275
8.81206
8.81679
9.14491
9.04668
9.15193
8.83234
9.03589
9.05048
9.02765
9.13249
9.04294
9.03586
9.15053
9.14334
9.04541
8.82811
9.03009
9.03868
8.8354
9.18027
9.05081
9.14751
9.13828
9.04294
9.14159
9.05923
9.15089
8.92693
9.1374
8.93789
9.13142
9.02978
9.13779
8.82465
8.96588
9.15232
9.14676
8.81114
9.22949
9.13213
9.153
8.9239
9.01789
9.04271
9.03435
9.04712
8.92406
8.91784
9.04044
9.13473
9.13301
9.14441
9.14468
9.13109
9.13789
9.13964
9.04516
9.15788
9.04723
9.14566
9.13967
9.14172
8.82295
9.24211
9.08132
9.15174
9.20143
9.03329
9.16519
8.83629
8.92548
8.82198
8.84016
9.04238
8.81882
9.02636
9.15033
8.9475
9.0294
9.11562
9.14013
9.14751
8.93724
8.93249
9.16137
8.94302
9.16971
9.14839
8.93748
9.12992
9.05292
