102.659
102.659
102.308
102.054
102.054
102.061
102.357
102.387
102.387
102.385
102.387
102.387
102.387
102.375
102.375
102.394
102.394
102.394
102.394
102.308
102.308
102.308
102.308
99.4519
99.4543
99.4543
99.457
99.457
100.645
100.645
100.645
100.645
100.349
100.349
100.349
100.349
99.368
99.368
99.368
99.368
99.368
99.368
99.368
99.368
99.368
99.368
99.368
99.368
99.368
99.2821
99.2821
99.2821
99.2821
99.2821
99.2821
99.2821
99.2821
99.2821
99.2821
99.2821
99.2821
99.2821
99.2821
99.2821
99.2821
99.2821
99.2821
99.2821
99.2821
99.2821
99.2821
99.2821
99.2821
99.2821
99.2821
99.2821
99.2821
99.2821
99.2821
99.2821
99.2821
99.2821
99.2821
99.2821
99.2821
99.2821
99.2821
99.2821
99.2821
99.2821
99.2821
99.2821
99.2821
99.2821
99.2821
99.2821
99.2821
99.2821
99.2821
99.2821
99.2821
99.2821
99.2821
99.2821
99.2772
99.2772
99.2772
99.2772
99.2772
99.2772
99.2746
99.2746
99.2746
99.2746
99.2746
99.2746
99.2746
99.2746
99.2746
99.2746
99.2746
99.2746
99.2746
99.2746
99.2746
99.2746
99.2746
99.2746
99.2746
99.2746
99.2746
99.2746
99.2746
99.2746
99.2746
99.2746
99.2746
99.2746
99.2746
99.2746
99.2746
99.2746
99.2746
99.2746
99.2746
99.2746
99.2746
99.2746
99.2746
99.2746
99.2746
99.2746
99.2746
99.2746
99.2746
99.2746
99.2746
99.2746
99.2746
98.9657
98.9657
98.9657
98.9657
98.9657
98.9657
98.9657
98.9657
98.9657
98.9657
98.9657
98.9657
98.9657
98.9657
98.9657
98.9657
98.9657
98.9657
98.9657
98.9657
98.9657
98.9657
98.9657
98.9657
98.9657
98.9657
98.9657
98.9657
98.9657
98.9657
98.9657
98.9657
98.9657
98.9657
98.9657
98.9657
98.9657
98.9657
98.9657
98.9657
98.9657
98.9657
98.9657
98.9657
98.9657
98.9657
98.9657
98.9657
98.9657
98.9657
98.9657
98.9657
98.9657
98.9657
98.9657
98.9657
98.9657
98.9657
98.9657
98.9657
98.9657
98.9657
98.9657
98.9657
98.9657
98.9657
98.9657
98.9657
98.9657
98.9657
98.9657
98.9657
98.9657
98.9657
98.9657
98.9657
98.9657
98.9657
98.9657
98.9657
98.9657
98.9657
98.9657
98.9657
98.8349
98.8349
98.8349
98.8349
98.8349
98.8349
98.8349
98.8349
98.8349
98.8349
98.8349
98.8349
98.8349
98.8349
98.8349
98.8349
98.8349
98.8349
98.8349
98.8349
98.8349
98.8349
98.8349
98.8349
98.8349
98.8349
98.8349
98.8349
98.8349
98.8349
98.8349
98.8349
98.8349
98.8349
98.8349
98.8349
98.8349
98.8349
98.8349
98.8349
98.8349
98.8349
98.8349
98.8349
98.8349
98.8349
98.8349
98.8349
98.8349
98.8349
