3.11081
3.11081
3.20547
3.30558
3.30558
3.30558
3.30558
3.31286
3.31286
3.31385
3.31385
3.31385
3.31385
3.31385
3.31385
3.31385
3.31385
3.31385
3.31385
3.31385
3.31385
3.31385
3.31385
4.44456
4.44456
4.44456
4.44456
4.44456
4.44456
4.44456
4.44456
4.44456
4.56152
4.56152
4.56152
4.56152
4.94712
4.94712
4.94712
4.94712
4.94712
4.94712
4.94712
4.94712
4.94712
4.94712
4.94712
4.94712
4.94712
4.94712
4.94712
4.94712
4.94712
4.94712
4.94712
4.94712
4.94712
4.94712
4.94712
4.94712
4.94712
4.94712
4.94712
4.94712
4.94712
4.94712
4.94712
4.94712
4.94712
4.94712
4.94712
4.94712
4.94712
4.94712
4.94712
4.94712
4.94712
4.94712
4.94712
4.94712
4.94712
4.94712
4.94712
4.94712
4.94712
4.94712
4.94712
4.94712
4.94712
4.94712
4.94712
4.94712
4.94712
4.94712
4.94712
4.94712
4.94712
4.94712
4.94712
4.94712
4.94712
4.94712
4.94712
4.94712
4.94907
4.94907
4.94907
4.94907
4.94907
4.94907
4.94907
4.94907
4.94907
4.94907
4.94907
4.94907
4.94907
4.94907
4.94907
4.94907
4.94907
4.94907
4.94907
4.94907
4.94907
4.94907
4.94907
4.94907
4.94907
4.94907
4.94907
4.94907
4.94907
4.94907
4.94907
4.94907
4.94907
4.94907
4.94907
4.94907
4.94907
4.94907
4.94907
4.94907
4.94907
4.94907
4.94907
4.94907
4.94907
4.94907
4.94907
4.94907
4.94907
4.94907
4.94907
4.94907
4.94907
4.94907
4.94907
5.0712
5.0712
5.0712
5.0712
5.0712
5.0712
5.0712
5.0712
5.0712
5.0712
5.0712
5.0712
5.0712
5.0712
5.0712
5.0712
5.0712
5.0712
5.0712
5.0712
5.0712
5.0712
5.0712
5.0712
5.0712
5.0712
5.0712
5.0712
5.0712
5.0712
5.0712
5.0712
5.0712
5.0712
5.0712
5.0712
5.0712
5.0712
5.0712
5.0712
5.0712
5.0712
5.0712
5.0712
5.0712
5.0712
5.0712
5.0712
5.0712
5.0712
5.0712
5.0712
5.0712
5.0712
5.0712
5.0712
5.0712
5.0712
5.0712
5.0712
5.0712
5.0712
5.0712
5.0712
5.0712
5.0712
5.0712
5.0712
5.0712
5.0712
5.0712
5.0712
5.0712
5.0712
5.0712
5.0712
5.0712
5.0712
5.0712
5.0712
5.0712
5.0712
5.0712
5.0712
5.12282
5.12282
5.12282
5.12282
5.12282
5.12282
5.12282
5.12282
5.12282
5.12282
5.12282
5.12282
5.12282
5.12282
5.12282
5.12282
5.12282
5.12282
5.12282
5.12282
5.12282
5.12282
5.12282
5.12282
5.12282
5.12282
5.12282
5.12282
5.12282
5.12282
5.12282
5.12282
5.12282
5.12282
5.12282
5.12282
5.12282
5.12282
5.12282
5.12282
5.12282
5.12282
5.12282
5.12282
5.12282
5.12282
5.12282
5.12282
5.12282
5.12282
