7.30781
7.39999
7.40781
7.44063
7.62969
7.62969
7.62969
7.62969
7.62969
7.62969
7.62969
7.62969
7.62969
7.62969
7.62969
7.62969
7.62969
7.62969
7.62969
7.62969
7.62969
7.62969
7.62969
7.62969
7.62969
7.62969
7.62969
7.62969
7.62969
7.62969
7.62969
7.62969
7.62969
7.62969
7.62969
7.62969
7.62969
7.62969
7.62969
7.62969
7.62969
7.62969
7.62969
7.62969
7.62969
7.62969
7.62969
7.62969
7.62969
7.62969
7.62969
7.62969
7.62969
7.62969
7.62969
7.62969
7.62969
7.62969
7.62969
7.62969
7.62969
7.62969
7.62969
7.62969
7.62969
7.62969
7.62969
7.62969
7.62969
7.62969
7.62969
7.62969
7.62969
7.62969
7.62969
7.62969
7.62969
7.62969
7.62969
7.62969
7.62969
7.67344
7.67344
7.67344
7.67344
7.77656
7.77656
7.77656
7.77656
7.77656
7.77656
7.77656
7.77656
7.77656
7.77656
7.77656
7.87656
7.87656
7.87656
7.87656
7.87656
7.87656
7.87656
7.87656
7.87656
7.87656
7.87656
7.87656
7.87656
7.87656
7.87656
7.87656
7.87656
7.87656
7.87656
7.87656
7.87656
7.87656
7.87656
7.87656
7.87656
7.87656
7.87656
7.87656
7.87656
7.87656
7.87656
7.87656
7.87656
7.87656
7.87656
7.87656
7.87656
7.87656
7.87656
7.87656
7.87656
7.87656
7.87656
7.87656
7.87656
7.87656
7.87656
7.87656
7.87656
7.87656
7.87656
7.87656
7.87656
7.87656
7.87656
7.87656
7.87656
7.87656
7.87656
7.87656
7.87656
7.87656
7.87656
7.87656
7.87656
7.87656
7.87656
7.87656
7.87656
7.87656
7.87656
7.87656
7.87656
7.87656
7.87656
7.87656
7.87656
7.87656
7.87656
7.87656
7.87656
7.87656
7.87656
7.87656
7.87656
7.87656
7.87656
7.87656
7.87656
7.87656
7.87656
7.87656
7.87656
7.87656
7.87656
7.87656
7.87656
7.87656
7.87656
7.87656
7.87656
7.87656
7.87656
7.87656
7.87656
7.87656
7.87656
7.87656
7.87656
7.87656
7.87656
7.87656
7.87656
7.87656
7.87656
7.87656
7.87656
7.87656
7.87656
7.87656
7.87656
7.87656
7.87656
7.87656
7.87656
7.87656
7.87656
7.87656
7.87656
7.87656
7.87656
7.87656
7.87656
7.87656
7.87656
7.87656
7.87656
7.87656
7.87656
7.87656
7.87656
7.87656
7.87656
7.87656
7.87656
7.87656
7.87656
7.87656
7.87656
7.87656
7.87656
7.87656
7.87656
7.87656
7.87656
7.87656
7.87656
7.87656
7.87656
7.87656
7.87656
7.87656
7.87656
7.87656
7.87656
7.87656
7.87656
7.87656
7.87656
7.87656
7.87656
7.87656
7.87656
7.87656
7.87656
7.87656
7.87656
7.87656
7.87656
7.87656
7.87656
7.87656
7.87656
7.87656
7.87656
7.87656
7.87656
7.87656
7.87656
7.87656
7.87656
7.87656
7.87656
7.87656
7.87656
7.87656
7.87656
