10.7437
10.7437
10.8445
10.8454
10.8454
10.8454
10.8454
10.8454
10.8454
10.8454
10.8454
10.8454
10.8454
10.856
10.856
10.856
10.856
10.856
10.856
10.935
10.935
10.935
10.935
10.935
10.935
10.935
10.935
10.935
10.935
10.935
10.935
10.935
10.935
10.935
10.935
10.935
10.935
10.935
10.935
10.935
10.935
10.935
10.935
10.935
10.935
10.935
10.935
10.935
10.935
11.038
11.038
11.038
11.038
11.038
11.038
11.038
11.038
11.038
11.038
11.038
11.038
11.038
11.038
11.038
11.038
11.038
11.038
11.038
11.038
11.038
11.038
11.038
11.038
11.038
11.038
11.038
11.038
11.038
11.038
11.038
11.038
11.038
11.038
11.038
11.038
11.038
11.038
11.038
11.038
11.038
11.038
11.038
11.038
11.038
11.038
11.038
11.038
11.038
11.038
11.038
11.038
11.038
11.038
11.038
11.038
11.038
11.038
11.038
11.038
11.038
11.0411
11.0411
11.0411
11.0411
11.0411
11.0411
11.0411
11.0411
11.0411
11.0411
11.0411
11.0411
11.0411
11.0411
11.0411
11.0411
11.0411
11.0411
11.0411
11.0411
11.0411
11.0411
11.0411
11.0411
11.0411
11.0411
11.0411
11.0411
11.0411
11.0411
11.0411
11.0411
11.0411
11.0411
11.0411
11.0411
11.0411
11.0411
11.0411
11.0411
11.0411
11.0411
11.0411
11.0411
11.0411
11.0411
11.0411
11.0411
11.0411
11.0411
11.0411
11.0411
11.0411
11.0411
11.0411
11.0411
11.0411
11.0411
11.0411
11.0411
11.0411
11.0411
11.0411
11.0411
11.0411
11.0411
11.0411
11.0411
11.0411
11.0411
11.0411
11.0411
11.0411
11.0411
11.0411
11.0411
11.0411
11.0411
11.0411
11.0411
11.0411
11.0411
11.0411
11.0411
11.0411
11.0411
11.0411
11.0411
11.0411
11.0411
11.0411
11.0411
11.0411
11.0411
11.0411
11.0411
11.0411
11.0411
11.0411
11.0411
11.0411
11.0411
11.0411
11.0411
11.0411
11.0411
11.0411
11.0411
11.0411
11.0411
11.0411
11.0411
11.0411
11.0411
11.0411
11.0411
11.0411
11.0411
11.0411
11.0411
11.0411
11.0411
11.0411
11.0411
11.0411
11.0411
11.0411
11.0411
11.0411
11.0411
11.0411
11.0411
11.0411
11.0411
11.0411
11.0411
11.0411
11.0411
11.0411
11.0411
11.0411
11.0411
11.0411
11.0411
11.0411
11.0411
11.0411
11.0411
11.0411
11.0411
11.0411
11.0411
11.0411
11.0411
11.0411
11.0411
11.0411
11.0411
11.0411
11.0411
11.0411
11.0411
11.0411
11.0411
11.0411
11.0411
11.0411
11.0411
11.0411
11.0411
11.0411
11.0411
11.0411
11.0411
11.0411
11.0411
11.0411
11.0411
11.0411
11.0411
11.0411
11.0411
11.0411
