4291
4315
4386
4382
4362
4450
4467
4580
4430
4295
4389
4406
4198
4510
4370
5305
5007
4421
4230
4351
4234
4592
4803
4880
4657
4857
4843
4834
4669
4835
4864
4813
4754
4947
4952
4802
4951
4849
4726
4703
4715
4984
4662
4830
4792
4565
4691
4618
4653
4482
4541
4738
4709
4504
4696
4537
4761
4724
4797
4504
4846
4666
4740
4666
4770
4715
4609
4640
4905
4697
4829
4622
4409
4662
4417
4647
4622
4904
4803
4616
4874
5137
4787
4927
5000
4837
4868
4969
4806
4851
4665
4771
4859
4909
4958
4778
4843
4866
4762
4888
4755
4741
4723
4766
4683
4810
4688
4631
4821
4639
4757
4531
4553
4645
4590
4603
4685
4656
4481
4433
4572
4699
4648
4587
4503
4540
4408
4501
4487
4646
4662
4251
4077
4990
4463
4796
4488
4188
4756
4205
4077
4223
3818
4680
4290
4838
3962
4130
4062
4301
4260
4166
5024
4030
4439
4370
4611
4621
4617
4752
4622
4617
4825
4500
4664
4775
4902
4713
4846
4869
4672
4705
4774
4783
4618
4831
4645
5926
4843
4853
4777
5006
4997
4876
4930
5035
4961
5154
4956
4971
4950
4904
5060
5175
5119
5095
5155
5123
5135
5074
5136
5066
5012
5185
5152
5236
5189
5128
5351
5399
5257
5313
5287
5173
5253
5228
5177
5400
5058
5170
5118
5348
5267
5226
5075
5398
5052
5289
5136
5432
4809
5074
5133
5043
5179
5090
5166
5246
5091
5307
5292
5232
5263
5122
5212
5217
5045
5059
4895
4802
4736
4849
4806
4845
4993
4897
4922
4857
4859
4697
4570
5005
4864
4632
4696
4761
4664
4667
4744
4615
4722
4782
4789
4780
4399
4592
4809
4768
4554
4834
4629
4651
4433
4665
4655
4652
4643
4735
4814
4535
4719
4562
4730
