7.93722
7.93722
7.93762
7.93762
7.93762
7.94026
8.05771
8.07687
8.07687
8.07687
8.0777
8.0777
8.0777
8.0777
8.0777
8.08502
8.08502
8.08502
8.08502
8.08544
8.08544
8.08544
8.08544
8.08544
8.0864
8.0864
8.08748
8.08748
8.55512
8.55512
8.55512
8.55512
8.55512
8.55512
8.55512
8.55512
8.55512
8.55512
8.55512
8.55512
8.55512
8.55512
8.55512
8.55512
8.55512
8.55512
8.55512
8.55512
8.55512
8.55512
8.55512
8.55512
8.55512
8.55512
8.55512
8.55512
8.55512
8.55512
8.55512
8.55512
8.55512
8.55512
8.55512
8.55512
8.55512
8.55512
8.55512
8.55512
8.55512
8.55512
8.55512
8.55512
8.55512
8.55512
8.55512
8.55512
8.55512
8.55512
8.55512
8.55512
8.55512
8.55512
8.55512
8.55512
8.55512
8.55512
8.55512
8.55512
8.55512
8.55512
8.55512
8.55512
8.55512
8.55512
8.55512
8.55512
8.55512
8.55512
8.55512
8.55512
8.55512
8.55512
8.55512
8.55512
8.55512
8.55512
8.55512
8.55512
8.55512
8.55512
8.55512
8.55512
8.55512
8.55512
8.55512
8.55512
8.55512
8.55512
8.55512
8.55512
8.55512
8.55512
8.55512
8.55512
8.55512
8.55512
8.55512
8.55512
8.55512
8.55512
8.55512
8.55512
8.55512
8.55512
8.55512
8.55512
8.55512
8.55512
8.55512
8.55512
8.55512
8.55512
8.55512
8.55512
8.55512
8.55512
8.55512
8.55512
8.55512
8.55512
8.55512
8.55512
8.55512
8.55512
8.55512
8.55512
8.55512
8.55512
8.55512
8.55512
8.55512
8.55512
8.55512
8.55512
8.55512
8.55512
8.55512
8.55512
8.55512
8.55512
8.55512
8.55512
8.55512
8.55512
8.55512
8.55512
8.55512
8.55512
8.55512
8.55512
8.55512
8.55512
8.55512
8.55512
8.55512
8.55512
8.55512
8.55512
8.55512
8.55512
8.55512
8.55512
8.55512
8.55512
8.55512
8.55512
8.55512
8.55512
8.55512
8.55512
8.55512
8.55512
8.55512
8.55512
8.55512
8.55512
8.55512
8.55512
8.55512
8.55512
8.55512
8.55512
8.55512
8.55512
8.55512
8.55512
8.55512
8.55512
8.55512
8.55512
8.55512
8.55512
8.55512
8.55512
8.55512
8.55512
8.55512
8.55512
8.55512
8.55512
8.55512
8.55512
8.55512
8.55512
8.55512
8.55512
8.55512
8.55512
8.55512
8.55512
8.55512
8.55512
8.55512
8.55512
8.55512
8.55512
8.55512
8.55512
8.55512
8.55512
8.55512
8.55512
8.55512
8.55512
8.55512
8.55512
8.55512
8.55512
8.55512
8.55512
8.55512
8.55512
8.55512
8.55512
8.55512
8.55512
8.55512
8.55512
8.55512
8.55512
8.55512
8.55512
8.55512
8.55512
8.55512
8.55512
8.55512
8.55512
8.55512
8.55512
8.55512
8.55512
8.55512
8.55512
8.55512
8.55512
8.55512
8.55512
8.55512
8.55512
8.55512
8.55512
8.55512
