98.3696
65.4999
65.5215
65.5215
65.5215
65.5275
65.5275
65.5275
65.5275
67.606
67.606
67.606
67.606
67.5966
67.5966
67.5966
67.5966
67.6174
67.6174
67.6174
67.6174
67.6174
67.9911
67.9911
67.9911
67.9911
67.9911
67.9911
67.9911
67.9911
67.9911
67.9911
67.9911
67.9911
67.9911
67.9941
67.9941
67.9941
67.9941
67.9941
67.9941
67.9941
67.9941
67.9941
67.9941
67.9941
67.9941
67.9941
68.0146
68.0146
68.0175
68.0175
68.0409
68.0409
68.0409
68.0409
68.0409
68.0409
68.0409
68.1532
68.1763
68.1763
68.1763
68.1763
68.1763
68.1763
68.8809
68.9078
68.9078
68.9078
68.9078
68.9078
68.9078
68.9078
68.9078
68.9078
68.9078
68.9078
68.9078
68.9078
68.9078
68.9078
68.9078
68.9078
68.9078
68.9078
68.9078
68.9078
68.9078
68.9078
68.9078
68.9078
68.9078
68.9078
68.9078
68.9078
68.9078
68.9078
68.9078
68.9078
68.9137
68.9137
68.9137
68.9137
68.9137
68.8783
68.8783
68.8783
68.8783
68.8783
68.8783
68.8783
68.8783
68.8783
68.8783
68.8783
68.8783
68.8783
68.8783
68.8783
68.8783
68.8783
68.8783
68.8783
68.8783
68.8783
68.8783
68.8783
68.8783
68.8783
68.8783
68.8783
68.8783
68.8783
68.8783
68.8783
68.8783
68.8783
68.8783
68.8783
68.8783
68.8783
68.8783
68.8783
68.8783
68.8783
68.8783
68.8783
68.8783
68.8783
68.8783
68.8783
68.8783
68.8783
68.8783
68.8783
68.8783
68.8783
68.8783
68.8783
68.8783
68.8783
68.8783
68.8783
68.8783
68.8783
68.8783
68.8783
68.8783
68.8783
68.8783
68.8783
68.8783
68.8783
68.8783
68.8783
68.8783
68.8783
68.8783
68.8783
68.8783
68.8783
68.8783
68.8783
68.8783
68.8783
68.8783
68.8783
68.8783
68.8783
68.8783
68.8783
68.8783
68.8783
68.8783
68.8783
68.8783
68.8783
68.8783
68.8783
68.8783
68.8783
68.8783
68.8783
68.8783
68.8783
68.8783
68.8783
68.8783
68.8783
68.8783
68.8783
68.8783
68.8783
68.8783
68.8783
68.8783
68.8783
68.8783
68.8783
68.8783
68.8783
68.8783
68.8783
68.8783
68.8783
68.8783
68.8783
68.8783
68.8783
68.8783
68.8783
68.8783
68.8783
68.8783
68.8783
68.8783
68.8783
68.8783
68.8783
68.8783
68.8783
68.8783
68.8783
68.8783
68.8783
68.8783
68.8783
68.8783
68.8783
68.8783
68.8783
68.8783
68.8783
68.8783
68.8783
68.8783
68.8783
68.8783
68.8783
68.8783
68.8783
68.8783
68.8783
68.8783
68.8783
68.8783
68.8783
68.8783
68.8783
68.8783
68.8783
68.8783
68.8783
68.8783
68.8783
68.8783
68.8783
68.8783
68.8783
68.8783
68.8783
68.8783
68.8783
68.8783
68.8783
68.8783
68.8783
68.8783
68.8783
68.8783
68.8783
