6.57228
36.9692
37.0524
37.0524
37.0524
37.0524
37.0524
37.0524
37.0524
37.0524
37.0524
37.0524
37.0524
37.0652
37.0652
37.0652
37.0652
37.0652
37.0652
37.0652
37.0652
37.0652
37.0652
37.0652
37.0652
37.0652
37.0652
37.0652
37.0652
37.0652
37.0652
37.0652
37.0652
37.0652
37.0652
37.0652
37.0652
37.0652
37.0652
37.0652
37.0652
37.0652
37.0652
37.0652
37.0652
37.0652
37.0652
37.0652
37.0652
37.0652
37.0652
37.0652
37.0652
37.0652
37.0652
37.0652
37.0652
37.0652
37.0652
37.0652
37.0652
37.0652
37.0652
37.0652
37.0652
37.0652
37.2583
37.2583
37.2583
37.2583
37.2583
37.2583
37.2583
37.2583
37.2583
37.2583
37.2583
37.2583
37.2583
37.2583
37.2583
37.2583
37.2583
37.2583
37.2583
37.2583
37.2583
37.2583
37.2583
37.2583
37.2583
37.2583
37.2583
37.2583
37.2583
37.2583
37.2583
37.2583
37.2583
37.2583
37.2583
37.2583
37.2583
37.2583
37.2583
37.3087
37.3087
37.3087
37.3087
37.3087
37.3087
37.3087
37.3087
37.3087
37.3087
37.3087
37.3087
37.3087
37.3087
37.3087
37.3087
37.3087
37.3087
37.3087
37.3087
37.3087
37.3087
37.3087
37.3087
37.3087
37.3087
37.3087
37.3087
37.3087
37.3087
37.3087
37.3087
37.3087
37.3087
37.3087
37.3087
37.3087
37.3087
37.3087
37.3087
37.3087
37.3087
37.3087
37.3087
37.3087
37.3087
37.3087
37.3087
37.3087
37.3087
37.3087
37.3087
37.3087
37.3087
37.3087
37.3087
37.3087
37.3087
37.3087
37.3087
37.3087
37.3087
37.3087
37.3087
37.3087
37.3087
37.3087
37.3087
37.3087
37.3087
37.3087
37.3087
37.3087
37.3087
37.3087
37.3087
37.3087
37.3087
37.3087
37.3087
37.3087
37.3087
37.3087
37.3087
37.3087
37.3087
37.3087
37.3087
37.3087
37.3087
37.3087
37.3087
37.3087
37.3087
37.3087
37.3087
37.3087
37.3087
37.3087
37.3087
37.3087
37.3087
37.3087
37.3087
37.3087
37.3087
37.3087
37.3087
37.3087
37.3087
37.3087
37.3087
37.3087
37.3087
37.3087
37.3087
37.3087
37.3087
37.3087
37.3087
37.3087
37.3087
37.3087
37.3087
37.3087
37.3087
37.3087
37.3087
37.3087
37.3087
37.3087
37.3087
37.3087
37.3087
37.3087
37.3087
37.3087
37.3087
37.3087
37.3087
37.3087
37.3087
37.3087
37.3087
37.3087
37.3087
37.3087
37.3087
37.3087
37.3087
37.3087
37.3087
37.3087
37.3087
37.3087
37.3087
37.3087
37.3087
37.3087
37.3087
37.3087
37.3087
37.3087
37.3087
37.3087
37.3087
37.3087
37.3087
37.3087
37.3087
37.3087
37.3087
37.3087
37.3087
37.3087
37.3087
37.3087
37.3087
37.3087
37.3087
37.3087
37.3087
37.3087
37.3087
37.3087
37.3087
37.3087
