6.29844
38.9359
38.9359
39.3
39.3
39.4625
39.4625
39.4984
39.4984
39.4984
39.4984
39.4984
39.4984
39.725
39.725
39.725
39.725
39.725
39.725
39.725
39.725
39.725
39.725
39.725
39.725
39.725
39.725
39.725
39.725
39.725
39.725
39.725
39.725
40.0047
40.0047
40.0047
40.0047
40.0047
40.0047
40.0047
40.0047
40.0047
40.0047
40.0047
40.0719
40.0719
40.0719
40.0719
40.0719
40.0719
40.0719
40.0719
40.0719
40.0719
40.0719
40.0719
40.0719
40.0719
40.5328
40.5328
40.5328
40.5328
40.5328
40.5328
40.5328
40.5328
40.5328
40.5328
40.5328
40.5328
40.5328
40.5328
40.5328
40.5328
40.6781
40.6781
40.6781
40.6781
40.6781
40.6781
40.6781
40.6781
40.6781
40.6781
40.6781
40.6781
40.6781
40.6781
40.6781
40.6781
40.6781
40.6781
40.6781
40.6781
40.6781
40.6781
40.6781
40.6781
40.6781
40.6781
40.6781
40.6781
40.6781
40.6781
40.6781
40.6781
40.6781
40.6781
40.6781
40.6781
40.6781
40.6781
40.6781
40.6781
40.6781
40.6781
40.6781
40.6781
40.6781
40.6781
40.6781
40.6781
40.6781
40.6781
40.6781
40.6781
40.6781
40.6781
40.6781
40.6781
40.6781
40.6781
40.6781
40.6781
40.6781
40.6781
40.6781
40.6781
40.6781
40.6781
40.6781
40.6781
40.6781
40.6781
40.7078
40.7078
40.7078
40.7078
40.7078
40.7078
40.7078
40.7078
40.7078
40.7078
40.7078
40.7078
40.7078
40.8156
40.8156
40.8156
40.8156
40.8156
40.8156
40.8156
40.8156
40.8156
40.8156
40.8156
40.8156
40.8156
40.8156
40.8156
40.8156
40.8156
40.8156
40.8156
40.8156
40.8156
40.8156
40.8156
40.8156
40.8156
40.8156
40.8156
40.8156
40.8156
40.8156
40.8156
40.8156
40.8156
40.8156
40.8156
40.8156
40.8156
40.8156
40.8156
40.8156
40.8156
40.8156
40.8156
40.8156
40.8156
40.8156
40.8156
40.8156
40.8156
40.8156
40.8156
40.8156
40.8156
40.8156
40.8156
40.8156
40.8156
40.8156
40.8156
40.8156
40.8156
40.8156
40.8156
40.8156
40.8156
40.8156
40.8156
40.8156
40.8156
40.8156
40.8156
40.8156
40.8156
40.8156
40.8156
40.8156
40.8156
40.8156
40.8156
40.8156
40.8156
40.8156
40.8156
40.8156
40.8156
40.8156
40.8156
40.8156
40.8156
40.8156
40.8156
40.8156
40.8156
40.8156
40.8156
40.8156
40.8156
40.8156
40.8156
40.8156
40.8156
40.8156
40.8156
40.8156
40.8156
40.8156
40.8156
40.8156
40.8156
40.8156
40.8156
40.8156
40.8156
40.8156
40.8156
40.8156
40.8156
40.8156
40.8156
40.8156
40.8156
40.8156
40.8156
40.8156
40.8156
40.8156
40.8156
40.8156
40.8156
40.8156
40.8156
40.8156
40.8156
40.8156
40.8156
