6.43595
30.9822
30.9822
30.9822
30.9822
30.9822
30.9822
30.9822
30.9822
33.7463
33.7463
33.7463
33.7463
33.7463
33.7463
33.7463
33.7463
33.7812
33.7812
33.7812
33.7812
33.7812
33.7812
33.7812
33.7812
33.7812
33.7812
33.7812
33.7812
33.7812
33.7812
33.7812
33.7812
33.7812
33.7812
33.7861
33.7861
33.7861
33.7861
33.7861
33.7861
33.7861
33.7861
33.7861
33.7861
33.7861
33.7861
33.7861
33.821
33.821
33.826
33.826
33.8658
33.8658
33.8658
33.8658
33.8658
33.8658
33.8658
34.058
34.0979
34.0979
34.0979
34.0979
34.0979
34.0979
35.6014
35.6512
35.6512
35.6512
35.6512
35.6512
35.6512
35.6512
35.6512
35.6512
35.6512
35.6512
35.6512
35.6512
35.6512
35.6512
35.6512
35.6512
35.6512
35.6512
35.6512
35.6512
35.6512
35.6512
35.6512
35.6512
35.6512
35.6512
35.6512
35.6512
35.6512
35.6512
35.6512
35.6512
35.6512
35.6512
35.6512
35.6512
35.6512
35.6512
35.6512
35.6512
35.6512
35.6512
35.6512
35.6512
35.6512
35.6512
35.6512
35.6512
35.6512
35.6512
35.6512
35.6512
35.6512
35.6512
35.6512
35.6512
35.6512
35.6512
35.6512
35.6512
35.6512
35.6512
35.6512
35.6512
35.6512
35.6512
35.6512
35.6512
35.6512
35.6512
35.6512
35.6512
35.6512
35.6512
35.6512
35.6512
35.6512
35.6512
35.6512
35.6512
35.6512
35.6512
35.6512
35.6512
35.6512
35.6512
35.6512
35.6512
35.6512
35.6512
35.6512
35.6512
35.6512
35.6512
35.6512
35.6512
35.6512
35.6512
35.6512
35.6512
35.6512
35.6512
35.6512
35.6512
35.6512
35.6512
35.6512
35.6512
35.6512
35.6512
35.6512
35.6512
35.6512
35.6512
35.6512
35.6512
35.6512
35.6512
35.6512
35.6512
35.6512
35.6512
35.6512
35.6512
35.6512
35.6512
35.6512
35.6512
35.6512
35.6512
35.6512
35.6512
35.6512
35.6512
35.6512
35.6512
35.6512
35.6512
35.6512
35.6512
35.6512
35.6512
35.6512
35.6512
35.6512
35.6512
35.6512
35.6512
35.6512
35.6512
35.6512
35.6512
35.6512
35.6512
35.6512
35.6512
35.6512
35.6512
35.6512
35.6512
35.6512
35.6512
35.6512
35.6512
35.6512
35.6512
35.6512
35.6512
35.6512
35.6512
35.6512
35.6512
35.6512
35.6512
35.6512
35.6512
35.6512
35.6512
35.6512
35.6512
35.6512
35.6512
35.6512
35.6512
35.6512
35.6512
35.6512
35.6512
35.6512
35.6512
35.6512
35.6512
35.6512
35.6512
35.6512
35.6512
35.6512
35.6512
35.6512
35.6512
35.6512
35.6512
35.6512
35.6512
35.6512
35.6512
35.6512
35.6512
35.6512
35.6512
35.6512
35.6512
35.6512
35.6512
35.6512
35.6512
35.6512
35.6512
35.6512
35.6512
35.6512
35.6512
35.6512
35.6512
