4575
4815
2618
2605
2617
2236
2260
2274
2640
2495
2641
2873
5093
2812
2730
2433
2754
3278
5048
3177
3051
3115
2987
3355
3452
3329
3067
3134
3144
3060
3289
2993
3477
3075
3376
3258
3358
3329
3357
2673
3443
3078
3217
3290
3454
3181
3146
3193
3404
3480
3440
3270
3170
3097
5153
3100
3205
3190
3079
3118
3274
5354
2996
3240
5422
3182
3141
3248
3269
3339
3302
2933
3318
3141
3285
3233
3093
3348
2800
3038
3259
2738
4859
3109
2838
2671
4806
2965
5360
3006
3271
3270
3213
2628
3147
3156
3194
3279
3145
5346
3188
3249
3477
3246
2807
3401
3142
3156
3022
3362
3126
3033
3052
2957
3042
3085
3222
2988
2911
3256
3072
2769
3188
3147
2668
3238
3255
3010
3212
3082
3123
2975
3151
3230
3211
3262
3181
3247
3279
3233
2717
3245
3125
3077
3052
5274
3005
3133
3165
3133
2971
3115
3129
5279
2974
3128
3185
3209
2896
3065
2945
2814
2927
2973
2724
3043
2879
3182
2826
2943
2821
5294
2876
2791
3038
3073
2756
4900
4988
2927
2786
2624
3050
2976
2547
2847
2874
2840
2611
2646
2671
4627
3062
2647
2780
4623
4463
2875
2245
2148
2576
2632
2301
2588
2651
2639
4579
4800
2531
2564
3028
2533
2547
2283
2276
2546
4612
2187
2578
2189
2575
4596
2430
2623
2784
2288
5027
2378
4580
4641
2596
4915
2797
2726
2707
2790
5454
2858
2713
2752
2830
2706
2908
2724
2931
2817
4540
2653
4567
4805
3029
2770
2811
2904
4853
4859
4673
4714
2636
2658
2677
2783
2899
2791
2930
2819
4538
2938
4991
2549
2738
2602
2901
2663
2865
2641
2948
2871
2871
2699
2915
2837
2538
2797
2943
2858
2863
2882
2827
2912
2994
2942
