8.46606
8.73026
8.84164
8.84164
8.84164
8.84944
8.84944
8.84944
8.84954
9.24211
9.24211
9.24211
9.24211
9.24211
9.24211
9.24211
9.24211
9.24211
9.24211
9.24211
9.24211
9.24211
9.75614
9.75614
9.75614
9.75614
9.75614
9.75614
9.75614
9.75614
9.75614
9.75614
9.75614
9.75614
9.75614
9.75614
9.75614
9.75614
9.75614
9.75614
9.75614
9.75614
9.75614
9.75614
9.75614
9.75614
9.75614
9.75614
9.75614
9.75614
9.75614
9.75614
9.75614
9.75614
9.75614
9.75614
9.75614
9.75614
9.75614
9.75614
9.75614
9.75614
9.75614
9.75614
9.75614
9.75614
9.75614
9.75614
9.75614
9.75614
9.75614
9.75614
9.75614
9.75614
9.75614
9.75614
9.75614
9.75614
9.75614
9.75614
9.75614
9.75614
9.75614
9.75614
9.75614
9.75614
9.75614
9.75614
9.75614
9.75614
9.75614
9.75614
9.75614
9.75614
9.75614
9.75614
9.75614
9.75614
9.75614
9.75614
9.76446
9.76446
9.76446
9.76446
9.76446
9.76446
9.76446
9.76446
9.76446
9.76446
9.76446
9.76446
9.76446
9.76446
9.76446
9.76446
9.76446
9.76446
9.76446
9.76446
9.76446
9.76446
9.76446
9.76446
9.76446
9.76446
9.76446
9.76446
9.76446
9.76446
9.76446
9.76446
9.76446
9.76446
9.76446
9.76446
9.76446
9.76446
9.76446
9.76446
9.76446
9.76446
9.76446
9.76446
9.76446
9.76446
9.76446
9.76446
9.76446
9.76446
9.76446
9.76446
9.76446
9.76446
9.76446
9.76446
9.76446
9.76446
9.76446
9.76446
9.76446
9.76446
9.76446
9.76446
9.76446
9.76446
9.76446
9.76446
9.76446
9.76446
9.76446
9.76446
9.76446
9.76446
9.76446
9.76446
9.76446
9.76446
9.76446
9.76446
9.76446
9.76446
9.76446
9.76446
9.76446
9.76446
9.76446
9.76446
9.76446
9.76446
9.76446
9.76446
9.76446
9.76446
9.76446
9.76446
9.76446
9.76446
9.76446
9.76446
9.76446
9.76446
9.76446
9.76446
9.76446
9.76446
9.76446
9.76446
9.76446
9.76446
9.76446
9.76446
9.76446
9.76446
9.76446
9.76446
9.76446
9.76446
9.76446
9.76446
9.76446
9.76446
9.76446
9.76446
9.76446
9.76446
9.76446
9.76446
9.76446
9.76446
9.76446
9.76446
9.76446
9.76446
9.76446
9.76446
9.76446
9.76446
9.76446
9.76446
9.76446
9.76446
9.76446
9.76446
9.76446
9.76446
9.76446
9.76446
9.76446
9.76446
9.76446
9.76446
9.76446
9.76446
9.76446
9.76446
9.76446
9.76446
9.76446
9.76446
9.76446
9.76446
9.76446
9.76446
9.76446
9.76446
9.76446
9.76446
9.76446
9.76446
9.76446
9.76446
9.76446
9.76446
9.76446
9.76446
9.76446
9.76446
9.76446
9.76446
9.76446
9.76446
9.76446
9.76446
9.76446
9.76446
9.76446
9.76446
9.76446
9.76446
9.76446
9.76446
