93.3112
90
90
90
90
93.1799
90
94.8975
90
96.7436
98.8292
95.8996
95.6992
90
90
93.5588
90
90
98.7055
90
90
95.0674
90
94.7647
97.3505
98.0448
90
96.8932
99.0957
92.7645
90
92.7814
95.7338
90
96.8514
95.713
99.51
90
95.8099
96.633
90
95.4214
96.5477
90
90
90
90
90
95.8149
97.4865
97.9161
97.4433
90
96.3049
90
90
90
90
90
87.2892
90
90
90
90
96.0814
90
93.4888
90
90
90
90
90
90
90
90
90
92.8693
92.452
97.0051
90
92.65
90
90
90
93.4937
98.768
90
90
92.824
90
90
93.0014
90
90
90
90
93.063
90
90
90
92.8301
90
90
93.4487
90
95.0562
92.6612
90
93.431
90
93.0385
93.164
92.8471
90
98.7871
90
93.0474
90
90
92.8299
90
92.8446
90
94.7216
96.9513
93.168
90
93.5386
94.5877
97.6234
90
90
93.3538
93.6934
96.4939
86.8256
95.7075
90
93.5466
92.7921
99.7544
90
94.7461
94.0206
97.5475
90
96.6354
93.4457
90
90
97.9053
90
93.3766
90
92.7946
86.7477
97.1527
98.3779
90
93.6442
94.0078
90
98.0796
90
93.8906
94.0658
90
90
90
93.8064
90
90
96.3916
90
90
90
98.7947
97.32
94.4439
90
90
90
95.4363
96.4745
92.8807
93.9147
90
90
90
97.617
94.007
90
90
94.5031
90
90
90
92.5457
98.7111
90
90
90
90
95.1693
90
90
90
90
93.2479
93.3351
90
90
90
90
90
93.3946
96.7447
90
90
98.3921
90
90
90
90
90
90
90
90
90
90
90
90
90
90
92.5453
90
92.6927
90
90
90
90
90
90
90
90
90
90
90
90
90
95.6668
90
90
90
90
90
96.3957
90
90
90
90
90
92.7059
90
98.494
90
90
90
92.9143
90
90
90
90
90
94.8839
90
90
90
90
90
90
90
90
90
90
94.8153
90
90
90
93.0507
90
95.7698
90
95.6212
90
90
94.5667
93.5554
94.1877
