2.86645
3.55074
3.71681
3.39913
3.29142
2.46298
3.56409
2.44101
2.9959
1.47606
0.987557
1.62951
2.18042
3.68612
3.90423
3.00197
3.87049
3.40202
0.974086
3.55945
3.30449
1.72207
2.86021
1.11427
1.68719
1.06787
3.68593
0.83198
0.844298
3.28487
3.01506
3.00411
1.06181
3.27921
1.47202
2.23182
0.554257
2.8738
1.32329
0.913017
3.79552
2.09594
0.845324
3.63952
3.68412
3.63819
3.17234
4.33697
1.43021
1.15881
1.02318
0.423817
4.19477
1.0022
4.47845
3.41086
3.13756
3.32159
4.05444
4.67135
3.96156
3.69914
3.4228
3.41275
1.13838
3.46319
2.99615
3.55865
3.26689
3.1835
3.41069
3.55247
4.1493
3.59621
3.79866
3.28125
3.26869
3.27349
1.15667
4.06887
3.14791
3.56397
3.29742
3.16222
2.84457
0.693871
4.01807
3.60669
2.72834
3.28634
3.294
3.13571
3.14943
3.13015
3.46813
3.4795
3.28888
2.85534
3.28634
3.40869
2.98581
3.46166
3.55058
2.73993
2.86428
2.34456
2.48242
3.6908
2.47997
3.14053
3.14158
2.99278
2.85332
3.55504
0.847932
3.29085
3.00945
3.47162
3.12761
3.13895
3.57635
2.8502
3.41133
2.60172
0.871539
3.13516
3.70198
2.8471
2.20997
1.3819
3.55734
3.56381
2.89419
2.48429
0.878739
4.641
1.79828
3.69223
2.61761
2.86819
0.294206
3.91756
2.47039
2.75208
1.18275
3.42603
0.710079
2.59968
3.68988
3.41237
0.894879
3.69821
2.47685
3.01452
3.12954
4.65718
1.20645
0.742611
3.85219
2.87146
2.58705
3.28191
0.291514
2.20613
2.74335
2.74869
3.82491
3.42176
3.92368
2.19881
3.42884
2.6263
1.81011
3.69503
3.0032
3.95492
0.292204
1.10704
2.45878
3.68762
3.55252
3.42626
0.893323
1.25528
3.01043
2.20341
3.97838
3.99916
4.37785
0.83765
2.4802
3.40272
3.41851
2.43626
3.27573
3.55336
3.96737
2.9998
0.971747
3.96301
3.69609
4.64812
3.27766
1.7989
3.69599
3.55456
3.96178
3.2688
2.75512
2.48507
3.70554
4.08984
3.69052
4.09828
4.24595
2.8502
1.03055
3.14671
3.68141
0.848383
3.95243
4.23836
3.55606
4.22899
3.14585
3.55955
4.23794
4.23372
4.09041
3.26821
4.09502
3.68736
3.29277
3.69637
3.14598
3.68125
3.02042
3.68098
4.52629
3.95229
3.69587
3.55469
3.1378
3.6948
4.09994
3.69541
3.70067
4.24616
3.70112
3.84737
1.80323
3.68901
4.23386
3.70443
3.68621
3.55978
1.53854
3.5528
3.95274
3.95709
4.22926
4.23763
3.28487
3.69098
0.841898
3.54016
3.95549
4.23289
3.14875
4.10628
3.9715
4.09151
3.29781
3.55644
1.81215
3.70796
3.43219
4.25334
3.69804
4.24411
3.42716
3.55606
4.10749
3.97242
3.28932
2.36944
4.2339
3.68212
3.97812
2.70877
4.52787
2.03462
3.71408
2.03289
3.68172
3.68951
2.15938
2.8617
2.58742
