12.0378
11.9781
12.0367
12.0256
11.9443
11.6414
11.5978
11.3759
11.5814
11.7852
11.3943
11.5256
11.6716
11.6068
11.7719
11.7703
11.5389
11.6802
11.6124
10.8751
11.4756
11.8196
11.561
11.2663
10.9424
11.6039
10.0982
11.0453
11.1107
11.3654
11.2248
11.6726
11.5005
11.4978
11.6471
10.8032
11.4738
11.6197
11.3535
11.6025
11.5229
10.8077
11.4054
11.4946
10.176
11.5517
11.0978
11.8402
10.8256
11.8162
11.6592
11.7734
11.7406
11.3264
11.6375
11.4566
11.8929
11.7614
11.6523
11.0367
10.1597
11.6395
11.5305
10.9299
11.6323
11.6848
11.438
11.7598
11.7689
11.7246
11.8267
11.6802
12.0734
11.9494
11.6914
11.7205
12.003
11.7743
11.5253
11.6187
12.0063
11.829
11.7296
11.4629
11.7315
11.5554
11.6238
11.5507
11.626
11.663
11.4682
11.9945
11.6938
11.7726
12.0717
11.5539
11.6848
11.7204
11.5154
11.5944
11.7266
11.4963
11.6961
11.6547
11.6471
10.8706
10.9472
11.733
11.5848
11.7126
11.6841
11.7216
11.6925
11.5932
11.0881
11.7475
11.9336
11.5849
11.7197
11.5916
11.4048
11.7297
11.3962
10.8122
11.8101
11.3937
11.6248
11.5921
11.1244
11.2988
12.0158
11.7777
11.7454
10.9028
11.5068
10.3023
11.0671
11.9841
11.2037
11.666
11.576
11.7095
10.8109
10.9099
11.658
11.4473
11.45
11.7127
11.0176
11.6584
11.6926
11.4193
10.8945
11.2378
11.7111
10.2318
11.6719
11.5732
11.5942
10.966
11.976
11.9202
12.1742
11.5735
11.2898
10.7997
10.3043
11.7169
12.12
10.7774
11.7322
10.563
10.9255
11.0484
11.7024
10.6433
12.0166
11.3041
11.7174
10.3362
10.6924
10.9235
11.7227
10.9589
11.3004
11.2594
10.9029
11.7357
10.1843
10.9118
10.8964
11.6913
11.7254
11.5998
11.6716
11.9783
10.3635
11.5015
11.1796
10.8314
10.6707
10.6624
11.7777
10.8232
10.7425
11.6875
10.6703
11.7717
11.0516
10.9608
10.8933
10.2005
10.5789
10.297
10.3069
11.7907
11.5326
10.7299
10.1477
11.1818
10.0034
10.2347
10.8675
9.98766
11.7506
10.62
10.4584
10.52
10.6009
11.778
10.8223
11.7439
10.6957
10.6943
11.2622
10.7831
10.7611
10.714
10.7577
10.1242
10.6372
10.5369
10.8952
10.481
10.3903
10.4092
10.81
10.647
10.6972
10.6515
11.1029
10.5863
10.07
10.6251
10.191
10.551
11.0517
11.5078
10.9105
10.0659
10.0969
10.719
11.7113
10.6977
11.0405
10.2448
10.4765
10.1345
10.9663
10.8256
10.3326
10.3261
11.09
11.7224
10.6213
10.6964
10.8347
10.7989
11.5929
10.2543
10.8078
11.594
10.7308
10.5447
11.6234
11.089
10.8824
10.6306
11.4845
12.1465
10.7639
11.7063
10.7265
11.7902
10.9354
10.6222
11.5252
11.4127
11.4916
