2210
2353
2331
2339
2248
2127
2242
2223
2264
2096
2184
2143
2250
2219
2240
2178
2093
2165
2147
2055
1992
2033
2108
1893
1888
1898
1863
1940
2037
2014
1893
1983
1820
2011
1924
1954
1976
1980
1842
1869
2050
1932
1963
2028
1820
2019
1972
2099
1959
2002
2069
1959
2010
2077
2197
2158
2118
2152
2258
2077
2029
2080
2116
2082
2188
2154
2256
2213
2185
2314
2206
2277
2372
2184
2313
2175
2315
2289
2066
2207
2333
2211
2246
2231
2251
2190
2287
2170
2193
2214
2199
2412
2108
2194
2377
2200
2187
2174
2188
2269
2266
2100
2239
2237
2234
2142
2072
2322
2169
2226
2273
2268
2290
2223
2118
2217
2261
2189
2070
2136
2118
2205
2218
2066
2041
2181
2181
2083
1999
2195
2220
2185
2078
2030
2048
1975
2045
2121
2072
2087
2067
2087
2027
1902
2022
2068
2024
2114
1985
2206
2020
2032
1915
2076
2097
1884
2004
2047
2049
1951
2056
2138
2110
2021
2050
1942
1881
1946
2231
1952
2127
1848
1927
2080
2197
2006
2095
2098
2140
2038
1979
1973
2068
1926
2223
2181
2068
2238
2052
2068
2170
2160
2202
2212
2184
2269
2082
2224
2202
2093
2079
2130
2157
1988
2104
2189
1975
2153
2053
1947
2009
1916
2046
1887
1908
2073
1966
2015
1929
1899
1855
1887
2003
1820
2025
1806
1907
1809
1934
1922
1804
2061
1851
1834
1844
1845
1846
1799
1863
1706
1811
1836
1776
1851
1950
1886
1902
1898
1908
1965
1988
1845
1955
1968
1909
2017
1951
2106
1988
2036
1978
1879
2271
2039
2111
1940
2028
2036
2093
1981
1859
2068
2054
2150
1888
2058
2087
2060
2268
2036
1969
2035
2068
2058
2051
2219
2104
2004
2213
2231
2103
2198
1988
2243
2065
2089
2122
2156
2250
