4.25936
4.1152
4.46463
4.25896
4.24924
3.75649
4.00401
4.39052
3.87191
4.26311
4.52731
4.01143
4.51007
4.4009
4.39438
4.46603
3.64433
4.38168
4.53028
4.39642
3.4996
3.81825
3.37296
2.99241
4.51031
4.34803
3.50658
3.50259
4.4019
4.38246
3.49356
4.1383
3.37133
3.49927
4.27088
4.39337
4.39849
3.50086
3.63375
3.61147
4.01871
4.14733
3.46353
4.39471
3.50096
3.64737
3.86291
4.26902
3.63517
4.26439
4.26554
3.5001
3.37716
3.50504
3.49738
4.40244
4.11935
4.27893
4.26343
3.62622
4.14878
3.49209
3.49255
4.13659
3.61699
3.75051
4.39081
3.24965
3.48473
3.62179
3.11208
4.00896
4.13712
4.40206
4.39316
3.751
4.4719
4.28186
3.98901
4.1342
4.25931
4.2649
4.00931
3.50852
4.27704
4.25839
4.01579
4.37939
3.87532
3.38111
4.27832
4.39351
3.88137
3.49656
3.99167
3.37314
4.53938
3.35656
3.62311
4.13845
4.14521
4.01576
4.39439
4.14465
3.50396
4.26817
3.50008
4.01546
3.86906
4.12734
4.38201
4.28867
4.01633
4.27337
4.27587
4.27968
4.28008
4.38403
4.01836
4.28492
4.14595
4.01586
4.27542
4.38775
3.75134
4.3964
4.149
4.28079
3.99525
4.40648
4.005
4.27924
4.27078
3.89187
3.49834
3.49826
4.0105
4.28023
4.00641
4.00608
4.27427
4.27186
4.26555
4.28574
4.27203
4.39385
3.37406
4.01017
4.02651
4.27545
4.14206
3.75798
3.76241
3.37192
4.27285
3.49433
4.13589
4.15145
4.50698
4.2683
4.2652
3.74946
3.74794
2.5262
4.27895
4.28399
4.14268
3.50714
3.7457
3.6329
3.63319
3.49956
4.25785
4.28578
3.64012
3.37409
4.01047
4.01125
4.28005
3.37206
3.24317
3.25631
3.12456
3.74261
4.14772
3.74439
3.88385
4.39891
3.50522
3.75613
4.00679
4.01776
4.27451
4.26337
3.38231
3.74842
4.02043
4.02253
4.39762
4.1225
3.13267
4.13952
4.0165
3.75717
4.00687
4.27548
3.74537
3.50592
4.00941
3.76256
3.50612
4.0217
3.37526
4.14903
4.02074
4.24896
3.75833
4.13948
4.51535
4.1476
3.36077
4.28053
4.3842
3.25567
3.38537
3.50762
3.50466
4.27491
4.27569
3.507
3.12564
4.52053
3.62862
4.14034
4.14727
3.38192
4.03263
4.02165
4.26735
4.39995
4.41805
3.37539
3.3881
4.01775
4.02171
3.2454
4.02091
4.38994
4.39545
4.12891
4.00667
4.02056
4.00779
4.26451
4.38726
3.50739
4.01612
4.26624
3.88245
4.13797
4.14269
4.00154
4.39185
3.87808
4.13957
3.7554
4.12865
4.40889
4.2653
4.13765
4.13889
4.27526
4.01642
4.38706
3.62728
4.27943
4.38956
4.40021
4.14207
4.13747
2.83832
4.37973
4.2633
4.28061
3.48425
4.23774
4.13763
3.88874
4.01017
4.00346
4.27383
4.4003
4.40667
4.35379
3.99956
4.40581
4.00047
4.27992
4.27022
