100.542
104.597
102.894
99.9884
104.641
105.191
101.407
101.68
105.488
101.041
101.071
101.501
100.866
100.676
101.425
103.491
100.372
99.7909
100.735
101.191
101.509
101.412
102.744
106.041
105.159
103.636
104.186
101.178
99.9683
101.279
100.757
105.737
104.727
100.513
101.783
101.561
100.541
101.168
100.878
103.654
101.415
104.372
102.08
104.976
101.536
103.097
101.52
100.584
100.583
101.973
104.812
101.273
104
100.451
98.9558
100.987
104.163
100.788
101.245
102.576
102.501
103.969
100.771
105.148
101.494
99.9816
101.163
101.514
100.85
101.543
101.508
103.266
101.983
101.652
100.768
100.126
101.27
101.698
99.6528
104.233
101.464
100.784
100.133
98.6305
106.934
103.265
101.67
100.595
100.691
101.912
100.873
101.307
100.924
100.11
101.474
102.987
100.748
100.579
101.66
100.623
101.005
101.745
101.454
101.079
103.379
101.422
101.663
102.428
100.806
100.739
102.905
101.457
101.41
100.295
102.695
101.532
101.341
100.675
102.521
101.078
102.31
100.715
101.937
100.609
100.643
100.88
101.286
101.627
100.501
102.417
101.407
99.4354
101.304
100.235
101.108
102.137
100.61
99.7162
100.533
101.378
100.992
98.3549
101.871
103.859
100.523
100.893
100.208
101.88
101.202
100.828
100.645
101.177
102.549
101.666
101.502
100.654
101.008
101.703
101.454
105.407
102.932
100.559
102.051
99.8771
104.393
99.9688
106.115
101.096
103.494
99.7932
103.56
101.424
103.342
100.504
100.596
101.443
106.234
102.901
103.102
100.376
100.453
101.695
104.462
103.494
103.728
101.168
101.68
100.667
100.06
101.952
105.075
102.65
101.991
105.411
100.868
100.219
101.107
100.544
100.104
104.499
101.258
99.6521
101.938
100.382
103.552
101.859
101.263
103.529
103.193
100.497
106.069
101.558
103.28
98.529
103.471
100.69
103.835
105.57
106.795
101.868
103.73
101.309
104.444
99.8236
103.244
103.61
103.308
103.691
101.839
100.662
101.214
100.482
102.745
101.318
104.549
103.347
100.735
101.299
100.19
104.815
102.79
101.617
101.211
100.626
101.497
100.31
99.447
103.704
101.08
103.008
100.955
103.608
102.765
103.935
99.554
101.027
101.377
100.921
102.86
99.9576
101.53
103.396
102.345
100.546
99.5463
101.888
100.424
100.941
101.487
101.154
101.915
98.7922
104.457
101.435
101.124
101.25
100.639
102.792
103.311
98.9589
103.918
100.412
101.336
99.927
100.54
100.913
102.413
100.098
100.123
105.139
100.464
100.705
100.545
101.009
101.49
100.589
101.398
100.049
102.747
