4.36982
2.88693
3.30988
4.25883
2.99344
2.67687
4.15364
4.15447
2.57003
4.25938
4.15539
4.16168
4.15084
4.25879
4.25882
3.46101
4.26165
4.26808
4.7714
4.26217
4.26454
4.27588
3.77616
2.35501
2.69599
3.10176
2.89022
4.2617
5.10412
4.57189
4.26337
2.5659
2.92155
4.26712
3.77729
4.25869
4.37551
4.27406
4.14887
2.99148
4.45729
2.88504
4.27123
2.67732
4.16585
3.34658
4.27026
4.17145
4.25762
4.15743
2.89009
4.25755
2.98706
4.15342
4.99701
4.26237
2.88683
4.27136
4.26989
3.86789
4.24067
2.88939
4.2623
2.8903
4.15732
4.49144
4.15963
4.26961
4.27126
4.1672
4.1658
3.31169
4.04857
3.83992
4.15633
4.2623
4.26669
4.26045
4.58945
3.24027
4.26414
4.15396
4.25848
5.20506
2.04929
3.23838
4.26697
4.26989
4.16191
3.67302
4.15483
4.26119
4.37816
4.25848
4.27061
3.21706
4.15424
4.2769
3.72942
4.49191
4.15807
4.0517
4.27358
4.26245
3.45398
3.84268
4.16436
3.73121
4.26721
4.15926
3.44874
4.26661
4.2854
4.47398
3.77554
4.26918
4.26305
4.60074
3.84534
4.26446
3.84221
4.16085
3.66792
4.15851
4.15752
4.1576
4.26721
4.26928
4.26213
3.87954
3.88005
4.48297
4.04975
4.26982
4.26969
3.56166
4.16412
4.81984
4.47414
4.15473
4.38868
5.3807
4.05131
2.66697
4.57924
4.15854
4.26334
3.84217
4.25998
4.58228
4.09308
3.78056
3.84058
3.56291
3.88245
4.26871
4.09265
4.15957
4.16016
2.35657
3.56442
4.48299
3.56
5.52206
2.99396
4.49117
2.06164
3.94044
2.99418
4.49175
3.34504
3.77834
3.45523
4.26589
4.26697
3.77436
2.25839
3.67218
3.24083
4.15624
3.99227
4.15763
2.88862
3.12561
3.45667
4.1576
4.16509
4.47137
4.15802
3.73228
2.67953
3.13796
3.56209
2.67448
4.14966
4.26122
4.2658
4.16029
4.69777
2.99403
4.26534
4.48074
4.04913
4.2643
3.3463
4.15548
4.15393
3.09671
3.10749
4.27356
2.03211
4.2519
3.56438
5.20691
3.20171
4.15336
2.88244
2.25134
2.04202
3.84214
2.88974
4.1547
3.00671
4.48308
3.11139
2.88749
2.79459
2.88823
4.06133
4.27027
4.05093
4.2688
3.41559
4.05209
2.56969
3.09927
4.06279
4.37698
4.26301
2.57273
3.66955
3.83754
4.04661
4.27195
3.92775
4.60275
4.88341
2.88772
4.05928
3.20257
3.94823
3.3023
4.05319
2.88767
4.59139
4.15595
4.1568
4.15767
3.34928
4.26723
4.16058
2.77962
3.95022
4.16892
4.16092
4.06508
4.26994
4.04925
3.84534
3.94423
4.27036
5.28098
2.88721
4.06148
4.06013
4.26735
4.15561
4.06696
2.88227
5.06479
3.10358
4.27087
4.16291
4.49696
4.04825
4.04811
3.84472
4.26589
4.39478
2.67638
4.15932
4.27329
4.16456
4.06738
4.16084
4.05032
3.84712
4.75519
3.30755
