9.23235
9.16803
9.2933
9.26442
9.11928
9.2501
9.14829
9.20087
9.15295
9.275
9.33836
9.25988
9.29478
9.19758
9.23617
9.23904
9.22977
9.2654
9.35192
9.2568
9.21658
9.25265
9.2959
9.17785
9.19293
9.22351
9.26678
9.25654
9.36881
9.29093
9.14325
9.16803
9.29943
9.43593
9.42304
9.21658
9.24363
9.43024
9.19293
9.34591
9.31374
9.30787
9.34587
9.39275
9.22123
9.1765
9.26146
9.34282
9.37327
9.3731
9.26124
9.30126
9.33887
9.43875
9.32982
9.24034
9.43016
9.25747
9.33355
9.46171
9.47459
9.41658
9.30849
9.46615
9.302
9.22987
9.24034
9.33916
9.28765
9.32666
9.2126
9.34013
9.25429
9.35713
9.26854
9.44382
9.37572
9.39929
9.3451
9.35996
9.35713
9.53338
9.28574
9.58415
9.3944
9.35994
9.46302
9.34008
9.4092
9.29149
9.40899
9.50383
9.22512
9.32378
9.28535
9.50242
9.33039
9.30849
9.40531
9.27243
9.30126
9.39422
9.37749
9.41386
9.24075
9.30408
9.25358
9.39356
9.41757
9.29661
9.32716
9.43289
9.27245
9.33916
9.31544
9.36306
9.49258
9.3583
9.29423
9.58968
9.40954
9.22999
9.38452
9.33096
9.31962
9.36956
9.28287
9.29704
9.47459
9.396
9.29801
9.37998
9.37998
9.34008
9.44331
9.48565
9.4588
9.39124
9.34747
9.36282
9.32368
9.4025
9.26589
9.47005
9.26419
9.2654
9.26185
9.46302
9.38139
9.4025
9.35429
9.46302
9.37998
9.33039
9.45667
9.45259
9.30322
9.41342
9.30927
9.44753
9.34919
9.40531
9.44331
9.57873
9.30258
9.40391
9.3462
9.33916
9.31153
9.41376
9.35536
9.49257
9.5376
9.25623
9.33916
9.45749
9.4574
9.22386
9.46439
9.59806
9.26408
9.31383
9.28287
9.3843
9.4092
9.27452
9.59844
9.54103
9.3086
9.42046
9.4092
9.48215
9.56414
9.50415
9.42924
9.11557
9.37148
9.53792
9.51384
9.53338
9.31837
9.56215
9.51053
9.54747
9.61304
9.554
9.3424
9.50383
9.41624
9.3842
9.5238
9.45467
9.37144
9.44331
9.49679
9.40704
9.40334
9.39422
9.41376
9.57436
9.54897
9.53792
9.67272
9.47297
9.50383
9.543
9.54464
9.35386
9.53175
9.46151
9.21778
9.58348
9.33082
9.41376
9.42512
9.47759
9.44331
9.3712
9.25696
9.3462
9.49714
9.33504
9.67519
9.33504
9.543
9.49257
9.49257
9.51518
9.45001
9.23815
9.37868
9.37964
9.47005
9.41376
9.37998
9.48585
9.36459
9.37998
9.34704
9.1549
9.23555
9.31881
9.2125
9.30737
9.44066
9.44753
9.3462
9.34461
9.44426
9.36881
9.21119
9.35074
9.23783
9.30126
9.32062
9.41938
9.29035
9.23651
9.59703
9.302
9.21119
9.44785
9.21387
9.29583
9.44753
9.31427
9.51841
9.43256
9.24487
9.66686
9.38872
9.28991
9.63319
9.19984
9.28511
9.35042
9.4183
9.37378
9.53258
