10.848
10.9753
10.8644
10.9945
10.8653
10.9202
11.0125
10.8989
11.0195
10.871
10.8447
10.8698
10.8973
10.9301
10.9334
10.8651
11.0172
10.8739
10.0284
10.8975
10.8388
10.8719
10.8546
10.8484
10.872
11.2926
10.9227
10.9613
10.1691
10.276
10.8601
10.8725
10.7877
10.8635
11.0794
10.8001
10.8166
10.929
10.7847
10.8923
10.2225
10.8369
10.7535
10.887
10.8259
10.8666
10.8359
10.8232
10.7985
10.8714
10.9563
10.8766
10.8492
11.0162
10.2325
10.9215
10.9141
10.8061
10.8792
10.9793
10.2064
10.8724
10.7885
10.8806
10.8939
10.8397
10.956
10.8169
10.9674
10.8227
10.858
10.9727
10.875
10.8763
10.846
10.8325
10.8481
10.8846
10.8549
10.9169
10.8786
10.8778
10.8505
10.2379
10.8596
10.9704
10.9001
10.9934
10.9141
10.9274
10.9951
10.7782
10.9099
10.8582
10.8635
10.9758
10.8631
11.0129
11.0446
10.8866
10.8765
10.9274
10.8626
11.0222
11.0128
10.8364
10.7283
11.0077
10.8265
10.8674
10.8566
10.8496
10.8484
10.8511
10.8876
10.813
10.7782
10.8207
10.8497
10.87
10.8611
10.8936
11.0209
10.9995
10.8549
10.9613
10.8878
10.9058
10.8535
10.8853
10.917
10.9673
10.8467
10.8744
10.8356
11.0156
10.9949
10.9962
11.0146
10.9934
11.0074
9.89678
11.001
11.0002
11.042
10.9991
10.9951
10.8765
10.9034
10.9506
10.9845
10.8918
10.8652
11.0015
10.9176
10.9323
11.0078
10.8945
10.9399
10.9359
10.928
11.0081
10.9486
8.22245
10.8893
10.845
10.956
10.9183
11.0138
10.9584
10.8525
10.964
11.001
10.8368
11.0056
10.977
11.0112
10.9111
10.8416
11.0081
10.9449
10.9006
10.8629
10.9951
10.8529
10.9092
10.9114
10.8969
10.8959
10.9821
10.9539
11.0808
10.9729
10.8923
10.9931
10.989
10.9803
10.9164
10.8923
10.9821
10.8347
10.9926
10.9372
10.9862
10.8935
10.9778
11.1225
10.9821
10.8979
10.9186
10.8988
11.0057
11.0033
10.2315
11.0177
10.9364
10.9544
10.8736
10.9969
11.0075
10.8957
11.0524
11.0033
10.988
10.9937
11.0001
11.0587
10.9565
11.0074
10.9819
10.9093
10.8948
10.9506
10.8857
10.8954
10.934
10.938
10.9992
10.9993
10.9721
10.8255
11.0261
10.947
10.9618
11.0011
10.9219
10.24
10.9337
10.8788
10.9991
10.9683
11.0589
10.9979
10.931
10.9889
10.9089
10.9892
10.9489
11.0078
10.9927
11.0207
11.0131
10.8353
10.8789
10.8623
10.9356
10.9201
10.9951
10.912
10.9886
11.0338
10.9153
11.0126
11.1408
11.017
11.06
10.9402
10.8962
10.8353
9.99091
11.0266
10.9927
10.987
11.0206
11.2
10.9938
10.9718
10.8523
11.0268
11.0873
11.0138
10.9487
10.8594
10.9399
11.11
11.0351
11.1049
10.9992
10.8343
