5390
5587
5490
5621
5604
5525
5624
5566
5527
5477
5559
5558
5590
5645
5417
5633
5550
5332
5377
5497
5543
5390
5572
5577
5521
5532
5494
5493
5373
5307
5432
5597
5727
5467
5608
5614
5589
5294
5496
5570
5438
5257
5274
5633
5434
5638
5519
5424
5695
5644
5498
5513
5406
5567
5487
5346
5483
5415
5439
5685
5285
5380
5388
5547
5488
5434
5522
5384
5326
5414
5625
5560
5540
5370
5211
5650
5638
5640
5543
5529
5388
5580
5335
5455
5464
5499
5605
5548
5590
5284
5463
5563
5574
5298
5454
5513
5665
5261
5331
5462
5336
5440
5400
5581
5495
5562
5547
5306
5510
5198
5486
5455
5650
5467
5317
5462
5365
5523
5495
5476
5364
5544
5489
5529
5312
5540
5302
5409
5340
5564
5528
5642
5556
5310
5512
5487
5533
5588
5590
5489
5521
5256
5495
5403
5357
5315
5504
5499
5660
5477
5443
5416
5464
5560
5592
5394
5434
5712
5491
5624
5468
5598
5652
5250
5366
5518
5393
5340
5439
5664
5444
5405
5410
5442
5463
5517
5491
5680
5424
5344
5300
5457
5304
5306
5542
5561
5408
5783
5427
5461
5480
5398
5416
5475
5481
5516
5357
5379
5352
5069
5502
5251
5369
5161
5425
5409
5590
5192
5481
5307
5419
5447
5466
5334
5434
5476
5435
5371
5441
5213
5574
5630
5236
5176
5409
5234
5398
5217
5448
5213
5157
5221
4950
5412
5352
5268
5198
5375
5348
5327
5174
5319
5390
5388
5293
5442
5389
5084
5607
5100
5256
5402
5366
5389
5377
5514
5350
8665
5368
5316
5187
5234
5354
5276
5395
5143
5401
5414
5310
5541
5496
5245
5405
5278
5442
5355
5351
5362
5353
5262
5412
5313
5339
5392
5251
5388
5407
5434
5505
5552
5357
5260
5633
5370
5354
5355
5527
5321
5451
