8.40741
8.60319
8.28411
8.13152
8.67033
8.6071
8.59742
8.66084
8.67685
8.5016
8.39911
8.58519
8.33454
8.37995
8.67789
8.67432
8.29453
8.021
8.57394
8.57425
8.67842
8.66498
8.686
8.59327
8.58699
8.58056
8.41223
8.59379
8.67868
8.6707
8.38964
8.69327
8.5927
8.29917
8.39977
8.67737
8.40094
8.58937
8.29399
8.28342
8.58547
8.43885
8.87398
8.50204
8.58506
8.40275
8.68752
8.21606
8.29262
8.76822
8.68454
8.59379
8.397
8.21738
8.22218
8.50308
8.39539
8.38944
8.59578
8.76658
8.76629
8.29832
8.367
8.78131
8.58792
8.30692
8.48346
8.67669
8.47554
8.58792
8.58708
8.48559
8.66506
8.32573
8.28177
8.13152
8.59019
8.76782
8.28198
8.77852
8.6764
8.29761
8.13696
8.31287
8.66229
8.41083
8.76975
8.38274
8.28274
8.28348
8.3786
8.57112
8.58936
8.13071
8.68063
8.27959
8.27845
8.39061
8.28792
8.57564
8.38855
8.5954
8.67547
8.57897
8.69286
8.2214
8.59336
8.58293
8.40016
8.28131
8.4237
8.66458
8.66417
8.41617
8.68086
8.68154
8.58639
8.68033
8.66417
8.52099
8.5822
8.28342
8.32785
8.27898
8.23725
8.37135
8.61293
8.75716
8.2858
8.67284
8.28526
8.12813
8.38621
8.19662
8.5247
8.29965
8.28342
8.58547
8.57017
8.57944
8.66457
8.28764
8.67615
8.09496
8.68148
8.39205
8.22311
8.4184
8.57876
8.77112
8.22212
8.08473
8.67773
8.10603
8.32581
8.38184
8.37534
8.67321
8.59348
8.38406
8.58275
8.58682
8.23458
8.38539
8.58277
8.30354
8.39221
8.22323
8.28007
8.27475
8.58011
8.20939
8.67345
8.28457
8.38475
8.21807
8.67058
8.67058
8.28764
8.18758
8.0306
8.67058
8.49174
8.40271
8.75925
8.46505
8.67659
8.57643
8.02388
8.38163
8.58028
8.11209
8.22304
8.67937
8.37093
8.22308
8.57692
8.22395
8.57991
8.67405
8.57861
8.2198
8.67398
8.28968
8.59796
8.76591
8.58419
8.38163
8.21694
8.31986
8.31093
8.75336
8.7584
8.27572
8.48035
8.28227
8.27796
8.31093
8.68003
8.46863
8.21416
8.57518
8.67488
8.28832
8.28649
8.21408
8.02614
8.22647
8.67627
8.4051
8.37651
8.30025
8.3695
8.40968
8.22495
8.28764
8.2102
8.77212
8.21737
8.37666
8.58468
8.37111
8.386
8.38508
8.40289
8.57648
8.29112
8.22012
8.3199
8.28457
8.19442
8.65653
9.03633
8.31211
8.29051
8.40775
8.5794
8.38264
8.3754
8.12708
8.65709
8.02526
8.69293
8.21937
7.81442
8.66916
8.28792
8.30032
8.28028
8.27768
8.92657
8.6575
8.56572
8.56828
8.3926
8.6671
8.26596
9.01503
8.00941
8.21491
8.56868
8.3107
8.56827
8.35448
8.21599
8.28758
8.67464
8.13116
8.33207
8.67597
8.22745
8.4127
8.20743
8.3239
8.67767
8.17609
8.32464
8.65356
8.20929
