94.941
100.616
90
90
94.6776
95.7217
98.2572
94.3486
95.4775
94.9143
98.4713
90
95.0137
94.7868
97.8989
99.1214
97.4889
96.5812
97.7601
95.4889
90
97.1303
96.6982
90
90
90
90
90
90
90
90
90
90
96.4266
95.1889
98.7353
90
90
94.1128
90
90
90
96.6946
97.7425
97.7577
90
97.8104
90
95.9298
98.8315
98.1334
96.0565
90
94.8828
95.1835
90
96.0693
94.5008
90
95.2376
95.531
95.331
94.4614
90
90
90
99.5745
95.933
96.7241
95.8762
95.964
95.334
90
94.2861
94.911
90
99.1082
90
90
90
94.9515
95.3353
94.9922
90
98.536
90
97.5822
90
95.056
90
97.3017
90
95.4802
94.9119
94.6316
93.989
90
90
90
95.0189
90
94.4054
94.8254
95.1404
90
95.516
90
90
90
94.4025
94.8065
90
90
95.3691
90
90
90
95.4237
94.2931
90
94.3548
90
90
94.3619
90
90
90
90
90
90
90
90
90
90
94.2372
90
90
90
90
95.606
93.9553
94.2031
94.9436
90
90
90
90
90
94.2717
94.6321
90
90
90
95.1464
95.5811
90
94.604
94.5367
96.9981
96.0195
90
94.3584
90
90
90
90
98.4167
94.2631
90
90
90
90
94.4774
94.0556
94.5136
90
90
90
90
94.4734
90
90
90
90
90
94.5555
90
90
95.4359
94.816
94.7115
93.9923
95.0747
94.174
94.509
94.5236
94.6762
95.0289
97.5848
99.4949
90
90
90
96.2562
94.9506
90
90
94.1317
90
95.2703
90
98.7478
106.327
94.4421
107.376
90
94.9225
94.1647
