5.90927
6.1917
6.2847
6.20597
6.11543
5.81025
4.9249
5.57968
5.83259
6.18361
4.91424
6.11536
5.86241
6.20429
5.34708
5.09848
4.73853
5.57543
4.74811
5.77926
5.84306
4.92731
5.48248
6.30199
6.19694
5.74502
6.18456
6.19643
6.1962
6.2099
6.19584
6.00877
6.30469
5.13805
5.43419
4.42529
5.86082
6.2025
5.67455
6.31186
6.29039
5.67696
5.06252
4.77221
4.76459
6.18127
4.35591
6.29944
5.6601
5.12669
5.12357
5.02951
6.1382
6.19481
5.42853
6.22424
5.15965
6.17735
5.75366
6.12726
5.26892
6.14913
5.48748
6.22078
6.04766
6.2206
4.71796
5.53839
5.40356
5.73457
5.15761
5.18432
6.20615
6.31205
5.31708
5.94087
4.76237
5.92989
6.24613
6.01646
5.60934
5.86562
5.44428
5.78348
4.75059
6.12636
4.76412
6.30892
6.24138
6.29123
4.71666
6.22254
5.86764
6.19591
6.10902
6.30507
6.41585
6.31099
6.29102
6.0977
6.32255
6.01819
5.7235
5.99105
6.31317
5.80447
6.3244
6.314
6.29856
6.31208
6.10566
6.32479
6.36673
5.07447
6.00918
6.30081
5.89924
6.03144
6.36673
6.27588
6.28069
6.3007
6.26952
6.29939
6.31261
6.29864
6.30129
6.29794
6.23856
6.31291
6.30384
6.31043
6.31107
6.40495
6.02097
6.3073
6.29772
6.2687
6.40585
5.90581
6.29783
6.28378
6.09951
6.19094
6.19659
6.30171
6.47718
6.19492
6.09136
6.01047
5.78631
6.20895
6.29506
5.80062
5.91631
6.19426
6.28928
6.18085
4.54285
5.80634
6.28151
5.79188
6.18533
6.27578
6.37102
6.30859
4.70933
6.36335
6.19016
6.29152
6.29543
6.19082
6.00796
6.28992
6.07179
5.80922
6.12947
6.19192
6.46866
6.19617
6.45326
6.3027
6.3011
6.29499
6.45826
5.99868
6.09608
6.11662
6.10921
5.82362
6.01164
6.00131
6.11416
6.29918
6.31473
6.27813
6.30403
5.67714
6.3018
5.90242
6.39358
6.29012
6.28755
5.67637
6.29165
6.28403
6.28931
6.11144
6.26767
6.00258
6.48351
6.11005
6.30389
6.1364
6.31937
6.39927
6.29453
6.30515
