9.07051
9.32124
9.25827
9.01955
9.106
9.27556
9.13309
9.25877
9.3981
9.27462
9.1704
9.25877
9.37505
9.31972
9.23307
9.42327
9.20348
9.23359
9.26212
9.23409
9.27556
9.13602
9.26752
9.27377
9.22022
9.23206
9.23575
9.32163
9.36249
9.41606
9.36322
9.20507
9.27556
9.18615
9.0943
9.16486
9.35721
9.31056
9.32767
9.36199
9.35515
9.22607
9.21319
9.17635
9.19855
9.21232
9.29032
9.32515
9.15337
9.10842
9.25465
9.21212
9.27377
9.18035
9.13796
9.00288
9.27005
9.18348
9.17594
9.27776
9.26281
9.4264
9.17054
9.19212
9.17955
9.28827
9.39716
9.36516
9.30985
9.29086
9.31456
9.18261
9.23072
9.22114
9.23881
9.20099
9.23936
9.20507
9.17054
9.22606
9.02468
9.30522
9.1331
9.19619
9.10914
9.15273
9.29714
9.07772
9.23409
9.33295
9.13149
9.17333
9.17329
9.21403
9.19711
9.12613
9.30263
9.17502
9.20186
9.06225
9.20895
9.29562
9.36061
9.30854
9.23494
9.4643
9.23398
9.24407
9.17746
9.38548
9.21443
9.32441
9.26737
9.2458
9.20759
9.23206
9.19388
9.25997
9.21899
9.12853
9.30536
9.09736
9.22056
9.31242
9.27148
9.13843
9.30294
9.22694
9.4026
9.21138
9.14368
9.16527
9.29934
9.22495
9.127
9.15589
9.26275
9.40715
9.39589
9.07318
9.204
9.10195
9.24455
9.36712
9.10914
9.05043
9.21804
9.30188
9.05489
9.25492
9.0511
9.13408
9.05972
9.01986
9.19794
9.16712
9.34943
9.05211
9.10599
9.25474
9.17714
9.06051
9.1966
9.00998
9.05528
9.10304
9.19946
9.05501
9.10304
9.02998
9.39184
9.23391
9.30685
9.23523
9.197
9.18282
9.11109
9.13759
9.13813
9.23994
9.18597
9.05136
9.1883
9.06856
9.04697
9.11849
9.08896
9.07046
9.04217
8.9822
9.12505
9.29569
9.06481
9.00199
9.36067
9.04007
9.04413
9.02632
9.0386
9.03592
8.94712
9.02979
9.01644
8.99692
8.95802
9.02706
9.03547
9.03681
9.07046
8.9105
9.01868
8.9197
8.94319
9.01865
8.98129
9.00395
8.9571
8.88203
