3998
3965
3885
3831
4215
3746
3863
3437
3901
3593
3635
3561
3522
3662
3657
3157
3512
3570
3101
3548
3088
3011
3340
3463
3476
3291
3485
3346
3048
3383
3212
3161
3269
2845
3437
3013
3132
3267
2518
3344
3331
2935
3322
3083
3031
2822
3196
3209
3285
3069
3216
3044
3024
3152
3039
2791
2766
3149
3180
3067
2812
2839
3128
2660
2724
3235
2827
2894
3077
3010
2996
3141
2939
2649
2605
2242
2645
3143
2944
2963
2690
3192
2671
3010
3524
3131
3070
3403
3180
3320
3142
3555
3402
3309
3710
3498
3788
3667
3665
3792
3794
3349
3471
3485
4556
3668
3463
3861
3615
3811
3491
3464
3462
3147
2962
3274
3085
3061
3453
3339
3223
3237
3231
3657
3340
3195
3548
3422
3012
3344
3175
3347
3343
3184
3508
3481
3557
3263
3392
3535
3540
3548
3109
3592
3489
3109
3283
3320
3296
3301
3436
3581
3287
3230
3536
3597
3435
3566
3512
3892
3598
3913
3578
3559
3725
3554
3621
3829
3771
3583
3987
3592
3953
3910
3905
3773
3975
3944
3995
4044
3735
4132
3940
4117
4248
4088
4180
3964
4560
4183
4133
4256
4256
4445
4320
4325
4186
4295
4502
4573
4480
4449
4600
4420
4556
4420
4236
4410
4158
4551
4733
4733
4592
4591
4802
4596
4708
4631
