97.9352
97.6118
97.5487
97.8354
97.8354
97.6927
97.6927
97.6927
97.6927
97.6927
97.3735
97.3735
97.3735
97.3735
97.3735
97.3735
97.3735
97.3735
97.3735
97.3735
97.368
97.368
97.3494
97.3494
97.3494
97.3423
97.3423
97.3423
97.3423
97.3423
97.3423
97.3423
97.3328
97.3328
97.2619
97.2616
97.2616
97.2616
97.2616
97.2616
97.2616
97.2616
97.2616
97.2616
97.2581
97.2629
97.2629
97.2629
97.2629
97.2629
97.2629
97.2629
97.2629
97.2629
97.2647
97.2647
97.2647
97.2647
97.2647
97.2647
97.2647
97.2647
97.2647
97.2647
97.2647
97.2647
97.2647
97.2647
97.2647
97.2647
97.2637
97.2637
97.2637
97.2637
97.2637
97.2637
97.2637
97.2637
97.2637
97.2637
97.2637
97.2637
97.2637
97.2637
97.2637
97.2637
97.2637
97.2637
97.2637
97.2637
97.2637
97.2637
97.2637
97.2637
97.2637
97.2637
97.2637
97.2637
97.2637
97.2637
97.2637
97.2637
97.2637
97.2637
97.2637
97.2637
97.2637
97.2637
97.2637
97.2637
97.2637
97.2637
97.2637
97.2637
97.2637
97.2637
97.2637
97.2637
97.2637
97.2637
97.2637
97.2637
97.2637
97.2637
97.2637
97.2637
97.2637
97.2637
97.2583
97.2583
97.2583
97.2583
97.2583
97.2583
97.2583
97.2583
97.2583
97.2583
97.2583
97.2583
97.2583
97.2583
97.2583
97.2583
97.2583
97.2583
97.2583
97.2583
97.2583
97.2583
97.2583
97.2583
97.2583
97.2583
97.2583
97.2583
97.2583
97.2583
97.2583
97.2583
97.2583
97.2583
97.2583
97.2475
97.2475
97.2475
97.2475
97.2475
97.2475
97.2475
97.2475
97.2475
97.2475
97.2475
97.2475
97.2475
97.2475
97.2475
97.2475
97.2475
97.2475
97.2475
97.2475
97.2475
97.2475
97.2475
97.2475
97.2475
97.2475
97.2475
97.2475
97.2475
97.2475
97.2475
97.2475
97.2475
96.6745
96.6745
96.6745
96.6745
96.6745
96.6745
96.6745
96.6745
96.6745
96.6745
96.6745
96.6745
96.6745
96.6745
96.6745
96.6745
96.6745
96.6745
96.6745
96.6745
96.6745
96.6745
96.6745
96.6745
96.6745
96.6745
96.6745
96.6745
96.6745
96.6745
96.6745
96.6745
96.6745
96.6745
96.6745
96.6745
96.6745
96.9398
96.9398
96.9398
96.9398
96.9398
96.9398
96.9398
96.9398
96.9398
96.9398
96.9398
96.9398
96.9398
96.9398
96.9398
96.9398
96.9398
96.9398
96.9398
96.9398
96.9398
96.9398
96.9398
96.9398
96.9398
96.9398
96.9398
96.9398
96.9398
96.9398
96.9398
96.9398
96.9398
96.9398
96.9398
96.9398
96.9398
96.9398
96.9398
96.9398
96.9398
96.9398
96.9398
96.9398
96.9398
96.9398
96.9398
96.9398
96.9398
96.9398
96.9398
96.9398
96.9398
96.9398
96.9398
96.9398
96.9398
96.9398
96.9398
96.9398
96.9398
96.9398
96.9398
96.9429
96.9429
