7.25156
7.36406
7.36406
7.625
7.625
7.625
7.625
7.63281
7.63281
7.75156
7.75156
7.75156
7.75156
7.75156
7.75156
7.75156
7.83907
7.83907
7.83907
7.83907
7.83907
7.83907
7.83907
7.83907
7.83907
7.83907
7.83907
7.83907
7.83907
7.83907
7.83907
7.83907
7.83907
7.83907
7.83907
7.83907
7.83907
7.83907
7.83907
7.83907
7.83907
7.83907
7.83907
7.83907
7.83907
7.83907
7.83907
7.83907
7.83907
7.83907
7.83907
7.83907
7.83907
7.83907
7.83907
7.83907
7.83907
7.83907
7.83907
7.83907
7.83907
7.83907
7.83907
7.83907
7.83907
7.83907
7.83907
7.83907
7.83907
7.83907
7.83907
7.83907
7.83907
7.83907
7.83907
7.83907
7.83907
7.83907
7.83907
7.83907
7.83907
7.83907
7.83907
7.83907
7.83907
7.83907
7.83907
7.83907
7.83907
7.83907
7.83907
7.83907
7.83907
7.83907
7.83907
7.83907
7.83907
7.83907
7.83907
7.83907
7.83907
7.83907
7.83907
7.83907
7.83907
7.83907
7.83907
7.83907
7.83907
7.83907
7.83907
7.83907
7.83907
7.83907
7.83907
7.83907
7.83907
7.83907
7.83907
7.83907
7.83907
7.83907
7.83907
7.83907
7.83907
7.83907
7.83907
7.83907
7.83907
7.83907
7.83907
7.83907
7.83907
7.83907
7.83907
7.83907
7.83907
7.83907
7.83907
7.83907
7.83907
7.83907
7.83907
7.83907
7.83907
7.83907
7.83907
7.83907
7.83907
7.83907
7.83907
7.83907
7.83907
7.83907
7.83907
7.83907
7.83907
7.83907
7.83907
7.83907
7.83907
7.83907
7.83907
7.83907
7.83907
7.83907
7.83907
7.83907
7.83907
7.83907
7.83907
7.83907
7.83907
7.83907
7.83907
7.83907
7.83907
7.83907
7.83907
7.83907
7.83907
7.83907
7.83907
7.83907
7.83907
7.83907
7.83907
7.83907
7.83907
7.83907
7.83907
7.83907
7.83907
7.83907
7.83907
7.83907
7.83907
7.83907
7.83907
7.83907
7.83907
7.83907
7.83907
7.83907
7.83907
7.83907
7.83907
7.83907
7.83907
7.83907
7.83907
7.83907
7.83907
7.83907
7.83907
7.83907
7.83907
7.83907
7.83907
7.83907
7.83907
7.83907
7.83907
7.83907
7.83907
7.83907
7.83907
7.83907
7.83907
7.83907
7.83907
7.83907
7.83907
7.83907
7.83907
7.83907
7.83907
7.83907
7.83907
7.83907
7.83907
7.83907
7.83907
7.83907
7.83907
7.83907
7.83907
7.83907
7.83907
7.83907
7.83907
7.83907
7.83907
7.83907
7.83907
7.83907
7.83907
7.83907
7.83907
7.83907
7.83907
7.83907
7.83907
7.83907
7.83907
7.83907
7.83907
7.83907
7.83907
7.83907
7.83907
7.83907
7.83907
7.83907
7.83907
7.83907
7.83907
7.83907
7.83907
7.83907
7.83907
7.83907
7.83907
7.83907
7.83907
7.83907
7.83907
7.83907
7.83907
7.83907
7.83907
7.83907
7.83907
7.83907
7.83907
7.83907
7.83907
7.83907
