4995
5138
4962
5146
4985
5131
5051
5026
4993
5043
5126
5254
5178
5216
5062
5194
5005
5193
5175
5172
5122
5054
5259
5151
5229
5229
5268
4996
5201
5126
5026
5153
5086
5176
5328
5319
5240
5286
5148
5121
5253
5198
5277
5216
5199
5144
5098
5053
5371
5189
5230
5257
5142
5169
4989
5146
5098
5040
5113
4937
4985
5023
4965
4931
4810
4713
4959
4763
4883
4798
4827
4707
4837
4720
4995
4685
4784
4831
4795
4975
4901
4766
4883
4959
4721
5049
4907
5003
4946
4914
4883
4984
4848
4815
4930
4957
4917
4941
4880
4896
4849
4941
4764
4985
4930
4925
4868
4943
4835
4881
4976
4938
4924
4863
4843
4997
4960
4778
4939
4801
4771
5017
4843
4969
4854
4911
4813
4666
4822
4808
4701
4781
4658
4706
4873
4799
4873
4717
4781
4716
4679
4714
4738
4505
4474
4595
4579
4566
4612
4602
4435
4476
4338
4398
4494
4330
4545
4403
4477
4529
4430
4411
4520
4379
4340
4413
4442
4584
4520
4445
4457
4497
4530
4673
4522
4498
4564
4589
4812
4429
4871
4793
4897
4904
4802
4981
4893
4964
4896
5020
4892
5015
5104
5043
5031
4957
5068
5064
5051
5017
4966
5013
5072
4882
5108
5047
5037
4978
5103
4981
4784
4991
4855
4800
4928
5113
4928
4957
4903
5031
4930
4978
4935
4869
4886
4870
4783
4680
4788
4939
4824
4840
4705
4768
4801
4719
4826
4899
4825
4723
4901
4794
4864
4829
4714
4788
4848
4736
4846
4704
4793
4804
4885
4857
4947
4846
4779
5015
4803
4979
4762
4934
4745
4896
4935
4873
4960
4867
4825
4962
4799
4797
4863
4885
4793
5082
4781
4905
4740
4841
4669
4835
4753
4723
4861
4807
4879
4833
4814
4901
4807
4838
4816
4920
4831
4795
4869
4879
