90
94.1146
90
90
90
82.5054
90
90
94.6599
83.41
85.7494
82.7064
90
90
93.3327
92.9771
85.7663
90
90
90
90
82.5074
86.2944
85.2119
90
90
82.5288
90
90
94.3523
90
82.4563
92.7462
94.3773
90
90
84.2724
90
85.0223
95.3222
82.2694
86.2957
81.564
83.6382
90
83.7572
85.8012
84.833
90
85.8804
90
82.0741
85.2868
82.9471
94.6413
90
90
85.4779
90
82.0797
90
83.4096
82.158
90
84.4497
82.6745
90
83.1955
90
84.5226
83.2174
94.0059
90
85.722
90
90
85.059
86.2515
90
85.4837
84.9303
85.2213
90
85.4793
90
85.1189
90
93.2287
90
90
87.3405
95.3403
96.1041
94.6281
93.8746
93.3133
93.6536
90
94.161
94.4483
94.5293
93.9047
81.7211
93.9075
90
94.9578
92.9112
90
90
96.399
95.7469
95.3716
90
85.7581
95.9085
94.4289
95.1922
90
92.81
90
90
94.6171
90
87.053
92.9473
90
85.5418
90
95.9329
90
94.3288
90
95.8648
90
86.5756
95.3603
94.1592
90
90
90
87.5319
90
90
85.2643
92.4429
93.7224
90
90
90
90
92.5462
90
90
90
81.9041
90
90
84.8785
90
90
83.3137
90
95.2765
90
90
90
93.9583
90
90
90
90
90
94.1754
86.9404
85.3371
90
86.2859
86.5267
90
94.3044
94.7039
90
90
85.9609
93.5057
83.3078
90
93.1052
90
90
86.6657
86.8025
90
90
90
86.843
86.9226
90
90
86.2123
90
90
90
95.0477
95.1924
90
86.9737
83.8352
93.0019
87.2283
94.2973
82.0414
90
