3.91317
1.68494
3.03784
1.1764
3.84014
4.96938
4.04873
3.91765
1.38335
4.9748
4.86166
5.08331
2.62255
2.20546
1.5904
1.89808
4.75871
2.40877
2.50939
1.09489
2.41119
5.08182
4.63746
5.08
1.31901
2.92865
5.08109
1.58518
1.08302
1.31493
1.59057
5.18847
1.9925
1.30738
2.19992
0.907702
5.08087
2.07562
4.01975
0.900017
3.76727
3.39609
5.19044
3.77069
2.06029
3.668
3.31796
3.63174
1.31493
2.20441
0.715373
3.76249
3.8173
3.55015
0.409796
0.714259
1.78698
3.43104
1.12113
3.66332
1.99511
3.77009
3.76127
1.3043
3.66313
4.86506
2.08145
4.97967
2.61911
4.22896
4.97076
1.47572
1.5714
4.97631
2.50904
3.42001
4.06026
4.65238
1.89176
4.97473
5.19685
4.97452
2.72232
4.97957
2.61019
3.83976
3.63085
1.78698
3.16074
2.83106
3.94856
0.899195
0.783822
1.11188
1.55184
0.787582
1.65868
3.59394
1.69064
1.48117
1.5742
1.6847
5.30512
1.58756
2.52651
1.03987
2.1157
3.5328
3.74254
0.665538
1.16456
0.891362
2.7261
4.75758
0.665152
1.49343
0.675028
2.90359
1.17039
3.42498
2.72027
1.56487
2.82211
4.33946
1.89599
2.61681
4.97701
3.03048
0.966727
2.72265
1.55339
2.82897
0.676261
2.72588
4.53489
0.904369
1.58383
3.95024
2.51338
2.51231
4.02046
2.61877
2.72411
4.75689
1.06638
1.47323
2.93551
2.40653
2.71481
3.13874
1.37057
2.80986
3.02301
2.39931
4.64315
2.51126
1.37218
4.42796
3.3207
2.61647
4.87217
2.40034
0.953273
2.17924
2.91572
2.59756
1.58077
3.63792
2.39842
2.41164
1.68936
2.61396
1.48336
2.71453
4.11478
2.81897
4.6458
4.6555
1.76921
0.958852
1.15503
2.40917
2.82326
3.90492
1.58326
4.64239
2.72357
1.58207
2.71362
2.72446
2.72152
3.42063
2.29506
1.5852
2.61139
3.42028
2.61829
2.29514
2.51322
4.75697
2.61209
2.61068
2.50951
1.06312
0.641198
1.88132
2.71496
4.97563
1.06207
2.40962
0.957638
4.75331
2.4089
