11.8662
10.5564
11.7357
10.6436
10.9486
11.7978
11.0175
11.7782
10.5687
11.7982
11.8191
11.7843
11.6969
11.6638
10.5164
11.6471
11.7956
11.6683
11.6848
11.767
11.7613
11.8058
11.8036
11.7819
11.8135
11.6977
11.8387
10.3109
11.6303
11.8033
10.5481
11.78
11.6694
11.7731
11.4963
11.7233
11.6821
10.2769
11.7627
11.8462
7.61099
11.6891
11.7656
8.06142
10.4883
8.1328
11.0354
10.7494
11.7609
11.3034
8.14981
7.41289
11.6873
7.49341
7.96288
7.84557
9.70579
10.9216
8.13974
7.75364
11.6082
7.72988
7.47098
11.7505
8.15874
11.5762
10.2053
11.7177
11.6317
11.7704
11.7825
11.6781
11.6882
11.8462
11.657
11.029
10.9314
11.741
11.637
11.7783
11.7496
11.7622
11.6724
11.8291
11.6971
10.9186
10.8226
11.7513
11.6952
11.7055
11.0112
11.8318
11.7613
11.7937
11.5178
11.9326
11.3839
11.5642
10.4227
10.4833
10.2864
10.4325
11.776
10.471
11.717
11.3882
11.6767
11.3114
11.1636
11.7856
10.6182
11.7854
11.6487
11.7561
11.8281
10.4216
11.8195
11.0741
10.6447
11.023
11.6912
10.201
11.714
11.8576
11.8344
11.6581
11.8925
11.7073
10.7951
11.6518
11.6149
11.7136
11.8729
11.7588
11.8941
11.7905
10.5821
11.2836
11.6843
11.7871
11.7214
11.7532
11.7672
11.7015
11.7304
10.3014
11.7424
11.675
11.6659
11.7836
11.7354
11.7937
11.8019
11.6977
11.8464
11.6859
11.6834
11.8052
10.935
11.6877
11.9268
11.8261
11.7006
11.4333
11.6138
11.4311
11.7423
11.327
11.7116
11.6731
10.2623
11.7489
11.8231
11.8892
11.8461
11.761
11.8103
11.8975
10.5599
11.6851
11.886
11.6138
11.6324
11.9955
11.7262
11.8249
11.5146
10.3917
11.6361
11.7684
11.5114
11.0664
11.7392
10.4229
11.6662
11.0489
11.7451
11.8877
11.7434
11.7673
11.6977
11.7469
11.6715
11.5899
11.8813
10.4279
11.7026
11.849
11.8848
11.7339
11.6782
11.7281
11.7435
