2369
2064
2305
2033
2265
2373
2206
2204
1937
2277
2333
2236
2293
2248
1888
2272
2288
2207
2212
2036
2139
2361
2261
2138
2157
2132
2089
1774
1798
1916
1832
2091
1958
1863
1976
1755
1998
1622
1914
1642
1281
2024
2202
1267
1487
1218
1508
1663
1452
1269
1097
1100
1548
1080
1052
1068
1287
1526
1184
1108
2021
1303
1209
1609
1333
2152
1654
2032
2078
2011
2068
2164
2068
2122
2153
2009
2022
2217
2035
2146
2240
2246
2177
2256
2263
2190
2126
2219
2337
2197
2245
2257
2112
2075
2193
2113
2280
2355
1952
2054
2047
2065
2292
2054
2320
2262
2343
2159
2285
2095
2098
2155
2479
2329
2070
2136
1992
2351
2070
2341
2325
2074
2560
2482
2521
2372
2346
2353
2079
2406
2417
2393
2131
2772
2466
2155
2138
2395
2411
2402
2314
2296
2354
2341
2264
2066
2401
2445
2582
2676
2322
2439
2438
2411
2393
2291
2226
2290
2226
2438
2379
2341
2347
2468
2342
2287
2315
2351
2289
2240
2051
2429
2370
2318
2394
2353
2375
2345
2022
2326
2380
2330
2337
2345
2374
2309
2314
1974
2275
2290
2138
2262
2508
1942
2306
2095
2194
2426
2405
2768
2297
2416
2239
2472
2200
1871
2167
2333
2222
2299
2290
2105
2191
