3.01094
3.20372
3.30228
1.97823
3.29843
1.86524
3.11101
3.10715
3.10627
2.24877
3.10478
2.06679
3.10959
3.20368
2.81517
3.10954
3.01231
3.10867
3.10624
1.97494
1.9698
1.97639
3.10854
3.10624
1.98164
2.16774
1.97602
1.97182
1.8642
3.11158
2.16074
2.06846
3.11199
3.10979
1.69987
1.86935
2.73745
1.97514
1.97078
3.10715
1.7009
1.88253
1.70055
1.97311
1.7027
1.88868
1.69764
1.68769
1.70022
0.576171
1.50765
1.69842
1.89012
1.69597
1.7027
1.69811
2.33762
1.70346
1.88438
1.50591
1.97836
1.98398
1.70332
1.97805
2.07747
1.88868
1.7826
2.18328
1.9835
1.97161
2.16803
3.11135
1.97592
3.20402
3.10571
3.11013
2.17021
3.1139
1.97125
3.11403
3.11213
3.00793
2.16357
3.10903
3.10958
1.97492
3.11147
3.11277
3.11199
3.11156
2.92562
3.11121
3.29936
3.02134
3.11199
2.1692
3.11247
3.29786
3.20718
3.11226
3.20391
3.10885
1.87811
3.01799
3.12282
3.01565
3.3033
3.11269
3.00849
3.30907
3.30177
3.10767
3.1074
3.01368
3.11332
3.1078
2.82311
3.3034
2.21535
3.31424
3.00561
3.21249
3.30647
3.11858
3.1146
3.11822
3.12256
3.30265
3.21039
3.11871
3.31181
2.90556
3.1154
2.81421
3.11143
3.11694
3.1229
3.11914
1.88315
2.81895
3.01001
2.81871
2.81801
2.81814
2.06727
2.81364
3.31256
3.31259
2.91036
2.21002
2.41429
3.31456
3.31256
3.0156
1.27287
2.16824
1.473
2.31186
3.20983
2.81626
2.0758
1.87362
3.11447
2.17503
2.70658
3.01943
3.2058
3.21622
3.11199
1.473
2.07701
2.08016
3.20963
1.44356
2.18237
2.21343
3.11247
3.21129
2.49844
2.71785
3.11107
2.61193
2.51003
2.21084
3.02
1.86743
2.61851
2.70954
3.30499
2.90957
1.3802
2.18418
3.11892
2.20371
3.01393
2.20147
1.35541
2.80632
3.19983
3.19889
2.16667
3.20858
2.41648
3.11056
2.80058
1.27447
1.47756
2.41591
2.30857
1.27346
2.71272
1.47405
2.06528
