100.415
100.353
100.337
100.21
100.584
100.275
100.23
100.23
100.23
100.085
100.085
100.085
100.085
100.079
100.079
100.079
100.079
99.9809
99.973
99.973
99.973
99.973
99.973
99.973
100.293
100.293
100.293
100.293
100.295
100.287
100.289
100.289
100.289
100.294
100.316
100.316
100.315
100.313
100.313
100.313
100.313
100.313
100.313
100.313
100.313
100.313
100.313
100.313
100.313
100.313
100.313
100.313
100.331
100.331
100.331
100.331
100.331
100.331
100.331
100.875
100.889
100.889
100.889
99.8207
99.8207
99.8207
99.8207
99.8207
99.8207
99.8207
99.8207
99.8207
99.8207
99.8153
99.8153
99.8326
99.8326
99.8326
99.8326
99.8326
99.8326
99.8326
99.8329
99.8329
99.8329
99.8329
99.8487
99.8487
99.8487
99.8487
99.8487
99.8487
99.8487
99.8487
99.8487
99.8487
99.8487
99.8487
99.8487
99.8487
99.8487
99.8487
99.8487
99.8487
99.8487
99.8487
99.8487
99.8487
99.8487
99.8487
99.8487
99.8487
99.8487
99.8487
99.8487
99.8487
99.8487
99.8487
99.8487
99.8487
99.8487
99.8487
99.8487
99.8487
99.8487
99.8487
99.8487
99.8487
99.8487
99.8487
99.8487
99.8487
99.8487
99.8487
99.8487
99.8487
99.8487
99.8487
99.8487
99.8487
99.8487
99.8487
99.8487
99.8487
99.8487
99.8487
99.8487
99.8487
99.8487
99.8487
99.8487
99.8487
99.8487
99.8487
99.8487
99.8487
99.8487
99.8487
99.8487
99.8487
99.8487
99.8487
99.8487
99.8487
99.8487
99.8487
99.8487
99.8487
99.8487
99.8487
99.8487
99.8487
99.8487
99.8487
99.8487
99.847
99.847
99.847
99.847
99.847
99.847
99.847
99.847
99.847
99.847
99.847
99.847
99.847
99.847
99.847
99.847
99.847
99.847
99.847
99.847
99.847
99.847
99.847
99.847
99.847
99.847
99.847
99.847
99.847
99.847
99.847
99.847
99.847
99.847
99.847
99.847
99.847
99.847
99.847
99.847
99.847
99.847
99.847
99.847
99.847
99.847
99.847
99.847
99.847
99.847
99.847
99.847
99.847
99.847
99.847
99.847
99.847
99.847
99.847
99.847
99.847
99.847
99.847
99.847
99.847
99.847
99.847
99.847
99.847
99.847
99.847
99.847
99.847
99.847
99.847
99.847
99.847
99.847
99.847
99.847
99.847
99.847
99.847
99.847
99.847
99.847
99.847
99.847
99.847
99.847
99.847
99.847
99.847
99.847
99.847
99.847
99.847
99.847
99.847
99.847
99.847
99.847
99.847
99.847
99.847
99.847
99.847
99.847
99.847
99.847
99.847
99.847
99.847
99.847
99.847
99.847
99.847
99.847
99.847
99.847
99.847
99.847
99.847
