3743
3783
3786
3771
3535
3925
3814
3844
3672
3813
3765
3660
3868
3926
3857
4190
3829
3908
3835
3934
3849
4012
4247
4035
3904
4090
4059
4020
4074
4356
4162
4202
4335
3985
4162
4251
4182
4344
4184
4105
4059
4077
4158
4215
4113
3988
3969
3943
3940
4018
3799
3845
3814
3805
3776
3851
3954
3880
3808
3901
4071
3773
3843
3963
3916
3958
3940
3811
3848
3753
3858
3748
3703
4022
3719
3841
3876
3907
3823
3714
3786
3679
3495
3412
3379
3440
3729
3644
3470
3318
3713
3706
3352
3531
3776
3679
3815
3744
3730
3892
3972
3833
4137
4132
4057
4337
4375
4366
4454
4508
4389
4581
4618
4619
4713
4586
4639
4445
4488
4515
4472
4410
4342
4548
4526
4377
4326
4516
4496
4584
4433
4517
4483
4472
4506
4439
4451
4289
4351
4306
4217
4231
3986
4097
4192
3998
4097
4121
3973
4116
4077
4145
4270
4245
4251
4346
4163
4435
4292
4147
4284
4421
4343
4298
4322
4468
4297
4389
4399
4426
4283
4421
4484
4579
4429
4364
4592
4553
4607
4415
4588
4645
4758
4674
4602
4666
4521
4649
4598
4657
4630
4693
4598
4534
4522
4557
4525
4733
4651
4675
4640
4630
4576
4744
4549
4588
4454
4676
4654
4621
4685
4701
4810
4533
4711
4868
4678
4707
4615
4700
4639
4542
4474
4350
4368
4322
4166
3565
3567
3124
2696
4964
2664
2731
2535
2504
2740
2213
2478
2478
2337
2516
2149
2339
2356
2226
2385
2074
2145
2188
2331
1962
2255
2046
2982
2305
1884
2012
2259
1913
2134
2151
2000
2017
1911
2144
2059
2003
1990
2068
1924
2121
2213
1837
1759
2072
1788
2162
2121
2259
1939
2149
2041
1810
2007
2090
1841
2323
2202
2424
2535
2777
2753
4967
5009
3316
3444
3542
