8.77723
8.78983
8.78983
8.78983
8.95179
8.95656
8.95656
8.95656
8.95656
8.95656
8.95656
8.95656
8.95656
8.95656
8.95656
8.95656
8.95656
8.95656
8.95656
8.95656
8.95656
8.95656
8.95656
8.95656
9.07913
9.07913
9.07913
9.07913
9.07985
9.07985
9.08048
9.08048
9.08048
9.08263
9.09088
9.09088
9.09088
9.09088
9.09088
9.09088
9.09088
9.09088
9.09088
9.09088
9.09088
9.09088
9.09088
9.09088
9.09088
9.09088
9.09088
9.09088
9.09778
9.09778
9.09778
9.09778
9.09778
9.09778
9.09778
9.30711
9.31261
9.31261
9.31261
9.31261
9.31261
9.31261
9.31261
9.31261
9.31261
9.31261
9.31261
9.31261
9.31261
9.31261
9.31261
9.31925
9.31925
9.31925
9.31925
9.31925
9.31925
9.31925
9.31935
9.31935
9.31935
9.31935
9.32542
9.32542
9.32542
9.32542
9.32542
9.32542
9.32542
9.32542
9.32542
9.32542
9.32542
9.32542
9.32542
9.32542
9.32542
9.32542
9.32542
9.32542
9.32542
9.32542
9.32542
9.32542
9.32542
9.32542
9.32542
9.32542
9.32542
9.32542
9.32542
9.32542
9.32542
9.32542
9.32542
9.32542
9.32542
9.32542
9.32542
9.32542
9.32542
9.32542
9.32542
9.32542
9.32542
9.32542
9.32542
9.32542
9.32542
9.32542
9.32542
9.32542
9.32542
9.32542
9.32542
9.32542
9.32542
9.32542
9.32542
9.32542
9.32542
9.32542
9.32542
9.32542
9.32542
9.32542
9.32542
9.32542
9.32542
9.32542
9.32542
9.32542
9.32542
9.32542
9.32542
9.32542
9.32542
9.32542
9.32542
9.32542
9.32542
9.32542
9.32542
9.32542
9.32542
9.32542
9.32542
9.32542
9.32542
9.32542
9.32542
9.32542
9.32542
9.32542
9.32542
9.32542
9.32542
9.32542
9.32542
9.32542
9.32542
9.32542
9.32542
9.32542
9.32542
9.32542
9.32542
9.32542
9.32542
9.32542
9.32542
9.32542
9.32542
9.32542
9.32542
9.32542
9.32542
9.32542
9.32542
9.32542
9.32542
9.32542
9.32542
9.32542
9.32542
9.32542
9.32542
9.32542
9.32542
9.32542
9.32542
9.32542
9.32542
9.32542
9.32542
9.32542
9.32542
9.32542
9.32542
9.32542
9.32542
9.32542
9.32542
9.32542
9.32542
9.32542
9.32542
9.32542
9.32542
9.32542
9.32542
9.32542
9.32542
9.32542
9.32542
9.32542
9.32542
9.32542
9.32542
9.32542
9.32542
9.32542
9.32542
9.32542
9.32542
9.32542
9.32542
9.32542
9.32542
9.32542
9.32542
9.32542
9.32542
9.32542
9.32542
9.32542
9.32542
9.32542
9.32542
9.32542
9.32542
9.32542
9.32542
9.32542
9.32542
9.32542
9.32542
9.32542
9.32542
9.32542
9.32542
9.32542
9.32542
9.32542
9.32542
9.32542
9.32542
9.32542
9.32542
9.32542
9.32542
9.32542
9.32542
9.32542
9.32542
9.32542
9.32542
9.32542
9.32542
9.32542
9.32542
9.32542
9.32542
9.32542
