90
96.5854
96.0116
97.8117
95.1513
97.2949
96.5777
98.6819
96.3079
95.9108
98.4061
99.0098
97.3311
95.4173
97.6769
97.5553
97.9173
96.7347
99.1352
99.1845
98.6856
97.976
97.7322
97.8332
97.5246
98.1173
90
93.9843
97.3399
97.4668
97.9904
98.441
98.6304
97.9846
96.0919
97.4663
95.1805
96.4116
97.2707
98.5331
90
98.1431
98.938
97.2136
98.3864
98.9646
97.8536
97.7331
98.6566
98.6627
99.0109
96.2083
90
98.657
96.7623
98.1883
99.2532
98.8147
98.0558
98.3706
97.7937
98.6163
97.297
98.2978
97.9454
97.5078
98.6601
98.7609
98.0694
97.7288
98.8725
98.3516
97.002
98.6227
99.1111
96.9953
97.493
98.5154
97.9756
96.2805
97.8549
98.3806
98.1749
97.8836
98.4593
98.6992
95.8282
97.7936
97.1656
97.6277
98.3749
90
98.5893
98.2533
98.3359
98.6516
99.6284
98.1654
97.7919
98.8927
99.4934
101.953
98.9075
97.4828
99.3585
99.6042
98.5326
98.7411
98.4057
97.8877
98.2738
98.3643
97.6831
98.0357
98.7504
97.9846
98.2201
97.8304
97.4367
99.0288
98.842
98.3481
98.1426
98.6909
97.6916
98.2408
96.3323
97.9783
98.7302
98.4583
98.7525
98.2104
99.1773
98.0467
97.6235
98.28
102.051
98.8458
98.9505
97.9286
99.485
98.8914
98.0024
99.4537
97.7116
98.7007
98.4689
97.7667
98.0741
98.1442
96.914
97.9375
98.762
98.8644
97.958
96.6682
98.0705
96.9363
98.8533
98.2659
98.1053
99.0445
97.9611
99.2176
99.3385
98.0111
98.8938
98.6935
98.705
98.9578
98.7617
99.1446
97.9155
98.7584
99.123
98.4145
97.9457
97.2342
98.5256
99.154
97.1414
97.5375
97.6285
98.6628
99.1875
97.5671
98.2815
97.9411
98.329
97.8678
98.8777
97.8367
98.0004
98.7429
98.6701
98.0561
97.4609
99.0004
98.0495
97.5607
97.8073
99.2189
97.661
97.8352
97.9298
98.8464
98.8388
98.7409
98.7186
97.4504
90
98.4481
99.127
100.853
98.3387
97.901
98.7203
97.8942
98.3264
98.8006
97.8314
99.1011
98.6955
98.958
97.9088
102.738
98.3996
99.0889
99.3204
97.6
99.1592
102.936
101.343
98.4525
97.5157
99.4596
99.0616
97.3788
98.709
99.0892
97.9665
98.7287
98.3715
97.8335
99.1725
98.3672
98.6662
97.8536
98.1173
98.3853
101.557
97.8646
97.2784
97.4822
101.044
98.6875
99.087
99.1326
99.1241
98.2062
98.6536
99.0904
97.9023
97.6587
98.2356
99.5069
98.2125
101.426
101.072
98.2723
98.7554
98.7524
98.2405
98.4387
98.7734
98.7289
97.9266
98.2801
97.5154
97.8359
98.7891
99.1788
90
98.7354
97.0404
97.514
98.719
98.2212
98.3332
98.1111
97.8111
97.9581
97.9438
99.2981
97.7226
98.4816
98.3684
98.6667
98.6371
