7.03297
5.67295
5.9717
5.98592
6.06803
5.43349
5.64717
5.86292
5.69011
5.97363
5.63027
5.45838
5.44292
5.96574
6.0749
5.9717
5.88621
5.6377
5.64619
5.65461
5.86055
5.96489
5.74898
5.88903
5.45492
5.86303
7.16851
7.05046
6.00962
5.89867
6.00151
5.70141
5.75319
5.68357
5.86611
5.82948
5.90284
5.6903
6.10314
5.75902
7.17983
5.67395
5.45151
6.12164
5.77117
5.43994
5.66642
6.1142
5.44421
5.45057
5.44156
5.64289
7.17155
5.44556
6.12326
5.69606
5.4556
5.45726
5.68655
5.44601
5.68365
5.64481
5.99427
5.65309
5.75159
5.81402
5.44726
5.45658
5.74809
5.78666
5.44846
5.75906
6.06293
5.64903
5.32695
6.10299
5.81547
5.64888
5.68019
5.69688
5.89486
5.6842
5.67954
5.68888
5.69088
5.44338
5.69102
5.89131
6.01716
5.89599
5.68526
7.07993
5.68608
5.69369
5.77112
5.56836
5.2145
5.69794
5.68455
5.6434
5.44295
4.55635
5.44785
6.01755
5.42822
5.33424
5.65878
5.74972
5.69431
5.69175
5.68272
5.69091
6.10086
5.89424
5.69699
5.70075
5.86115
5.6732
5.99589
5.75857
5.45056
5.89762
5.80079
5.44361
5.67817
5.4495
5.69599
5.8967
5.44886
5.64997
5.44273
5.70357
5.44283
5.8978
5.96079
5.44521
4.4373
5.4344
5.4429
5.68856
5.41797
5.62279
5.6995
5.44867
5.67389
5.64669
5.76355
5.69538
5.69159
5.69966
5.65167
5.64695
5.64737
5.44423
5.67438
5.7055
5.68286
5.44193
5.65017
5.64519
5.69155
5.43762
5.69377
5.43958
5.43771
5.68376
5.44336
5.45551
5.44331
5.45001
5.45876
5.44481
5.69453
5.44361
5.65585
5.44099
5.68455
5.93049
5.64649
5.33215
5.7917
5.68381
6.00485
5.44217
5.32249
5.67931
5.69601
5.67956
5.68046
5.8207
5.44597
5.6939
5.69125
5.45326
5.45464
5.69197
5.68152
5.64374
5.67822
5.69606
5.6983
5.44966
5.69216
5.7037
5.67822
5.45288
5.45988
5.4435
5.44227
5.68842
7.70193
5.56558
5.45377
5.90338
5.69014
5.69107
5.57877
5.69535
5.55439
5.4535
5.70084
5.21258
5.43975
5.45658
5.69674
4.22393
5.68568
5.44833
5.45151
5.45267
5.44586
4.33314
5.45963
5.46245
5.68927
5.33724
5.45126
5.8896
5.44521
5.3308
5.68087
5.45217
5.44346
5.69593
5.45042
5.44927
5.46239
5.70214
5.68891
5.686
4.61465
5.70032
5.8968
5.69442
4.62798
5.44455
5.44892
5.44899
5.44229
5.70141
5.44804
5.45762
5.69475
5.79702
5.69532
5.33322
5.70405
4.76114
5.88173
5.70198
5.44193
5.45241
5.65167
5.44608
5.44594
5.33259
5.693
5.45625
5.6875
5.69118
5.45598
5.33184
7.81021
5.56227
5.92718
5.69453
5.43924
5.69879
5.67653
5.7047
5.69797
5.68346
5.67659
5.32923
5.68499
5.44804
5.67961
5.56923
5.7019
