9.50593
9.32924
9.33486
9.36842
9.30071
9.3825
9.317
9.47282
9.36842
9.27898
9.41193
9.3609
9.65987
9.27458
9.34653
9.24281
9.51669
9.33294
9.38202
9.35962
9.32071
9.45208
9.12533
9.3652
9.1722
9.09584
9.23456
9.11216
9.31518
9.22115
9.34216
9.18524
9.18078
9.16883
9.44442
9.48737
9.06385
9.19752
9.36903
9.12533
9.18716
9.33832
9.07266
9.16557
9.22027
9.2787
9.22327
9.08079
9.08918
9.1811
9.2809
9.60696
9.27412
9.14461
9.20693
9.06424
9.14461
9.09155
9.16116
9.08901
9.3357
9.08072
9.14461
9.25528
9.18609
9.19482
9.08901
9.29982
9.15578
9.22713
9.10262
9.16557
9.12886
9.09513
9.07508
9.06749
9.19902
9.22946
9.28098
9.2945
9.12347
9.0992
9.11233
9.15806
9.23994
9.13081
9.28098
9.15847
9.20628
9.05018
9.08632
9.11816
9.26079
9.07887
9.1302
9.12483
9.17463
9.05334
9.24288
9.10866
9.10866
9.10756
9.11457
9.15039
9.12982
9.25855
9.34607
9.15366
9.26886
9.1659
9.16754
9.07714
9.12987
9.10493
9.20736
9.06566
9.29037
9.25936
9.1038
9.04097
9.05404
9.09028
9.1327
9.07681
9.20511
9.1972
8.9942
9.15847
9.17122
9.42351
9.11405
9.1007
9.03117
9.09211
9.13644
9.11186
9.07827
9.29295
9.16116
9.27712
9.12129
9.24732
9.08001
9.17802
9.14192
9.09618
9.07407
9.03431
9.17156
9.12173
9.14254
9.18942
9.07527
9.20587
9.10449
9.04927
9.30346
9.19593
9.12728
9.09996
9.1208
9.19854
9.2021
9.113
9.11215
9.11151
9.26286
9.05783
9.04701
9.19893
9.11514
9.11358
9.11111
9.17472
9.30656
9.24208
9.03087
9.17047
9.1462
9.16251
9.18047
9.17671
9.16302
9.1302
9.13057
9.1488
9.17422
9.25092
9.13114
9.19436
9.27793
9.15264
9.28522
9.19202
9.17867
9.33308
9.15512
9.11732
9.1302
9.27826
9.15128
9.19416
9.11341
9.25344
9.09801
9.23089
9.13494
9.12991
9.21033
9.19416
9.2682
9.20655
9.20318
9.25207
9.10876
9.11341
9.22243
9.11571
9.17671
9.23414
9.15783
9.17665
9.24132
9.16705
9.17937
9.18125
9.2016
9.11341
9.24132
9.14571
9.14908
9.15648
9.20658
9.19483
9.18164
9.20231
9.10449
9.13062
9.17671
9.20411
9.17267
9.20662
9.24128
9.21826
9.24399
9.09199
9.2114
9.02725
9.08417
9.12258
9.1888
9.12779
9.13602
9.16776
9.16779
9.15648
9.24536
9.11989
9.23662
9.18675
9.20259
9.19519
9.17301
9.26418
9.24531
9.15685
9.15024
9.34494
9.14571
9.13172
9.15783
9.14422
9.20696
9.12429
9.18747
9.03924
9.13066
9.24894
9.16116
9.25246
9.10749
9.12151
9.21302
9.24666
9.28031
9.12803
9.17338
9.25264
9.24436
9.14442
9.17267
9.24536
9.14164
9.14201
9.23385
9.2521
9.16942
9.16094
9.34923
