6.97266
7.67711
7.05689
7.61795
7.06853
7.87907
7.32054
7.28998
7.95546
7.12784
7.8821
8.29498
7.7797
7.1989
7.46216
7.5604
7.51475
7.6959
7.60415
7.52773
7.32489
7.54549
7.77109
7.98019
7.92922
7.37409
7.46392
7.42807
7.64657
7.91756
7.41316
7.97345
7.69215
8.15056
6.88434
8.20775
7.94391
7.79609
7.7505
7.35187
7.41464
8.02321
8.03714
7.28236
7.88861
8.05338
7.91643
7.24014
8.28051
8.2845
7.96781
7.77932
7.28181
8.28001
7.27972
8.30313
7.98363
8.12561
8.13815
8.18446
8.32772
8.05516
8.1339
7.60778
7.91072
8.23404
8.28118
8.17482
7.423
8.06051
8.0852
7.51556
7.35351
8.00581
8.26556
7.58431
8.17195
8.06498
8.15578
8.00516
7.88775
8.15525
8.3087
8.22836
8.06231
8.25959
8.02389
7.96842
7.7563
8.13959
8.1188
7.6436
7.94421
8.20305
7.48864
8.24659
8.13886
8.31422
8.34185
7.75283
7.85663
8.07301
8.02644
7.87316
8.02787
8.13207
8.08532
7.57842
8.03913
8.12965
8.23033
8.15399
7.31121
7.72757
7.62387
8.12255
7.59542
7.88737
7.53068
7.24418
8.07977
7.47173
7.96606
8.23348
8.08729
8.30458
7.86481
7.77077
8.15082
8.1213
8.18563
7.9015
8.16005
7.70452
7.5123
8.26684
8.26584
8.07005
8.3298
8.15719
7.90448
7.50647
8.12204
7.88772
8.11256
7.95742
7.76637
7.93391
7.99689
7.90508
7.38205
7.88656
7.88144
8.1167
8.23597
7.87125
7.98967
7.79335
7.76965
7.58022
7.97796
8.24656
8.1085
8.09781
7.6544
8.15017
8.06907
8.1764
8.24011
8.00839
8.12346
8.1574
8.19666
8.19896
7.56048
8.15805
8.18797
7.55331
7.6879
8.15917
8.1883
8.23152
7.32672
8.26059
8.18104
8.21345
8.20087
8.18446
8.19635
8.20501
8.04279
8.25542
8.11794
8.18275
8.22836
8.00487
7.89584
7.70737
8.10913
8.14993
7.87717
8.10211
8.07454
8.24582
8.17282
8.06481
8.04886
8.17212
8.24243
8.26689
8.24238
8.12447
8.18721
7.75463
8.16177
8.17855
8.17056
8.1899
8.22894
8.11388
8.26124
8.25687
8.21606
7.92489
8.18853
8.291
8.04861
8.22777
8.02949
7.84012
8.18599
8.17237
8.24649
8.04279
8.2175
8.24243
8.22171
8.01389
8.22132
8.2275
8.19418
8.21407
8.19506
8.26268
8.14993
8.20495
8.21323
8.22312
8.00608
8.12612
8.20677
8.22776
7.7107
8.22108
8.26543
8.23817
8.22348
8.18981
8.16163
8.19956
8.27374
7.85263
8.20459
8.06313
8.21323
8.18104
8.22113
8.19413
7.63345
8.18051
8.1726
8.18104
7.60677
8.12869
8.19809
8.21424
8.16619
8.2673
8.21323
8.25879
8.16056
8.21705
8.1433
8.19555
8.26325
8.22735
8.28124
8.2434
8.23018
7.98686
8.28196
8.16223
8.24655
8.09671
8.06045
8.11268
8.14187
8.26567
7.86335
