3406
3515
3457
3630
3500
3473
3442
3654
3545
3619
3889
3834
3844
3753
4027
4115
4067
3775
4046
4091
4239
4070
4221
4158
4115
4245
4170
4145
4064
4191
4223
4241
4071
4280
4087
4339
3997
4072
4216
4226
4234
4241
4349
4122
4310
4198
4314
4284
4221
4208
4338
4092
4149
4329
4305
4306
4252
4232
4348
4349
4437
4247
4246
4283
4211
4247
4459
4233
4212
4300
4379
4166
4205
4261
4254
4311
4260
4317
4207
4050
4218
4279
4193
4366
4236
4320
4061
4248
4300
4367
4249
4268
4376
4246
4178
4367
4211
4350
4288
4230
4245
4301
4240
4277
4305
4389
4318
4241
4272
4245
4352
4371
4282
4340
4315
4260
4298
4345
4304
4389
4291
4250
4350
4403
4466
4313
4222
4229
4407
4358
4391
4325
4322
4296
4301
4191
4291
4363
4322
4346
4272
4240
4307
4284
4353
4246
4399
4270
4415
4312
4060
4285
4284
4332
4145
4119
4404
4109
4266
4321
4433
4327
4366
4229
4338
4380
4388
4397
4359
4315
4287
4325
4439
4501
4282
4325
4293
4265
4249
4369
4360
4289
4447
4275
4321
4263
4449
4427
4405
4365
4348
4340
4371
4502
4364
4308
4304
4290
4371
4352
4304
4207
4290
4402
4440
4397
4361
4375
4409
4424
4372
4356
4303
4456
4357
4471
4401
4416
4429
4320
4291
4318
4362
4280
4461
4339
4324
4391
4409
4195
4419
4369
4394
4328
4391
4255
4484
4320
4325
4337
4365
4405
4358
4359
4291
4292
4297
4331
4308
4455
4354
4332
4345
4390
4308
4316
4415
4378
4343
4356
4360
4265
4397
4353
4425
4364
4413
4364
4387
4420
4410
4319
4318
4386
4382
4346
4495
4391
4347
4458
4305
4365
4267
4316
4411
4309
4412
4381
4349
4363
4361
4353
4342
4320
4323
4309
4473
4406
4317
