7.44643
7.44553
7.45801
8.07614
7.34248
7.45072
7.33544
8.08925
7.44892
7.44952
7.95984
8.08888
7.44472
7.33111
8.08662
7.97723
7.97635
7.45528
8.09176
8.08888
8.09851
8.07934
7.85926
8.08475
7.54964
7.96656
8.09028
8.08522
7.97954
7.97407
8.08269
8.06792
8.08819
7.97009
7.33559
7.9808
7.34329
7.44245
8.08081
7.9652
7.96071
7.97001
7.97961
7.96512
8.09712
7.9808
7.85034
8.08053
7.96555
7.97495
7.96861
7.33539
8.07755
7.96689
7.84965
8.08559
8.05695
7.97736
7.9902
7.85457
7.96331
8.08595
8.07736
7.87222
7.95978
7.98437
7.96985
7.97621
7.8529
7.97457
7.97273
7.96567
7.86924
8.07705
7.9781
7.9642
7.96516
8.06396
7.96554
7.45891
8.07124
8.08708
8.0667
7.96763
8.08902
7.97092
7.32907
8.07258
7.96739
8.07611
8.07576
7.97821
8.08595
8.07341
7.96566
8.07792
7.97596
8.08388
7.96753
8.06949
8.07059
7.97445
7.96382
8.08578
8.07428
8.08634
8.08489
8.08016
8.07017
7.94436
8.07639
8.08869
8.0735
8.07615
8.04396
7.9794
8.05562
7.8426
7.96182
8.06077
7.96432
8.09044
8.08036
7.96071
7.86264
7.855
7.44152
8.07493
7.95215
8.06536
7.96325
7.98375
8.07947
8.0762
7.97176
7.85132
7.96656
7.94623
8.06677
7.96067
8.05924
7.97145
7.98315
8.07548
7.87097
8.0822
8.07631
7.8596
7.96047
7.96222
7.44198
7.84619
8.0769
7.97598
7.97706
7.54595
7.94865
7.33814
8.07059
7.84766
7.96393
8.063
7.96171
8.0678
7.95518
7.97785
7.96874
7.95595
7.96661
7.97473
7.96279
8.07105
7.97382
7.96994
8.08405
7.85457
7.9702
7.84806
7.95145
7.96171
7.84352
7.86218
7.96745
7.9593
7.96891
7.86152
8.08335
7.96291
8.08036
8.08838
7.95849
7.96637
7.97317
7.97007
7.96409
7.95799
7.74958
8.08531
7.97183
7.85953
7.85844
8.07966
7.8644
7.9731
7.95502
7.96327
7.96309
7.95647
7.97029
7.85058
7.94122
7.97897
8.08443
8.8768
8.08276
7.96109
8.08523
7.96655
7.96309
7.96586
7.97335
7.85798
7.95291
7.95502
7.9718
7.97232
8.06259
8.08081
8.08715
7.54486
8.08559
8.08731
8.76823
7.85284
7.85755
8.08389
8.07378
7.96521
7.96393
7.96327
7.97435
7.97444
7.85543
7.96946
8.0824
7.86288
7.96607
7.97068
7.9727
8.08164
7.97104
7.97335
7.86642
7.85388
7.85457
7.96212
8.07947
8.08215
8.0639
8.06638
7.96644
7.97051
7.97239
7.96553
8.07283
8.07333
8.07708
8.07341
8.86912
8.08072
7.95928
7.97148
7.85494
7.85798
7.97642
7.855
7.96704
7.86251
7.85457
7.96434
7.97945
7.98736
7.9737
8.08081
7.9682
7.86493
7.97929
8.08081
8.08756
7.98126
7.9702
7.96555
7.97805
7.98045
7.8711
7.86759
8.075
8.08904
8.09075
