96.7043
96.5827
96.9058
97.2402
95.9414
96.2374
96.2548
95.5088
96.7968
96.6033
96.4436
96.1654
95.866
97.0916
96.611
97.6592
94.9175
96.9129
97.0988
95.8635
97.1189
96.6447
97.5921
97.5999
96.1492
96.6459
96.9752
96.8424
96.4608
97.242
96.7251
96.7627
95.1462
96.9146
96.2305
96.4149
96.2544
95.0226
96.5744
97.5667
97.8872
98.2303
96.6519
96.6967
96.7267
96.5296
97.4978
96.5382
95.5496
95.9825
97.2305
95.3583
96.0036
96.0377
97.9065
95.8479
95.9343
96.7956
98.0585
95.8057
98.0135
96.2398
97.5552
97.3339
96.3612
97.5015
96.8964
94.1
96.8597
97.645
97.0745
95.5767
97.7472
97.3773
96.2347
96.8475
97.8637
96.496
96.5834
97.4614
97.0497
90
96.4215
97.0265
96.477
97.5622
95.8599
96.78
96.5885
97.0477
96.6976
96.1756
96.5655
97.951
96.8171
96.9572
96.4921
94.7833
94.3665
96.5013
96.152
95.7631
90
96.5769
96.2693
96.8377
94.0922
96.0681
96.3837
96.2537
97.12
96.4464
92.9446
95.5637
97.4414
94.3253
97.318
96.5746
96.4459
97.5671
96.0531
95.8942
95.5979
96.3545
97.6687
96.2702
97.7129
95.8534
96.6613
97.3314
95.8662
96.2438
95.7547
97.4877
96.6177
98.0353
93.5115
96.2726
94.1038
97.7004
96.1342
97.8077
95.085
96.9335
94.8739
96.2115
96.9472
94.7224
96.8005
96.9664
96.9837
96.0026
97.095
93.8562
95.0171
96.2135
95.5934
96.8777
96.7551
93.5383
97.5017
95.864
93.0887
97.5944
97.1136
95.7955
90
96.3576
96.4853
97.0513
94.0221
93.1083
97.1709
96.7096
96.152
96.3108
93.7369
96.4533
94.5085
97.3335
96.2757
96.8987
97.4281
94.8892
95.9328
97.736
96.7136
97.5512
96.183
94.2198
95.9068
96.553
97.0441
97.3299
96.8288
93.834
96.1593
94.1978
95.3704
96.1043
96.6565
95.2111
93.4312
95.0362
97.185
94.3165
93.7322
96.2141
97.0281
97.0361
97.6387
96.3702
96.4055
95.3434
93.1816
95.1656
97.2313
97.215
96.9349
95.7037
95.9089
95.3046
94.7708
96.9442
93.1342
95.8551
96.1378
96.2686
96.6449
96.8186
95.6762
95.8193
96.8853
97.1835
96.5676
96.6053
95.5588
96.2109
96.618
96.6928
95.9721
93.8471
97.0116
96.3336
96.1627
96.9067
96.6309
96.9181
96.2633
95.6057
96.1108
97.2725
97.146
96.2322
98.0639
95.5964
95.6842
95.6518
96.6305
96.4146
93.0213
96.5425
97.0805
95.7651
95.2802
93.4909
95.984
94.9821
95.3142
95.8955
96.0649
95.4417
95.3549
96.9333
96.5828
95.9723
95.8254
94.7302
96.4547
96.5829
96.3737
96.3833
95.936
96.3429
95.3602
95.5268
96.6404
95.0516
96.5123
96.0657
96.3041
95.6732
96.0643
96.0199
96.2421
95.3213
97.1858
96.5152
97.7648
