5.58851
5.84671
5.5891
5.73127
5.59517
5.58686
5.49329
5.72609
5.58576
5.59033
5.59897
5.73438
5.59696
5.59555
5.57905
5.59442
5.58809
5.84147
5.49121
5.58714
5.58017
5.57978
5.7057
5.59581
5.70537
5.7234
5.69019
5.58006
5.59918
5.7234
5.71513
5.59027
5.57841
5.57809
5.71028
5.72363
5.58704
5.58035
5.68058
5.58362
5.58845
5.5742
5.72097
5.7136
5.72236
5.59887
5.72013
5.68936
5.73141
5.69882
5.57981
5.57993
5.57847
5.57996
5.59486
5.71739
5.57828
5.58708
5.49055
5.59543
5.58682
5.59847
5.59548
5.70535
5.70552
5.32809
5.58911
5.70738
5.58783
5.57926
5.57946
5.71716
5.57946
5.57856
5.58959
5.58124
5.56681
5.59677
5.70535
5.58965
5.58688
5.58749
5.71843
5.48311
5.59037
5.58714
5.45251
5.58866
5.58885
5.5795
5.58714
5.84459
5.58871
5.45267
5.57844
5.70646
5.57936
5.48612
5.59635
5.58
5.57962
5.7041
5.57228
5.60295
5.58556
5.5915
5.59626
5.71325
5.70844
5.5872
5.58832
5.58539
5.58918
5.57962
5.57473
5.49989
5.58622
5.58589
5.55263
5.5752
5.57993
5.71691
5.58864
5.57389
5.59561
5.58565
5.57944
5.71421
5.71513
5.62445
5.50611
5.57936
5.712
5.59655
5.50343
5.49266
5.58604
5.58874
5.69672
5.58832
5.58665
5.50921
5.70298
5.58688
5.2049
5.71617
5.58589
5.48614
5.59311
5.71377
5.72018
5.71695
5.33315
5.60655
5.71659
5.48469
5.71383
5.5876
5.60149
5.70899
5.57071
5.5787
5.45328
5.30229
5.50442
5.50422
5.71471
5.5874
5.71117
5.48035
5.31113
5.53695
5.57642
5.60627
5.49384
5.57917
5.45924
5.30902
5.57264
5.71502
5.57995
5.59879
5.57755
5.585
5.59612
5.52699
5.71534
5.59779
5.57952
5.57783
5.71766
5.52612
5.71766
5.45861
5.43168
5.60394
5.49968
5.50061
5.71414
5.52603
5.57863
5.71497
5.44937
5.52055
5.30063
5.56406
5.71363
5.72029
5.48808
5.51589
5.296
5.71424
5.53437
5.5095
5.596
5.85093
5.48708
5.4967
5.57998
5.58392
5.71372
5.50814
5.59466
5.71266
5.52476
5.59707
5.5967
5.47307
5.47403
5.59665
5.60355
5.59514
5.57886
5.53392
5.52605
5.58678
5.71941
5.59623
5.52283
5.48837
5.60385
5.29783
5.49136
5.30223
5.71538
5.7155
5.50027
5.48938
5.52983
5.71569
5.71983
5.48128
5.50743
5.71541
5.27189
5.59616
5.71346
5.71601
5.50691
5.48866
5.71549
5.58739
5.50062
5.50874
5.58769
5.71768
5.47038
5.58932
5.59471
5.6081
5.60327
5.49547
5.48588
5.3026
5.58246
5.72524
5.72502
5.48725
5.60495
5.58838
5.59631
5.49219
5.58729
5.60154
5.45975
5.72351
5.58022
5.5949
5.59476
5.59405
5.38803
5.48864
5.39207
5.48133
5.19194
5.58745
5.38308
5.36029
5.18536
