10.9529
10.9214
10.9087
11.0164
11.0101
11.0984
11.0101
10.9529
11.0164
10.9949
11.113
11.0182
11.0101
11.0823
10.9561
11.0101
10.9659
11.0029
11.113
11.0369
10.9473
10.9529
11.113
11.1513
11.0101
10.9529
11.0346
11.0101
10.9518
11.0369
11.0941
11.0369
11.1013
11.0101
11.1702
11.0584
11.113
11.0727
11.135
11.0369
10.9592
11.0046
11.0941
11.0941
11.0687
11.0369
11.0369
11.1524
11.0164
11.0369
10.973
11.113
11.0164
11.0941
11.0823
11.0941
11.0859
11.0941
11.0558
11.0164
11.0084
11.087
10.9529
11.0164
11.113
11.087
11.0502
10.9518
10.8938
10.9581
11.005
10.9473
11.0164
10.951
11.1023
11.0369
11.0046
11.0092
10.9592
11.0029
10.8923
10.9447
11.0101
10.9743
10.9935
10.8875
10.9486
10.9659
10.9359
10.9363
10.9747
10.9659
10.9087
10.9935
10.9659
10.9444
10.9592
10.9529
10.9659
11.0458
10.9587
11.0164
10.9659
10.9587
11.0182
11.0101
11.0172
10.9414
10.9444
11.0172
11.0101
11.0902
10.8968
10.8776
10.9524
10.9651
10.9659
10.9584
10.9353
10.9592
10.9087
11.0101
10.9087
11.0101
11.0101
10.9087
10.943
11.0007
10.9087
11.0195
10.9587
10.8647
11.0084
10.9659
10.9659
10.9077
10.9651
10.8709
10.9651
11.0755
11.0046
11.0228
10.9659
11.0941
10.9659
10.9659
10.9087
10.9363
11.0287
10.8433
10.9447
10.9385
10.9886
10.9692
10.9935
10.9935
11.0152
10.9584
11.0287
10.9447
11.087
11.0755
11.0017
10.9087
10.9447
11.1082
11.1059
10.9659
10.9587
11.0338
11.0755
11.0101
11.0755
11.0603
11.0101
11.0589
11.0818
11.0941
11.0941
10.9587
11.1595
11.0518
11.0699
11.2118
11.0258
11.0068
11.0755
11.0101
11.0127
11.081
11.0084
11.0238
11.0941
11.2218
11.0101
10.9587
10.9005
11.0873
11.0818
11.1595
11.1595
11.0082
10.9659
11.0818
10.9986
11.1013
11.0313
10.9659
10.9659
10.8905
11.0746
11.0691
11.0941
11.1595
11.0238
11.0313
11.0156
10.9935
11.0164
11.0941
11.0164
11.0818
11.2249
11.1194
11.1243
11.2004
11.0818
11.1646
11.2218
10.9949
11.1059
11.0097
11.0164
11.0082
11.2004
11.0941
11.176
11.1445
11.0584
11.1595
11.0007
11.1953
11.0359
11.135
10.9444
11.1791
11.081
11.1023
11.2249
11.1784
11.1784
11.1023
11.176
11.1569
11.269
11.1645
11.2911
11.1212
11.2239
11.1835
11.0164
11.0242
11.1248
11.1784
10.9991
11.1884
11.0941
11.0818
11.1646
11.0407
11.0164
11.0534
11.1023
11.0941
11.2249
11.1646
11.2239
11.0206
10.9789
11.0992
11.0706
11.0055
11.0426
11.2099
11.1472
11.0461
11.2414
11.1646
10.9445
11.046
11.0134
11.0206
10.9866
11.0287
11.0192
10.951
11.2059
11.2059
11.0805
