10.5895
10.5752
10.2836
10.497
10.4485
10.464
10.3531
10.5973
10.4049
10.3523
10.5167
10.75
10.5954
10.4359
10.335
10.3814
10.7207
10.497
10.3256
10.6165
10.4149
10.3206
10.4413
10.464
10.4845
10.5486
10.2157
10.4235
10.5512
10.5458
10.7655
10.4739
10.4652
10.3609
10.4155
10.4957
10.4172
10.6596
10.3992
10.1907
10.4079
10.3541
10.5245
10.5185
10.4834
10.4372
10.429
10.3649
10.5422
10.413
10.3206
10.4935
10.4422
10.3523
10.4197
10.4472
10.5343
10.4071
10.2628
10.204
10.6554
10.3863
10.4482
10.4798
10.572
10.4736
10.3312
10.5534
10.3984
10.4935
10.3708
10.4992
10.3608
10.463
10.4327
10.4286
10.2742
10.4138
10.618
10.3435
10.4927
10.7852
10.46
10.5031
10.4489
10.5079
10.2972
10.414
10.6445
10.4618
10.6203
10.6834
10.4079
10.1907
10.4744
10.5777
10.4935
10.5685
10.6696
10.4851
10.6134
10.7109
10.5821
10.7262
10.3901
10.3827
10.6442
10.5879
10.618
10.4314
10.3989
10.521
10.7229
10.6775
10.3579
10.6941
10.4776
10.6865
10.2672
10.5334
10.3206
10.8458
10.576
10.3253
10.418
10.3963
10.4315
10.5268
10.5076
10.3272
10.4642
10.4935
10.6409
10.6081
10.2017
10.31
10.7743
10.4234
10.7003
10.4074
10.6203
10.1715
10.4444
10.6503
10.5928
10.429
10.6565
10.5763
10.4452
10.5163
10.4778
10.6718
10.2138
10.5838
10.5233
10.4972
10.4606
10.3567
10.4677
10.6875
10.3508
10.6143
10.5334
10.4166
10.3539
10.5734
10.7655
10.7098
10.4711
10.5051
10.6368
10.503
10.3702
10.5051
10.5656
10.3718
10.4243
10.3791
10.5906
10.4127
10.3913
10.2769
10.3329
10.4329
10.4665
10.1972
10.4888
10.1758
10.5712
10.5992
10.4467
10.2447
10.4331
10.2081
10.2231
10.5892
10.4552
10.459
10.4349
10.5
10.3176
10.6713
10.5312
10.4503
10.2437
10.4779
10.8483
10.4617
10.52
10.3623
10.4016
10.6291
10.4043
10.3779
10.7732
10.648
10.2465
10.2327
10.321
10.3673
10.4363
10.4828
10.5128
10.6183
10.5334
10.6272
10.538
10.4703
10.2974
10.4401
10.3869
10.6826
10.3913
10.1714
10.2058
10.4036
10.5297
10.4845
10.1743
10.1948
10.3924
10.5913
10.1449
10.2044
10.5142
10.636
10.2057
10.2876
10.1948
10.4888
10.5297
10.2243
10.2337
10.4086
10.2635
10.561
10.3623
10.825
10.2155
10.2044
10.6231
10.4677
10.3478
10.2038
10.2031
10.7005
10.5044
10.7319
10.5622
10.5011
10.6894
10.3142
10.5473
10.1846
10.364
10.6685
10.5882
10.5758
10.5749
10.4068
10.667
10.2546
10.548
10.2694
10.6212
10.5759
10.3305
10.5539
10.4736
10.272
10.339
10.4681
10.2436
10.3357
10.349
10.6378
10.1447
10.531
10.3109
