5937
6003
6056
5904
6076
6043
5965
6038
5885
5984
6000
6012
5894
5928
5925
5964
5935
5874
5920
6035
5974
5976
6090
5965
5858
6073
5800
5997
6035
5908
5905
5937
5870
6043
5960
5988
5915
5870
5951
5983
5933
6031
5871
6032
6105
5933
5880
5976
5997
5926
6003
5852
5933
5959
5973
6079
6000
5982
5986
5897
5866
5906
5853
5963
5894
5876
5819
5954
5836
5882
6009
5750
5825
5925
5909
5837
5934
5837
5962
5866
5952
5864
5886
5930
5835
5894
5812
5804
5802
5962
5901
5918
5772
5847
5988
5953
5852
5862
5861
5912
5822
5789
5872
5937
5891
5870
5960
5854
5989
5838
5906
5887
5866
5916
5809
5980
5885
5901
5712
5906
5887
5926
5905
5882
5813
5967
5995
5848
5759
5877
5905
5893
5741
5852
5850
5807
5963
5796
5752
5790
5753
5774
5789
5851
5899
5777
5776
5738
5847
5792
5876
5868
5838
5760
5746
5836
5733
5640
5845
5806
5863
5781
5851
5777
5754
5837
5660
5774
5799
5825
5861
5652
5769
5820
5715
5668
5810
5634
5843
5708
5631
5628
5669
5764
5669
5681
5537
5800
5659
5765
5587
5711
5796
5666
5651
5763
5642
5627
5645
5810
5639
5767
5592
5739
5750
5572
5784
5684
5650
5712
5703
5702
5591
5589
5642
5616
5607
5614
5738
5629
5737
5655
5590
5721
5691
5691
5694
5712
5760
5726
5858
5733
5803
5611
5694
5722
5918
5821
5740
5747
5796
5667
5762
5691
5704
5755
5609
5727
5602
5597
5764
5757
5615
5651
5681
5719
5534
5737
5630
5715
5676
5758
5621
5637
5788
5756
5677
5668
5709
5695
5799
5590
5569
5620
5731
5661
5566
5639
5624
5615
5685
5735
5576
5715
5620
5633
5620
5764
5529
5615
5483
5560
5525
5558
5607
5563
5603
5545
5412
