8.07808
8.28742
8.0801
8.39841
7.76993
7.87419
7.76273
7.77018
8.06603
7.98715
7.97445
8.05691
7.77409
8.19216
7.97465
8.38661
7.43284
8.38681
8.06299
7.76768
8.18163
7.98436
8.48912
8.38817
7.96451
8.18155
8.18989
8.08158
7.98887
8.40363
8.25399
8.07432
7.46339
8.09108
7.98448
8.08371
7.87039
7.45402
8.07762
8.29102
8.47214
8.56945
8.17572
8.18366
8.1953
7.98813
8.46533
8.06521
7.78002
7.88128
8.19855
7.54838
7.77485
7.76988
8.48897
7.85743
7.76826
8.06741
8.39658
7.67046
8.58697
7.86968
8.36704
8.40295
8.06273
8.0864
8.08821
7.22034
8.08966
8.39631
8.1536
7.76746
8.39851
8.28794
7.86907
8.08584
8.40487
7.96831
8.1562
8.29899
8.18207
6.46926
8.07294
8.07223
7.96287
8.37712
7.56617
8.06487
8.04774
8.16627
8.08141
8.15657
7.98448
8.29933
8.08275
8.28795
7.9676
7.25481
7.22576
7.96974
7.8676
7.8661
6.49499
8.07631
7.86845
8.08146
7.11934
7.96436
8.08431
7.87339
8.18621
7.96288
6.69232
7.65984
8.28047
7.11758
8.27732
8.04923
7.87258
8.3738
7.76876
7.9563
7.66182
7.87364
8.40113
7.8702
8.405
7.87258
8.16946
8.28183
7.65637
7.87551
7.85675
8.38508
7.87057
8.40357
6.90837
7.88015
7.23218
8.40276
7.86942
8.29862
7.56176
8.17716
7.01142
7.9863
8.18285
7.23355
8.08431
8.28373
8.28715
7.96122
7.87572
7.03334
7.56425
7.77042
7.76273
8.086
8.08124
7.03069
8.29675
7.75896
6.59004
8.07999
8.08871
7.65054
6.23609
7.97394
8.09178
8.07916
6.80697
6.67764
8.18584
8.07798
7.77149
7.87324
6.82093
7.657
7.24279
8.3952
7.86547
8.0856
8.27186
7.36988
7.77146
8.29745
8.18471
8.29562
7.86996
7.1419
7.87928
7.8798
8.29604
8.08482
7.88015
7.02323
7.75622
7.03593
7.67604
7.77187
7.98681
7.66148
6.71223
7.36241
7.88335
7.14579
7.12892
7.99851
8.08194
8.0738
8.08603
8.08755
7.87045
7.45081
6.79371
7.77614
8.08732
8.08753
8.09069
7.65488
7.87397
7.45475
7.34944
8.29918
6.67832
7.77668
7.86313
7.77331
7.87327
8.09336
7.66835
7.7726
8.08842
8.09784
7.87607
7.99618
7.76902
7.87824
7.88374
7.881
7.77819
6.72228
7.98681
7.56751
7.98596
8.29222
7.8731
7.98586
7.76763
7.77467
7.97444
8.09086
8.07349
7.98871
8.18013
7.66587
7.77627
7.85856
7.88186
7.78314
6.8369
7.98841
8.07123
7.56911
7.47362
7.02322
7.67256
7.46042
7.55965
7.77679
7.87475
7.46058
7.46316
7.77955
7.97447
7.9574
7.88554
7.23747
7.99772
7.9903
7.97939
7.78661
7.78074
7.88463
7.45286
7.77018
7.98556
7.46073
7.98596
7.77713
7.6724
7.56845
7.5686
7.66122
7.45584
7.56908
7.94112
7.76566
7.9973
