5.08813
5.09001
5.09001
5.09001
5.20484
5.29925
5.29925
5.42355
5.42355
5.42355
5.42355
5.43368
5.43368
5.43617
5.43617
5.54756
5.54828
5.54828
5.54828
5.54828
5.54828
5.54828
5.54828
5.54828
5.54828
5.54828
5.54828
5.54828
5.54828
5.54828
5.54828
5.54828
5.54828
5.54828
5.54828
5.66367
5.66367
5.66367
5.66367
5.66367
5.66367
5.66367
5.66367
5.66367
5.66367
5.66367
5.66367
5.66367
5.66367
5.66367
5.66367
5.66367
5.66367
5.66367
5.66367
5.66367
5.66367
5.66367
5.66367
5.66367
5.66367
5.66367
5.66367
5.66367
5.66367
5.66367
5.66367
5.66367
5.66367
5.66367
5.66367
5.66367
5.66367
5.66367
5.66367
5.66367
5.66367
5.66367
5.66367
5.66367
5.66367
5.66367
5.66367
5.66367
5.66367
5.66367
5.66367
5.66367
5.66367
5.66367
5.66367
5.66367
5.66367
5.66367
5.66367
5.66367
5.66367
5.66439
5.66439
5.66439
5.66439
5.66439
5.66439
5.66439
5.66439
5.66439
5.66439
5.66439
5.66439
5.66439
5.66439
5.66439
5.66439
5.66439
5.66439
5.66439
5.66439
5.66439
5.66439
5.66439
5.66439
5.66439
5.66439
5.66439
5.66439
5.66439
5.66439
5.66439
5.66439
5.66439
5.66439
5.66439
5.66439
5.66439
5.66439
5.66453
5.66453
5.66453
5.66453
5.66453
5.66453
5.66453
5.66453
5.66453
5.66453
5.66453
5.66453
5.66453
5.66453
5.66453
5.66453
5.66453
5.66453
5.66453
5.66453
5.66453
5.66453
5.66453
5.66453
5.66453
5.66928
5.66928
5.66928
5.66928
5.66928
5.66928
5.66928
5.66928
5.66928
5.66928
5.66928
5.66928
5.66928
5.66928
5.66928
5.66928
5.66928
5.66928
5.66928
5.66928
5.66928
5.66928
5.66928
5.66928
5.66928
5.66928
5.66928
5.66928
5.66928
5.66928
5.66928
5.66928
5.66928
5.66928
5.66928
5.66928
5.66928
5.66928
5.66928
5.66928
5.66928
5.66928
5.66928
5.66928
5.66928
5.66928
5.66928
5.66928
5.66928
5.66928
5.66928
5.66928
5.66928
5.66928
5.66928
5.66928
5.66928
5.66928
5.67098
5.67098
5.67098
5.67098
5.67098
5.67098
5.67098
5.67098
5.67098
5.67098
5.67098
5.67098
5.67098
5.67098
5.67098
5.67098
5.7758
5.7758
5.7758
5.7758
5.7758
5.7758
5.7758
5.7758
5.7758
5.7758
5.7758
5.7758
5.7758
5.7758
5.7758
5.7758
5.7758
5.7758
5.7758
5.7758
5.7758
5.7758
5.7758
5.7758
5.7758
5.7758
5.7758
5.7758
5.7758
5.7758
5.7758
5.7758
5.7758
5.7758
5.7758
5.7758
5.7758
5.7758
5.7758
5.7758
5.7758
5.7758
5.7758
5.7758
5.7758
5.7758
5.7758
5.7758
5.7758
5.7758
5.7758
5.7758
5.7758
5.7758
5.7758
5.7758
5.7758
5.7758
5.7758
5.7758
5.7758
5.7758
5.7758
