12.7608
12.9768
12.9768
12.9768
12.9822
13.0027
13.0085
13.0085
13.0085
13.0085
13.0085
13.0085
13.0085
13.0085
13.0085
13.0085
13.0085
13.0085
13.0088
13.0742
13.0742
13.0742
13.0742
13.0742
13.0742
13.0742
13.0742
13.0753
13.0753
13.0829
13.0829
13.0829
13.0829
13.0829
13.0829
13.0829
13.0829
13.0829
13.0829
13.0832
13.0832
13.0832
13.0832
13.0832
13.0832
13.0832
13.1885
13.1885
13.1885
13.1885
13.1885
13.1914
13.1914
13.1914
13.1914
13.1914
13.1914
13.1914
13.1914
13.1914
13.1914
13.1914
13.1914
13.1914
13.1914
13.1914
13.1914
13.1914
13.1914
13.1914
13.1914
13.1914
13.1914
13.1914
13.1914
13.1914
13.1914
13.1914
13.1914
13.1914
13.1914
13.1914
13.1914
13.1914
13.1914
13.1914
13.1914
13.1914
13.1914
13.1914
13.1914
13.1914
13.1914
13.1914
13.1914
13.1914
13.1914
13.1914
13.1914
13.1914
13.1914
13.1914
13.1914
13.1914
13.1914
13.1914
13.1914
13.1914
13.1914
13.1914
13.1914
13.1914
13.1914
13.1914
13.1914
13.1914
13.1914
13.1914
13.1914
13.1914
13.1914
13.1914
13.1914
13.1914
13.1914
13.1914
13.1914
13.1914
13.1914
13.1914
13.1914
13.1914
13.1914
13.1914
13.1914
13.1914
13.1914
13.1914
13.1914
13.1914
13.1914
13.1914
13.1914
13.1914
13.1914
13.1914
13.1914
13.1914
13.1914
13.1914
13.1914
13.1914
13.1914
13.1914
13.1914
13.1914
13.1914
13.1914
13.1914
13.1914
13.1914
13.1914
13.1914
13.1914
13.1914
13.1914
13.1914
13.1914
13.1914
13.1914
13.1914
13.1914
13.1914
13.1914
13.1914
13.1914
13.1914
13.1914
13.1914
13.1914
13.1914
13.1914
13.1914
13.1914
13.1914
13.1914
13.1914
13.1914
13.1914
13.1914
13.1914
13.1914
13.1914
13.1914
13.1914
13.1914
13.1914
13.1914
13.1914
13.1914
13.1914
13.1914
13.1914
13.1914
13.1914
13.1914
13.1914
13.1914
13.1914
13.1914
13.1914
13.1914
13.1914
13.1914
13.1914
13.1914
13.1914
13.1914
13.1914
13.1914
13.1914
13.1914
13.1914
13.1914
13.1914
13.1914
13.1914
13.1914
13.1914
13.1914
13.1914
13.1914
13.1914
13.1914
13.1914
13.1914
13.1914
13.1914
13.1914
13.1914
13.1914
13.1914
13.1914
13.1914
13.1914
13.1914
13.1914
13.1914
13.1914
13.1914
13.1914
13.1914
13.1914
13.1914
13.1914
13.1914
13.1914
13.1914
13.1914
13.1914
13.1914
13.1914
13.1914
13.1914
13.1914
13.1914
13.1914
13.1914
13.1914
13.1914
13.1914
13.1914
13.1914
13.1914
13.1914
13.1914
13.1914
13.1914
13.1914
13.1914
13.1914
13.1914
13.1914
13.1914
13.1914
13.1914
13.1914
13.1914
13.1914
13.1914
13.1914
13.1914
13.1914
13.1914
13.1914
13.1914
13.1914
