5339
5291
5356
5087
5230
5286
5215
5418
5402
5334
5360
5369
5236
5368
5133
5456
5451
5376
5319
5552
5532
5637
5567
5546
5710
5660
5955
5936
6031
5916
5859
6009
5937
5957
5893
5926
5991
5947
5853
5778
5765
5827
5667
5804
5840
5819
5851
5684
5785
5770
5907
5804
5734
5722
5728
5795
5851
6035
5726
5876
5724
5846
5827
5916
5847
5714
5561
5607
5465
5371
5377
5249
5265
5068
4847
4854
5142
4772
4628
4621
4589
4681
4306
4622
4465
5238
4165
4319
4207
4335
4629
4319
4030
4149
4208
4249
4149
4309
4173
5001
4629
4612
4932
5034
5044
5113
6440
6617
5317
6455
6610
5170
5147
5074
5234
5238
5335
5149
5183
5142
5218
5236
5309
5508
5233
5154
5279
5178
5429
5301
5385
5378
5526
5466
5474
5637
5553
5763
5725
5694
5570
5592
5587
5879
5674
5788
5687
5532
5565
5865
5715
5848
5823
5696
5669
5731
5841
5699
5824
5748
5664
5756
5686
5823
5753
5810
5744
5742
5913
5900
5719
5864
5711
5895
5816
5833
5770
5715
5997
5825
5911
5736
5782
5696
5979
5807
5829
5891
5968
5741
5655
5816
5739
5784
5851
5704
5669
5735
5872
5834
5651
5677
5928
5892
5789
5722
5619
5693
5653
5705
5633
5698
5670
5816
5615
5792
5799
5639
5728
5730
5801
5672
5661
5649
5718
5585
5511
5672
5621
5591
5535
5775
5621
5701
5910
5609
5700
5774
5705
5588
5912
5777
5860
5834
5771
5837
5740
5712
5823
5767
5821
5658
5855
5884
5766
5954
5829
5881
5770
5842
5866
5876
5852
5837
5815
5913
5727
5927
5874
5842
5806
5874
5822
5741
5765
5902
5909
5946
5922
5894
5857
5879
5874
6006
5942
6053
5932
5751
5819
5902
5935
5699
5922
5823
5926
5738
5720
