94.5854
90
90
90
90
94.599
93.5423
93.1586
90
93.7316
92.7979
90
93.4127
90
94.2386
90
92.8026
95.5459
90
90
95.0876
90
90
90
93.5592
90
90
90
90
90
93.57
93.8923
90
90
90
90
90
90
94.4632
95.835
90
90
90
90
90
90
90
94.13
90
92.8025
93.2282
93.606
90
90
90
90
95.2982
94.5367
90
90
95.0109
90
90
90
90
92.7756
93.9827
93.8152
92.8835
90
90
90
93.5217
90
92.785
90
90
90
90
90
90
90
90
90
92.8043
90
90
92.909
93.9877
93.963
93.4915
90
90
92.8298
93.539
90
93.5838
90
90
90
90
90
90
90
90
92.853
90
90
90
90
90
90
90
90
94.1907
94.5025
90
90
90
90
93.4193
90
90
90
93.972
90
90
90
90
94.1684
90
90
90
90
90
93.9473
92.7333
94.4256
94.1127
93.1611
90
93.0544
90
90
90
90
94.3129
90
90
94.9633
90
90
93.2329
93.2693
92.7895
90
90
90
90
90
93.2751
90
90
94.9604
90
86.9052
93.6231
90
93.079
92.8792
90
90
90
90
93.1819
92.9456
90
90
90
90
93.4991
93.575
90
90
90
93.0574
90
90
90
92.7508
92.821
90
95.4306
93.2958
90
93.5652
90
94.5438
90
90
90
90
90
93.9911
90
90
90
93.0227
90
90
90
90
90
90
90
95.004
94.3591
90
90
90
90
90
90
93.9105
90
90
90
95.1046
90
90
93.5194
90
90
90
90
90
90
90
96.2441
90
90
90
90
90
92.9614
90
90
90
93.0851
93.2383
94.3284
90
90
90
90
90
92.9052
90
90
93.5898
90
90
90
90
90
90
90
90
95.7151
90
90
90
90
93.679
90
90
93.5526
90
90
94.1651
90
90
90
90
94.3159
93.0947
90
90
90
90
90
90
93.2848
90
90
92.757
93.2447
93.2056
