1.4105
1.98591
3.30706
3.46666
2.62074
1.68183
2.08913
1.95346
3.01868
1.98464
2.37653
2.78103
1.98653
3.46633
1.97736
2.76364
2.2397
1.23408
2.47066
3.60988
2.21183
2.238
2.81514
2.37941
2.07028
2.11321
2.51134
3.22612
2.95697
2.72796
2.22522
1.70538
3.15723
2.52332
3.66605
2.66688
2.62923
3.31635
1.71656
0.854903
3.7556
2.34388
3.61661
3.52621
2.73295
3.1483
3.31286
1.57299
3.1591
1.82521
2.07544
2.23639
3.67133
2.73441
2.47961
2.81305
1.3722
1.56902
2.40169
2.80414
1.53209
2.8137
2.50061
3.32087
3.59226
2.25185
1.65961
1.9787
2.3624
3.61645
2.80559
3.30984
1.66508
2.74586
2.25591
3.2334
2.4771
2.79579
2.80718
3.3346
3.34285
2.25612
2.67122
2.63622
2.23746
2.50329
2.9522
2.06556
2.05839
2.08613
2.09361
3.02337
3.60878
2.52496
2.11748
2.62566
2.06983
3.35412
2.62654
3.49412
2.62875
3.32378
2.62601
3.45722
2.77748
2.07343
2.7726
2.59846
2.51077
2.61593
2.63448
3.09436
2.64101
2.8132
1.66144
1.67908
3.0419
2.62804
3.3285
3.61412
1.97829
2.95019
3.81255
2.06214
1.39553
2.79793
1.9835
3.31634
2.78258
1.70934
2.81041
2.6218
2.59937
2.95876
2.8047
2.2137
1.99168
2.10953
1.70289
2.24166
2.67637
2.64889
2.67146
2.62334
3.60941
2.78346
1.5507
2.60451
3.60994
1.53971
3.73215
3.15527
1.8201
1.92771
2.23586
2.81397
3.30877
2.93005
3.74413
2.23639
2.34104
3.09161
2.50159
1.5589
2.23706
3.6055
2.06737
4.02675
2.08165
1.70209
2.9458
2.77856
2.23834
2.79749
2.234
1.78173
2.62493
2.61879
2.80923
3.75385
1.82235
1.8328
3.73915
3.56934
2.62436
2.12077
3.30069
3.6086
3.44545
1.97271
2.50614
2.89412
1.67898
2.49539
2.735
1.82086
2.77682
1.70263
2.6523
2.80489
2.79919
3.61605
3.74641
1.79376
2.65815
2.80766
2.65782
2.12266
3.71316
2.76025
3.73413
2.51721
2.77049
2.79006
2.64587
1.65212
1.65138
2.64079
2.94337
2.78283
3.74864
1.99392
2.76463
2.21983
1.94634
2.65323
3.29703
1.51882
3.22997
2.62848
1.53863
3.59394
2.60992
3.47262
2.07347
2.64624
2.62629
2.94835
1.09856
2.21198
2.60328
2.95166
2.62346
2.76082
2.48192
2.64284
2.81637
2.81938
2.2572
1.92265
1.93415
2.24672
2.62429
3.74234
3.35597
2.52201
2.48166
3.14492
3.21758
2.61379
2.88032
2.63033
3.74881
3.60774
2.36807
3.73916
3.73604
2.51731
1.27281
2.62202
2.63103
3.01629
3.15669
1.66361
2.9571
2.95924
1.6736
2.62129
3.61079
1.84726
2.80691
2.3739
2.957
2.25298
1.80371
1.83753
2.66
3.616
2.63159
2.66635
2.66882
2.63579
1.79235
2.80013
2.21274
2.24055
2.08666
2.23314
