5.23995
5.29448
5.2468
5.16068
5.54858
5.93074
5.31348
5.31666
5.31047
5.20215
5.43947
5.20108
5.31173
5.27371
5.90115
5.29491
5.14771
5.31783
4.86466
5.6819
4.93309
5.68139
5.38539
5.0485
5.41179
5.3849
5.10487
5.07662
5.21979
5.26074
5.77339
7.70288
4.92786
5.24817
5.13598
5.84568
5.16529
5.56613
5.86994
5.24951
4.85729
5.30335
5.21918
5.60134
5.30503
5.02868
5.48068
5.4701
5.71449
5.01593
5.20155
5.32125
5.66479
5.48816
5.87906
5.42359
5.31304
5.40055
5.37453
5.9589
4.9354
5.3144
5.22797
4.73802
5.4336
5.52347
5.42601
5.81262
5.31639
5.16497
5.46296
4.89251
5.25942
5.48169
5.50109
5.24184
5.25317
5.24648
4.94422
5.3825
5.18259
5.09569
5.27085
5.24691
5.19187
5.29096
5.80201
5.33301
5.13877
5.98065
5.12406
5.57448
5.22324
5.75191
5.33586
5.26224
4.96247
4.75906
5.33887
5.19921
4.81009
5.16779
5.32549
5.18931
5.1515
4.7971
4.94632
5.36958
4.93698
5.38892
5.3963
5.38452
5.73963
5.72486
5.2929
5.16704
5.53806
5.14169
5.59577
5.27938
4.86081
5.55111
5.16758
5.63201
5.34764
5.34304
5.09387
5.36866
5.0494
4.97362
5.44382
5.10348
5.33171
5.3468
4.93034
4.97969
5.43377
5.36065
5.26676
5.58212
5.32128
5.16967
5.42496
4.83052
4.78691
5.08767
5.21892
5.01906
5.64857
5.62362
5.62823
5.03983
5.20393
5.04992
5.12317
5.34428
5.06589
5.36485
5.22984
5.62977
5.4498
5.11549
5.69202
5.16141
4.79499
5.2156
5.48818
5.4208
5.26078
5.1777
5.56219
5.44482
4.7603
5.19858
5.74004
5.48124
4.84706
4.98638
5.10193
5.38903
5.32598
5.30446
5.17972
5.12312
5.18594
4.69584
5.02568
5.26614
4.82058
5.09676
5.27021
5.22469
5.1912
5.05217
5.2837
5.48044
5.42541
4.88288
5.47897
5.69955
5.42259
4.90857
4.63433
4.72968
5.57808
5.13524
4.98591
5.80278
4.84923
5.13305
4.97234
5.05176
5.12037
5.29268
7.76938
4.89992
5.69923
5.15059
5.02715
5.26318
4.87419
5.31185
5.36695
5.18225
4.97157
5.49072
4.52775
5.33822
4.75822
5.23731
5.25156
5.26086
4.75322
5.04041
5.22295
5.14041
4.97318
5.49832
4.93276
5.06605
5.26566
4.82557
4.9953
5.15428
5.38808
5.16073
5.01089
5.33878
5.18901
5.41081
5.13155
5.36813
5.03646
5.09033
5.35854
4.89796
5.08779
5.46641
5.55437
5.34608
5.0058
5.20759
5.45346
4.68771
5.24617
5.24583
5.07746
4.98625
5.27082
5.02812
5.57011
4.8797
5.36582
4.93282
5.31707
5.18489
4.93287
5.3867
5.30152
4.60337
5.41834
4.75028
5.31863
5.31608
5.1209
5.07869
4.75404
5.0549
4.93507
5.20556
5.14531
4.9193
4.79786
5.15436
5.0328
5.41502
5.58897
5.30555
