11.0311
10.9793
9.52085
9.85013
10.5089
11.0072
10.9764
11.118
10.0473
11.2108
10.9848
10.9518
11.0727
9.87537
10.8491
10.8244
10.9901
10.7057
9.66195
9.93051
9.24237
11.0121
11.0348
11.0418
10.9966
11.1452
11.1639
10.9569
10.9267
9.57826
10.8972
11.1407
9.72969
10.9119
11.4409
10.9606
11.0132
9.78175
11.157
11.409
10.9711
11.1862
10.1059
11.4464
10.0355
9.76726
10.1346
11.1406
9.96113
11.1086
11.0321
10.7488
11.2945
9.98721
10.9631
11.0623
11.0756
11.0069
11.2979
11.0627
10.9667
11.0413
10.2611
9.56447
9.83273
10.9696
10.9634
11.0895
10.835
11.0207
10.9666
9.95244
11.2336
9.97601
10.95
11.0101
10.0022
10.9185
11.0878
10.585
10.8253
11.0558
11.1343
10.557
11.036
10.9129
11.1694
11.001
10.962
10.873
11.0194
9.79719
10.0112
10.7225
10.8309
11.0515
11.0064
11.3614
11.1253
11.4268
10.0522
9.87992
10.8964
10.1101
11
11.0838
10.9783
9.80881
11.0447
10.8691
10.9727
11.4811
10.9008
11.0958
11.1916
11.0452
11.0897
10.9351
11.0102
11.1373
11.1587
10.9962
11.4783
10.942
10.9382
11.0283
11.1385
10.0712
11.0348
11.0395
11.1075
9.9431
9.70832
11.0627
10.8066
10.9177
11.147
10.4106
11.2398
10.9515
11.0391
10.0511
11.0881
10.9194
10.5105
10.0402
10.8628
10.334
10.5316
10.9811
9.41562
10.0761
10.9183
10.9938
11.0904
10.9421
9.40678
10.6655
9.81643
11.1419
10.9006
11.2454
10.4165
10.9513
10.8578
10.0355
10.9131
9.55921
11.0852
10.8015
11.046
11.0132
10.9634
10.5116
10.9762
11.0313
10.2876
10.0256
10.9377
9.44146
11.0225
10.8891
9.94583
9.61404
10.8761
11.1108
9.32426
11.0722
10.0454
11.1796
10.9622
10.3561
10.7301
10.6035
9.49078
10.9946
10.889
11.0182
11.04
11.0801
11.0537
9.89739
8.76006
10.9439
10.8782
10.9512
11.1156
11.2965
9.2503
10.9436
9.41172
11.1023
11.0617
10.6276
10.9417
11.056
10.946
9.92613
11.0431
10.902
9.40517
10.9927
11.014
10.9898
10.997
10.9013
8.95942
10.7899
10.9073
10.8938
11.1654
9.80633
10.155
11.0305
10.986
11.04
10.1554
10.8414
10.7856
10.9951
9.95946
11.1646
10.4561
10.9231
10.7229
10.9879
10.9858
11.2342
11.0922
10.9971
10.9521
10.8941
10.6113
10.2426
10.8028
10.6555
10.8782
9.34024
11.4431
9.91068
10.0146
11.1232
10.1823
10.302
10.9795
9.9411
9.89755
10.9251
10.8793
10.7327
10.7798
9.48361
9.7921
10.7977
10.8223
11.0625
11.097
10.5951
9.76638
11.056
10.9182
10.9442
11.0376
11.0386
10.8407
11.1573
11.1052
10.8861
10.9194
10.9846
10.9561
10.1346
10.9836
10.4664
10.8555
11.0602
10.8943
10.9027
