1641
1606
1595
1628
1651
1663
1645
1672
1688
1603
1642
1666
1647
1561
1618
1543
1591
1560
1459
1611
1469
1577
1652
1515
1590
1613
1626
1597
1660
1544
1659
1667
1563
1629
1673
1588
1565
1610
1646
1573
1635
1601
1633
1673
1584
1561
1639
1539
1559
1686
1691
1599
1698
1583
1674
1677
1623
1590
1579
1659
1584
1726
1633
1571
1621
1675
1650
1624
1702
1626
1621
1583
1642
1612
1671
1657
1605
1710
1643
1680
1550
1688
1686
1758
1683
1677
1614
1640
1632
1662
1663
1633
1592
1674
1655
1622
1648
1657
1581
1750
1616
1630
1627
1675
1641
1596
1685
1652
1626
1595
1669
1729
1768
1725
1528
1531
1636
1639
1717
1637
1579
1730
1707
1681
1646
1593
1602
1645
1698
1651
1704
1542
1486
1735
1533
1551
1627
1665
1596
1636
1665
1616
1684
1697
1625
1595
1661
1595
1675
1683
1577
1553
1647
1577
1568
1680
1504
1630
1589
1565
1640
1707
1617
1662
1579
1573
1688
1652
1744
1567
1774
1681
1585
1606
1660
1638
1550
1572
1661
1578
1617
1685
1656
1584
1684
1687
1510
1696
1627
1716
1716
1694
1640
1630
1481
1614
1730
1699
1689
1712
1671
1665
1494
1642
1714
1664
1592
1671
1521
1689
1543
1659
1710
1690
1745
1764
1708
1670
1673
1664
1550
1678
1705
1674
1657
1681
1636
1654
1644
1778
1653
1595
1651
1638
1623
1637
1652
1720
1650
1581
1639
1563
1652
1674
1674
1652
1664
1716
1755
1715
1659
1770
1584
1677
1667
1699
1670
1683
1745
1633
1628
1717
1676
1608
1711
1686
1656
1680
1698
1704
1707
1592
1590
1693
1720
1642
1634
1637
1617
1678
1657
1636
1766
1736
1610
1751
1764
1729
1749
1668
1706
1635
1691
1599
1664
1764
1803
1719
