3.17992
2.78467
3.3048
3.44898
3.44682
3.45267
3.4481
3.18053
3.59038
3.44701
3.45019
3.18556
3.30712
3.04231
3.58548
2.51536
3.31572
3.31308
3.45255
3.3128
3.85753
3.04708
3.44806
3.30859
3.43826
3.04991
3.04213
3.32494
3.45018
3.588
3.58495
3.22137
3.2993
3.05719
3.4529
2.92368
2.91184
3.4375
3.45829
3.18675
3.44481
3.3021
3.42429
3.58394
2.88396
3.44808
3.0522
3.18187
3.32643
2.91279
3.3199
3.59118
3.32152
3.31221
3.30868
3.44845
3.42642
3.31572
3.04969
3.32935
3.45521
3.45127
3.17574
3.18634
3.42478
3.31548
3.18624
3.45774
3.4539
3.00702
3.31296
3.04656
3.04779
3.58517
3.32125
2.92519
3.05235
3.05136
3.04534
3.18504
3.18445
3.18238
3.03233
3.57092
3.31862
3.44968
3.32447
3.18359
3.58675
3.59265
3.43826
3.85498
3.1731
3.58498
3.45717
2.63628
3.44852
3.18555
2.77776
3.04942
3.17766
3.05008
3.31899
3.31359
3.05644
3.17817
3.28469
3.28554
2.78419
3.45508
3.44264
3.31204
3.58698
2.91583
3.3015
3.41859
2.92129
2.92395
3.3219
3.31151
3.31175
2.92011
3.31909
2.89798
2.91454
2.91908
2.88212
3.43936
3.04792
3.31848
3.31851
3.44631
3.44877
3.31602
3.18953
3.72039
3.05603
3.721
3.31926
3.45132
2.92157
3.72156
3.31552
3.32313
2.78333
3.45146
3.18917
3.00911
3.05338
3.44699
3.58076
3.58442
3.05355
3.18368
3.31662
3.45689
3.58867
3.56772
3.32416
3.01051
3.5886
3.0524
2.92657
3.45989
3.0377
2.52032
3.4494
3.43257
3.27419
2.78859
2.78493
3.05582
3.18714
3.04862
3.45437
2.91696
3.18847
3.05065
3.45239
3.04949
3.17035
3.19341
3.3093
2.65094
3.18612
3.30769
3.31002
3.18198
2.78833
3.04703
3.58649
3.31928
3.71915
3.7166
3.59342
3.1909
3.43224
3.45388
3.44088
3.32262
3.05303
3.58919
2.92075
3.3209
3.18954
3.1869
3.31084
3.3157
3.05506
3.05575
3.31339
2.91919
3.44474
2.6497
3.33518
3.58821
3.32015
3.59314
2.92035
3.59015
3.45666
2.88716
3.56742
3.72231
2.65264
3.05522
3.45975
3.44651
2.92475
3.45296
2.91204
3.45239
2.91904
3.17917
2.92165
3.04682
3.45073
3.45073
3.45875
2.91504
3.32056
3.31255
3.31383
3.05694
3.59135
3.05077
3.58941
3.05407
3.45286
3.16707
3.59205
3.05249
2.87585
3.04094
3.57068
2.78805
3.58575
3.32406
2.65036
3.85731
3.0485
2.78426
3.30652
2.64814
2.78765
3.59379
3.31928
3.32033
3.45042
3.45545
3.05167
3.03942
2.64834
3.05219
3.86006
3.05084
3.05149
2.77754
3.18494
3.45753
3.05394
2.91923
3.45547
2.91398
3.43999
3.044
2.9155
3.04719
2.92194
3.17672
3.05577
2.91413
3.05312
3.4533
3.05422
3.30577
3.3219
3.4544
