90
94.1488
90
95.5721
93.4043
94.2796
96.1941
90
93.9261
95.1174
93.1953
93.7313
93.1523
90
90
94.1554
94.7621
90
95.0273
92.9794
90
94.0624
95.0307
93.3057
93.5914
93.7333
94.9551
90
93.6828
94.7504
94.9193
90
95.4315
95.2917
93.8874
93.2119
93.3927
94.4027
94.4309
95.4491
95.1225
94.3772
93.356
96.9988
96.0217
94.5286
93.5593
94.3286
93.7474
94.9067
94.3776
93.9722
94.4569
90
94.4367
93.5486
93.5858
94.7321
95.0281
95.527
93.414
95.3479
95.1729
93.7194
94.4174
95.159
94.6948
94.891
96.5772
93.7333
94.1544
94.3078
94.3742
94.0855
93.9867
94.923
93.6112
94.8358
94.1301
95.9185
93.1205
94.8378
94.3799
93.8193
94.4376
93.4656
94.9396
94.5443
94.2114
94.3971
94.1948
94.4857
95.57
94.1738
94.1229
93.1258
94.8393
94.268
94.02
94.5067
94.8531
95.6533
95.8867
94.5271
95.4101
94.7091
95.1417
94.9185
93.8774
93.9703
94.2463
95.6081
94.1637
93.9088
95.0749
94.325
93.6784
93.4133
94.5511
93.1696
94.1199
93.625
94.4034
94.9704
93.209
94.852
94.7646
93.8343
93.4022
94.2691
92.8805
93.6136
93.7428
92.8497
95.1373
95.8717
94.7875
94.3046
93.7601
94.1926
94.1875
94.8365
93.1636
94.1085
95.0437
94.5563
92.9923
95.0003
94.0806
94.9457
94.8713
95.4336
94.1495
93.8225
95.1724
94.5956
93.8488
94.7298
94.782
94.0962
95.0368
94.4797
93.5324
94.2132
95.3147
94.6784
95.0109
93.1151
95.6681
95.2239
93.9926
95.8089
93.4725
94.2553
94.8598
94.8282
93.8623
90
93.7885
96.2077
95.6158
95.4315
95.2915
93.2591
94.5387
94.2498
94.2293
94.9628
94.2759
96.038
94.8294
93.3869
95.3263
94.2644
95.0423
94.2784
95.9124
94.9203
94.8307
94.2406
94.7763
93.5437
93.4956
95.2657
94.8747
94.8968
95.2139
95.2072
95.136
95.2972
94.9544
95.298
95.6125
95.3266
95.0782
96.0636
94.0873
93.6438
96.1272
95.3539
93.6253
96.5498
95.6618
94.5225
94.0672
94.9013
93.4267
94.6408
96.4761
93.5707
94.1314
95.4341
96.0865
95.0177
94.9861
94.6441
95.7055
95.4762
94.3369
94.1909
94.2482
94.9125
94.9693
95.6338
95.1952
95.0826
95.0105
94.2241
94.3024
94.9296
94.7403
94.9599
94.5906
95.4028
93.326
95.5824
94.2809
94.7187
95.9591
94.8062
94.9165
94.9072
96.3648
95.757
95.4757
93.977
95.2806
95.9869
95.3963
93.3791
97.0644
95.0266
95.4536
96.4819
96.6234
94.4187
95.7918
95.3726
96.0853
96.8585
97.144
97.2591
93.2523
94.0169
94.9
94.6059
96.2035
96.7754
94.2327
96.1923
94.797
95.0818
96.3563
96.3389
96.0628
95.6793
94.6712
94.3459
96.3871
