6.00209
6.00848
5.85318
5.71254
6.24106
6.11333
5.98984
6.11637
5.98675
5.85032
5.99386
5.99658
6.11608
5.9874
5.99014
5.9915
5.98871
6.10587
6.00466
5.984
6.18112
5.98238
5.87848
6.09896
5.57371
5.86244
6.09082
5.99902
5.59581
5.59758
5.98866
6.16502
5.71303
5.73576
5.71672
5.6088
5.90436
5.5757
5.69764
5.33104
5.49339
5.48317
5.71165
5.32716
5.7245
5.72142
6.19167
5.73666
6.11031
5.3028
5.86529
6.02871
5.8478
5.72875
5.86118
5.55891
6.00085
5.99075
5.81473
5.71762
6.02336
5.71481
5.83643
5.98544
5.58954
5.88428
5.81631
5.70929
5.69691
6.05095
5.99781
5.70784
6.12253
5.99678
5.82624
5.71426
5.70049
6.0215
5.99134
5.32722
5.99346
6.01066
5.70106
5.82658
5.71662
5.84486
6.11463
6.11653
5.99894
5.98768
5.99556
6.1118
5.86124
5.9861
5.85376
6.11793
5.98859
5.9857
6.00321
5.99331
6.0038
5.70994
5.59391
6.10398
5.98315
5.70543
5.84644
5.85655
6.11758
5.99703
5.71003
5.71186
5.99743
5.98995
6.01071
6.11939
6.00208
6.12086
6.11664
6.13219
6.00147
5.99992
6.11969
5.99441
6.11413
5.9861
6.00233
6.00512
6.10522
5.99513
5.98839
5.96603
5.99136
5.85687
5.60885
5.31418
5.72445
5.96472
5.74591
6.2039
6.00157
5.9718
5.98238
6.01032
5.87124
5.7318
6.01935
5.71147
6.01766
5.72407
5.84114
5.70444
5.99318
6.1108
5.81672
5.99004
6.10995
5.84341
5.58737
5.86617
5.71562
5.71498
6.01815
5.99588
5.59647
5.83535
5.69585
5.73112
5.71514
5.58917
5.85805
5.32723
5.99527
5.71231
5.98034
5.98879
5.84078
5.98832
5.73193
5.31166
5.46625
5.58491
5.83462
5.99404
5.86388
5.9842
5.99015
5.72869
5.97276
5.58444
5.59783
5.98148
5.60214
5.9929
5.58251
5.99202
5.3416
5.44415
5.99275
5.99304
6.01052
5.99311
6.00753
5.58863
5.69781
5.71733
5.61916
5.62202
5.58965
5.58797
5.69454
5.59731
5.6946
5.72335
5.92255
5.31162
5.99453
5.99281
5.29814
5.59263
5.99779
5.43785
5.70857
5.86929
5.69711
5.99542
5.99802
5.6974
5.1756
5.99189
5.98285
5.15373
5.31685
5.71203
5.99541
5.83914
5.73118
5.71072
5.99098
6.01184
5.98364
5.99749
5.70988
5.71648
5.72414
5.70272
5.70976
5.99022
5.98872
5.70689
5.59112
5.99871
5.85198
5.59367
5.95901
5.7003
5.9883
5.82969
5.60308
5.71213
5.7307
5.99487
5.57264
5.17525
5.4297
6.10985
6.00059
5.60651
5.32646
5.70121
5.31165
5.7175
5.57979
5.31828
5.09203
5.43078
5.98165
6.02359
5.72572
5.29434
5.30967
5.29562
5.8641
5.83965
5.9984
5.71401
5.71331
5.29738
5.98843
5.70303
5.99416
5.59996
5.3058
5.83876
5.69604
5.86669
5.98645
5.97746
5.60512
