9.62531
3.77663
9.95933
9.77224
9.90747
9.68565
9.82325
9.6873
9.96984
9.6458
9.9812
9.61058
9.94837
9.69933
9.67077
9.69397
10.1518
9.64268
9.61278
9.53637
9.89251
9.68313
9.7122
9.65773
9.94163
9.61317
9.80225
9.73246
9.80803
9.79447
9.55444
9.53513
3.08874
9.7203
9.83052
9.82673
9.65133
9.52227
9.5348
9.46083
9.78627
9.59734
2.94874
9.63764
9.50794
9.63526
9.53385
9.40819
9.51937
9.71435
9.49361
3.81696
9.59508
3.43003
3.56261
9.76995
9.81259
3.80482
3.59387
9.72639
4.035
9.49714
9.68719
9.75838
9.66167
9.61308
9.77459
3.07537
9.43329
9.45624
9.49845
9.56586
9.63246
3.81514
9.51945
9.50444
9.52317
9.42643
9.65981
9.73993
9.50783
9.40288
9.84293
9.58019
9.49911
9.44246
9.68205
9.63442
9.50512
9.56604
9.77956
9.45345
9.51393
9.55737
9.63029
9.58256
9.89559
9.34328
9.43195
9.6957
9.75518
9.70289
9.47352
9.62275
9.72535
9.54453
9.50256
9.56092
9.53553
9.40393
9.55023
9.72716
9.56054
9.89468
9.77027
9.6127
9.73883
9.99594
9.42706
9.62274
9.88423
9.85759
9.455
9.74982
9.89468
9.77391
9.49031
9.90705
9.39821
9.48887
9.4407
9.52157
9.45513
9.88841
9.52718
9.75385
9.71084
9.83657
9.63989
9.97922
9.37258
9.71143
9.80831
9.65988
9.63038
9.49911
9.89608
9.63442
9.83154
9.79578
9.71994
9.54887
9.56069
9.59029
9.83772
9.39283
9.43185
9.54196
9.52595
9.71451
9.48996
3.29006
9.63157
9.83772
9.50578
9.69789
9.93109
9.57565
9.49845
9.64415
9.5075
9.52595
9.80662
9.63771
9.8322
9.93799
9.62995
9.83052
9.80564
9.87642
9.74852
9.69657
9.44399
9.85631
9.59038
9.66511
9.55189
9.43723
9.59575
9.68665
9.53675
9.60438
9.78296
9.45425
9.51219
10.037
9.83559
9.69616
9.72133
9.7041
9.91526
9.47345
9.78509
9.45963
9.64129
9.94084
9.81804
9.52234
9.52426
9.73064
9.36065
9.78562
9.66161
9.7187
9.64432
9.70995
9.68045
9.47983
9.53504
9.47595
9.70198
9.87912
9.83353
9.27689
9.64776
9.46447
9.46735
9.40959
9.58732
9.63717
9.50628
9.52137
9.45222
9.35298
9.59127
9.49238
9.6559
9.7079
9.54847
9.79968
9.63359
9.46589
9.91623
9.4767
9.66608
9.3899
10.2128
9.56128
9.57972
9.67039
9.70256
9.65083
9.72127
9.77656
9.53965
9.38831
9.6797
9.86307
9.59671
9.54258
9.46764
9.69763
9.89817
9.71905
9.69553
9.80587
9.55661
9.44895
9.52963
9.66964
9.61049
9.75035
9.4217
9.53971
9.55616
10.0328
9.73412
9.56044
9.70118
9.93194
9.79548
9.81879
9.79834
9.76924
9.7411
9.67407
9.89248
9.5395
9.7413
9.96686
9.74603
9.89468
9.61555
9.64266
9.86527
9.66241
9.98449
9.86065
10.0988
