10.4991
10.4785
10.4855
10.7778
10.9152
10.4427
10.8008
10.8193
10.5498
10.7708
10.6319
10.9024
10.897
10.9969
10.7959
10.6594
10.771
10.9812
10.7533
10.468
10.8411
10.4048
10.78
10.5019
10.8815
10.7996
10.5652
10.8503
10.5656
10.9201
10.5849
10.8429
10.9385
11.0109
10.707
10.8629
10.6896
10.374
11.0336
10.9429
9.97652
10.9348
10.5867
10.6934
10.3736
10.8809
10.7622
10.9965
10.2286
10.277
10.8945
10.7963
10.8079
10.7407
10.8376
10.1753
10.5333
10.8156
10.5451
10.7586
10.6439
10.7117
10.704
10.9084
10.8848
10.5677
10.4876
10.699
10.5737
10.6433
10.6244
10.6276
10.8044
10.7047
10.5444
10.6213
10.7704
10.5147
10.6986
10.664
10.7735
10.5416
10.6338
10.933
10.3453
10.8661
10.5417
10.5569
10.546
10.7486
10.7086
10.6209
10.5922
10.8032
10.7258
10.8336
10.4981
10.6211
10.9169
10.5422
10.5443
10.474
10.6303
10.6298
10.3837
10.5579
10.7184
10.6176
10.4277
10.5767
10.8456
10.5253
10.6513
10.5262
10.5854
10.3883
10.912
10.7847
10.524
10.5277
10.6854
10.5247
10.6886
10.3742
10.599
10.5555
10.6828
10.8027
10.8706
10.4861
10.5693
10.5923
10.8284
10.6173
10.7046
10.9434
10.8571
10.5217
10.8053
10.7432
10.5704
10.6089
10.7457
10.6399
10.8189
10.5721
10.8771
10.4851
10.6886
10.5444
10.729
10.8709
10.6782
10.6423
10.7768
10.5398
10.6824
10.341
10.8463
10.7755
10.5007
10.8484
10.5557
10.4753
10.4241
10.4594
10.6142
10.8288
10.451
10.7107
10.536
10.8048
10.6813
10.6504
10.5548
10.6052
10.94
10.8444
10.7861
10.8661
10.5764
10.3985
10.5175
10.6104
10.518
10.5211
10.5918
10.5164
10.5428
10.5014
10.797
10.9403
10.4347
10.4192
10.5654
10.5374
10.62
10.7317
10.6034
10.5422
10.6245
10.434
10.7446
10.6
9.3872
10.6664
10.5025
10.6032
10.7814
10.5348
10.6312
10.5284
10.6471
10.4894
10.4967
10.4721
10.7568
10.3775
10.4583
10.4661
10.5529
10.3022
10.446
10.5465
10.5443
10.456
10.7705
10.6704
10.4599
10.4184
10.7067
10.5173
10.5482
10.4774
10.2862
10.3489
10.3508
10.3721
10.3146
10.4842
10.5705
10.4038
10.5684
10.5075
10.7597
10.3625
10.4925
10.4944
10.4823
10.6355
10.3668
10.3658
10.5255
10.2773
10.3854
10.6393
10.4476
10.4526
10.536
10.3051
10.534
10.4854
10.5573
10.533
10.4522
10.422
10.4877
10.4704
10.5174
10.4716
10.5648
10.3821
10.369
10.4732
10.555
10.4391
10.6881
10.6858
10.4009
10.3255
10.4677
10.3405
10.2434
10.4684
10.425
10.5687
10.2808
10.522
10.4794
10.3158
10.6424
10.3095
10.0854
10.527
10.5172
10.4155
10.4844
10.3306
10.7699
