3251
2946
3310
3527
6434
3673
3418
3742
3466
3762
3451
3333
3419
3174
3260
3525
3455
3553
3359
3498
3301
3221
3593
3653
3161
3759
3651
3505
3426
3534
3149
3593
2794
3575
3438
3429
3407
3206
3297
3365
3439
3325
2787
3503
3372
3356
3506
3162
2868
2968
3185
5515
3402
2639
2997
3328
3384
5800
2752
3241
2891
3322
3179
3365
3335
3583
3397
2882
3494
3615
3723
3572
3503
2876
3394
3508
3421
3343
3377
3643
3481
3686
3484
3302
3415
3367
3588
3359
3391
3678
3453
3561
3506
3599
3322
3747
3549
3550
3509
3523
3515
3529
3556
3631
3748
3690
3896
3687
3745
3698
3493
3628
3291
3568
3665
3773
3444
3586
3757
3420
3621
3569
3601
3564
3859
3712
6523
3591
3288
3675
3518
3412
3443
3654
3930
3941
3710
3561
3832
3785
3655
3822
3773
3412
3801
3140
3695
3746
3566
3480
3889
3710
3828
3592
3604
3463
3496
3568
3754
3640
3691
3097
3630
3638
3806
3771
3920
3713
3789
3617
3705
3685
3777
3757
3759
3595
3744
3735
3840
3845
3599
3330
3575
3622
3311
3536
3513
3646
3611
3837
3749
3780
3823
3386
3309
3565
3586
3548
3723
3630
3719
3363
3787
3477
3229
3632
3289
3606
3719
3456
3754
3604
3576
3676
3699
3474
3626
3616
3625
3731
3836
3478
3749
3763
3294
3705
3344
3733
3620
3361
3764
3606
3658
3817
3513
3757
3274
3785
3568
3699
3473
3814
3572
6493
3723
3572
3857
3515
6603
3834
3635
3662
3738
3700
3667
3764
3741
3754
3782
3773
3844
3823
3703
3695
3715
3700
3749
3757
3726
3634
3549
3650
3692
3777
3784
3562
4057
3935
3706
3427
3339
3868
3825
3616
3608
3712
3398
3815
3894
3674
3743
3629
3696
3380
3566
3729
3697
3753
3674
