6.92346
7.52864
6.38248
7.8155
7.53966
7.67624
8.33425
6.84552
7.43482
7.77944
7.18095
7.41858
7.31636
6.86757
6.932
7.54037
7.78332
6.94097
7.89656
7.07368
7.03531
7.46031
7.77637
7.31213
6.93965
7.27179
7.92281
6.56672
6.95595
7.41253
7.81071
6.82465
7.79315
7.77545
7.17186
6.828
7.1718
7.17316
7.40757
7.41877
7.28206
7.15719
6.95328
7.95269
7.91305
7.44505
7.53051
7.40138
7.45023
7.06733
7.53329
7.5281
7.53262
6.5665
7.54295
6.82093
7.321
7.78135
7.6703
7.79974
7.29333
7.72024
7.77451
7.40371
7.27127
7.79251
7.53888
7.54037
8.13523
7.43994
7.54122
7.30892
7.77546
7.52597
7.29599
7.54401
7.05996
7.80063
7.53641
7.53822
7.16812
7.79507
7.33001
7.28633
7.32234
7.16098
7.93678
7.79465
7.55204
7.64069
7.5664
7.77823
7.9272
7.56284
7.40007
7.30118
7.7662
7.57099
7.53764
7.65518
7.79434
7.78358
7.78597
7.78725
7.94993
7.44486
7.77535
7.68397
7.53108
7.46519
7.32057
7.7789
7.54823
7.42842
7.89081
7.69071
7.40513
7.40737
7.79203
7.29815
7.5408
7.33344
7.76584
7.79887
7.30261
7.77814
7.78314
7.45314
7.39771
7.56068
7.05203
7.30389
7.40809
6.91388
7.53363
7.56505
7.54308
7.54868
7.16616
7.77899
7.54943
7.76712
7.17024
7.53887
7.78095
7.41678
7.15652
7.54623
7.54271
7.54898
7.66993
7.77252
7.54257
7.53291
7.76779
7.68443
7.54729
7.55459
7.40209
7.40955
7.56659
7.41483
7.32134
7.53925
7.53587
7.54725
7.55717
6.90979
7.78969
7.54767
7.32881
7.52563
7.29156
7.2972
7.77517
7.78037
7.31797
6.92152
7.1604
7.67548
7.54618
7.56233
7.78285
7.20243
7.53374
7.54783
7.55668
7.55508
7.54928
7.80601
7.42227
7.27642
7.54781
7.54674
7.44693
7.56866
7.54119
7.29188
7.785
7.55641
7.78597
7.28544
7.3202
7.5425
7.29898
7.54499
7.53592
7.55466
7.52773
7.5415
7.53771
7.54993
7.78719
7.67932
7.78812
7.53648
7.53186
7.31452
7.54354
7.55433
7.335
7.80354
7.77979
7.53767
7.19664
7.78869
7.28787
7.42971
7.55027
7.29213
7.52958
7.15472
7.56637
7.55186
7.79023
7.52047
7.7995
7.69948
7.55548
7.54831
7.55402
7.78592
7.54772
7.78955
7.68072
7.54603
7.54959
7.54042
7.56592
7.54152
7.3104
7.79788
7.54222
7.53767
7.16608
7.7801
7.55243
7.5553
7.80262
7.44504
7.54296
7.79535
7.92791
7.29906
7.43362
7.55901
7.93926
7.80263
7.31347
6.93781
7.93015
7.54385
7.55968
7.69812
7.54327
7.04411
8.14987
8.03346
7.94336
7.7782
7.93363
7.92993
7.02824
7.3099
7.78586
7.41689
7.9483
7.79757
7.53958
7.94152
7.78037
7.43356
7.55274
8.17761
7.93014
7.93831
7.69978
7.54761
8.01629
