90
90
90
90
90
90
90
90
90
90
90
93.6019
90
87.2373
90
90
90
93.9876
90
90
93.6703
90
90
90
97.554
92.8655
90
93.4548
90
90
90
90
92.5558
90
94.1661
90
90
93.1235
90
90
90
90
90
90
92.8474
90
90
90
87.4669
90
90
90
94.3933
90
92.9757
90
90
90
90
90
90
90
90
90
90
94.6736
90
90
90
90
90
90
90
90
90
90
92.8487
90
90
92.5964
90
90
90
90
93.342
90
90
90
94.3681
90
93.6067
92.5077
92.9957
90
90
90
90
90
92.4533
90
90
92.8639
94.4166
90
90
90
90
90
90
90
90
90
90
90
90
90
90
90
90
90
93.1381
90
90
90
90
90
90
90
90
92.6277
90
90
90
90
90
90
90
90
90
90
90
90
90
90
90
90
90
90
90
90
90
92.4394
90
90
90
90
90
90
92.7717
90
90
90
90
90
90
90
90
90
90
90
90
90
90
90
90
90
90
90
90
90
90
90
90
90
90
90
90
90
90
90
90
90
90
90
90
90
90
90
90
90
90
90
90
90
90
90
90
90
90
90
90
90
90
90
90
90
90
90
90
86.6673
90
90
90
90
90
90
90
90
87.4706
90
90
90
90
90
90
90
90
90
90
90
90
90
90
90
90
90
90
90
90
90
90
90
90
90
90
90
90
90
90
90
90
90
90
90
90
90
90
92.48
90
90
90
90
90
90
90
90
90
90
90
90
90
90
90
90
90
90
90
90
90
90
90
90
90
90
93.1305
90
90
90
