3.4534
3.11658
3.00128
2.57627
4.08737
2.81779
3.89338
2.87801
3.13231
3.78692
3.13227
2.03544
3.85051
4.44882
2.77044
4.19055
3.24074
1.90464
3.977
3.11731
1.81207
4.11745
2.55359
2.79159
0.482761
2.34253
4.22668
1.91008
3.46199
4.08857
2.66372
3.63758
2.57308
3.31822
1.80626
3.67977
3.71514
2.23455
2.67183
4.29446
3.98581
3.66988
3.98243
2.66097
2.44981
2.7721
2.91931
3.88606
4.55984
2.92131
2.92576
2.92207
1.86081
4.33509
2.29367
4.15026
2.82918
3.93399
4.02588
2.81387
2.95266
4.2463
4.00012
4.11977
4.04808
1.65078
3.88735
3.83549
3.44818
2.72209
4.05523
3.88375
4.22406
2.70642
3.91137
4.02306
2.45601
4.10971
2.6091
2.44895
2.70376
3.88003
4.1293
4.34238
2.28452
4.33723
2.70863
4.04416
1.75901
4.01974
2.2352
2.49084
2.49348
2.70555
4.02027
2.81609
2.8123
2.70589
2.71023
2.70838
2.91655
2.33734
1.69994
2.70252
2.7183
3.67921
3.91758
3.93267
3.34403
2.71441
2.81229
3.72585
3.24074
2.55625
4.21602
3.90768
2.70948
3.22225
2.71874
4.01519
2.02257
2.70207
2.81169
3.26047
2.55178
2.7698
3.57005
2.88808
3.33756
2.45789
2.58586
3.90023
3.6749
3.36765
3.56962
3.78242
2.98487
3.45917
3.83789
3.31258
3.45743
3.78051
3.89101
2.87776
3.78533
3.25114
2.72375
3.66608
3.57621
3.89127
3.24804
2.71354
4.01794
4.12878
3.79754
3.70329
4.01383
3.59762
2.39294
3.05197
3.58884
3.16486
3.23922
3.56481
3.88834
4.45614
4.02728
3.67183
3.78284
3.91771
2.81727
3.45996
3.91178
2.8191
2.93021
3.26991
3.78326
2.71426
3.885
3.78139
3.62532
3.78411
3.56771
3.99558
3.02887
2.82579
3.88997
3.56512
3.56968
3.77798
3.77935
3.15036
3.99985
3.90324
3.77829
2.81042
3.77937
3.56055
3.99307
3.13962
3.88659
3.88494
3.5624
2.721
3.45794
2.76879
3.88629
2.71254
4.2281
2.59798
3.78959
3.77783
3.88937
2.92207
4.18026
2.71168
3.52426
3.88402
3.24614
4.88782
3.88757
3.8799
3.45431
3.45463
3.78123
3.7206
4.44758
3.13793
4.55689
2.92007
4.00709
3.67785
3.89436
3.03291
3.02632
4.22611
3.88985
2.77107
3.99825
2.92137
2.92783
3.40382
3.34364
2.9254
4.21807
3.56619
3.67679
2.81203
3.0279
3.13381
4.00012
2.9209
2.92444
3.88893
3.56521
3.13772
3.30304
3.66348
3.77603
3.56147
3.8853
3.35011
3.78985
3.5602
3.93958
3.44872
3.99971
2.70997
2.81435
2.91995
3.29756
3.13456
2.71254
3.56077
3.02842
3.8926
3.56141
2.87182
3.66865
3.24346
3.46356
4.2249
2.81961
3.53898
2.82076
3.55749
2.81283
3.56027
2.92333
2.92443
3.34258
3.41828
2.81346
3.02496
2.34341
2.66751
2.92226
3.55588
