2.00084
1.9889
4.60058
4.7312
1.80521
2.12125
2.05434
2.10809
2.32814
1.96835
1.98371
2.07028
2.00484
2.06375
2.32223
2.04359
2.00653
1.94839
3.06484
2.04121
2.37437
1.96956
2.03803
2.06375
1.95934
2.04373
2.15803
2.05434
1.9946
4.89648
1.85222
2.10809
2.03284
1.96835
1.90861
2.12783
2.12604
2.00045
2.11663
2.07569
2.12839
1.96835
1.90749
2.05434
2.05434
2.10821
1.96431
2.10809
2.11481
2.1877
2.06024
2.01254
2.13858
1.95501
2.14874
2.03285
2.16725
2.15949
1.72914
2.03744
2.083
2.03419
2.07431
2.08338
2.23683
1.96835
2.20308
1.98984
2.03419
2.12604
1.96431
2.17174
2.12421
2.05434
2.04185
2.02343
2.03305
2.16908
2.083
2.11354
1.69218
2.03749
2.02921
1.96431
2.15986
2.03803
1.97982
1.76933
2.09084
2.25257
1.95011
2.07642
2.00395
1.98385
2.00208
2.05039
2.02085
2.01404
4.47655
2.10012
1.99472
2.10934
2.00379
1.81641
2.09073
2.083
2.10916
2.11
2.2027
1.901
2.11663
2.09724
2.02326
2.04804
1.86965
2.49285
2.2027
1.99875
2.04359
2.26022
2.01725
2.08973
2.15698
1.87832
2.13008
2.083
2.04872
2.06039
2.06002
2.01041
2.2111
2.083
2.13858
2.00322
1.98422
2.12287
2.06522
2.13901
2.00235
2.08118
1.96257
2.16436
2.02126
2.08738
1.98852
2.12355
2.12918
2.07702
2.20197
2.06017
1.97785
2.0879
2.20329
1.88236
2.19664
1.69152
2.46038
1.94959
2.0405
2.00619
2.03803
2.01246
1.65309
1.67627
2.13303
2.04206
1.98482
2.0397
2.04073
1.99378
2.09478
2.03865
1.71916
1.96374
2.02512
1.96584
1.94468
3.02688
1.90426
2.03837
1.97108
2.05073
1.6999
1.79984
1.92081
2.15546
2.16182
2.04507
1.68765
1.88236
2.01351
2.01788
2.09842
1.67056
1.961
1.98371
2.00139
1.73796
2.05931
2.24414
1.95483
1.99378
2.19754
1.962
1.76515
2.03244
1.94684
2.0709
1.8648
2.04628
2.03526
2.12848
2.04601
2.06606
1.9841
2.08506
2.00365
1.81122
2.03132
1.97791
2.09638
2.16798
2.09715
2.09976
2.22105
1.96431
2.04856
2.10329
1.87182
2.13456
2.11709
2.04197
2.03437
1.9576
2.175
1.86855
3.14531
4.82633
4.66905
2.08909
1.98508
2.18456
1.9809
2.09734
1.92938
2.05128
1.83636
4.72343
2.04856
1.9576
3.23333
2.07569
2.09976
2.09559
1.9576
2.21382
2.13858
2.11094
2.90864
4.81974
4.89083
2.05953
2.28203
2.1127
2.12783
2.16184
2.03803
2.13371
2.05031
2.03803
2.03526
2.1173
2.1173
4.77473
2.03956
1.97297
2.12534
2.12125
2.22528
2.04601
2.04185
2.11327
1.96431
1.9551
1.84891
2.25332
2.10691
2.07128
4.71799
2.13117
2.18561
4.6743
1.96155
2.12783
2.20442
2.23315
2.05764
2.08506
