11.7286
11.8337
11.7065
11.9178
11.7098
11.6513
11.7164
11.6899
11.7215
11.6774
11.7905
11.6724
11.6696
11.6778
11.7289
11.7133
11.7184
11.6043
11.8909
11.741
11.7371
9.48179
11.7541
11.6817
11.4262
11.7166
11.7692
11.6561
11.6953
11.7724
11.7133
11.7356
11.7242
11.7419
11.7653
11.7669
10.1623
11.7571
11.7734
11.7113
11.713
11.66
11.7777
11.6939
11.7167
11.7329
11.7402
11.7553
11.8258
11.7991
11.7615
11.7481
11.424
11.8027
11.7306
9.72887
11.6969
10.2395
9.71021
11.7523
11.7379
9.40939
11.7569
9.45924
10.1948
11.3956
11.7531
10.191
11.7001
11.7268
9.47508
11.6407
11.8176
11.7694
9.66446
9.35478
11.6909
9.59775
11.6919
11.6835
11.7677
11.443
9.21105
11.5884
11.4306
11.7628
11.5702
9.54515
11.4412
10.0307
11.6973
11.6803
11.6957
11.6101
9.59646
11.703
11.7039
11.7318
11.7865
11.6659
11.6547
11.7796
11.7563
11.7262
11.7167
11.7945
9.55819
9.6745
11.7365
11.6917
11.6975
11.7437
11.6771
11.736
11.6587
9.32699
11.8094
11.7449
11.7043
9.30352
11.7871
11.64
11.7418
11.7747
11.5862
11.7417
11.7376
11.8048
11.7578
11.5319
11.6058
11.7756
11.8002
11.8152
11.7279
11.7127
11.5836
11.7502
11.7403
11.7875
11.7589
11.7492
11.7641
11.6595
11.8098
11.7209
11.8208
11.7358
11.7442
11.7632
11.7192
11.8722
11.7368
11.7317
11.7413
11.7239
11.7422
10.2319
11.6841
11.7523
11.6799
11.782
11.7604
11.7962
11.7127
11.7911
10.1543
11.7374
11.794
9.66724
11.7357
11.6961
11.8426
11.7047
11.7095
11.7717
11.7545
11.6475
11.6997
11.7539
11.7614
11.7905
11.8413
11.7986
11.8018
11.787
11.7497
11.6783
11.7863
11.7967
11.7045
11.7695
11.7096
11.7854
11.7408
11.6925
11.769
11.7103
11.6363
11.7338
11.7604
11.7577
11.7039
11.8273
11.7353
11.75
11.6973
11.6174
11.8319
11.7164
11.7138
11.762
11.7523
11.7391
11.6656
11.6843
11.7129
11.8354
11.7891
11.7442
11.6758
11.3966
11.6951
11.7038
11.6932
10.0565
11.7966
11.7581
11.7318
11.7362
11.7926
11.7773
11.7728
11.6908
11.7112
11.7373
11.8762
11.7116
11.7143
11.7326
11.7521
11.6973
11.7611
11.6407
11.7382
11.7583
11.7571
12.0395
11.8016
11.8008
11.8664
11.6845
11.7382
11.7007
11.6976
11.664
11.7577
11.7998
11.8195
11.6797
11.7833
11.6178
11.6986
11.6086
10.2403
11.6435
11.6127
11.6292
11.7447
11.7165
11.687
11.7474
11.7121
11.7518
11.7929
11.6322
11.7113
11.6721
11.828
11.7202
11.6462
11.7408
11.7571
11.652
11.6559
11.6643
11.7367
11.3804
11.7806
11.7275
11.6642
11.7304
11.749
11.7151
11.6395
11.7094
11.7331
11.6682
