2566
2544
2734
2765
2540
2648
2733
2710
2602
2714
2666
2542
2689
2773
2666
2800
2713
2580
2743
2672
2516
2339
2624
2666
2404
2646
2812
2595
2709
2973
2637
2763
2705
2755
2658
2676
2430
2696
2645
2705
2810
2689
2802
2664
2557
2735
2592
2753
2703
2568
2586
2616
2440
2559
2373
2280
2312
2241
2229
2515
2474
2204
2441
2264
2238
2252
2485
2323
2559
2510
2330
2671
2518
2572
2338
2355
2526
2345
2508
2579
2525
2527
2272
2538
2493
2442
2435
2263
2346
2333
2526
2570
2529
2554
2348
2572
2524
2502
2782
2562
2496
2547
2565
2444
2602
2673
2343
2448
2693
2659
2672
2550
2696
2556
2692
2393
2559
2619
2500
2372
2545
2623
2598
2641
2538
2676
2679
2611
2691
2623
2651
2675
2711
2600
2641
2565
2505
2676
2495
2577
2561
2587
2545
2527
2767
2639
2431
2660
2462
2534
2627
2555
2582
2557
2583
2547
2581
2412
2598
2418
2596
2535
2510
2627
2573
2725
2278
2546
2592
2348
2518
2750
2744
2586
2450
2593
2541
2636
2647
2661
2631
2610
2635
2851
2713
2657
2760
2578
2660
2731
2734
2764
2801
2755
2756
2730
2761
2674
2622
2738
2786
2831
2810
2728
2808
2598
2785
2715
2786
2721
2825
2773
2880
2798
2914
2825
2750
2659
2687
2872
2920
2684
2785
2765
2800
2626
2745
2725
2928
2645
2806
2780
2836
2993
2917
2856
2732
3116
3090
2795
2834
2830
2875
2821
2789
2840
2823
3088
2758
2852
2837
2861
2874
2845
2769
2833
2766
2723
2794
2886
3078
2762
2779
2864
2571
2820
2829
2748
2753
2825
2752
2706
2803
3049
2904
2850
2876
2708
2920
2728
2803
2709
2801
2743
2785
2845
2761
2590
3087
2796
2771
3005
2809
2804
2720
2847
2834
2883
