3.31708
3.5113
3.62221
3.4998
3.30569
3.51259
3.51885
3.50784
3.51621
3.5026
3.51899
3.50493
3.51928
3.32177
3.52536
3.51006
3.51916
3.52248
3.30646
3.51221
3.31786
3.52295
3.31065
3.51744
3.51325
3.51544
3.82463
3.31746
3.52057
3.62134
3.5131
3.52343
3.61973
3.50728
3.52022
3.51894
3.71981
3.51771
3.51482
3.52113
3.51922
3.50275
3.71605
3.60494
3.61534
3.51544
3.51868
3.51829
3.51351
3.51822
3.52307
3.30964
3.61617
3.51278
3.51327
3.31606
3.51736
3.21004
3.51912
3.52122
3.51114
3.51262
3.42344
3.51977
3.51327
3.514
3.51837
3.51962
3.71356
3.62356
3.52026
3.61717
3.31743
3.51916
3.30948
3.71894
3.61951
3.50977
3.52133
3.50857
3.31525
3.81448
3.51877
3.51495
3.61951
3.51637
3.20604
3.51615
3.50692
3.51969
3.70983
3.51392
3.71762
3.41531
3.619
3.51615
3.3171
3.52002
3.72021
3.50658
3.52431
3.51593
3.51601
3.51831
3.62237
3.51045
3.51229
3.31764
3.62288
3.31633
3.51582
3.6204
3.51971
3.31103
3.51963
3.51246
3.51194
3.51665
3.31969
3.61137
3.31501
3.51628
3.6174
3.31637
3.51802
3.31517
3.7252
3.52028
3.61627
3.5164
3.51565
3.31157
3.51084
3.51601
3.51171
3.31404
3.51774
3.51839
3.50552
3.50819
3.31145
3.51769
3.51807
3.31586
3.51406
3.31506
3.51072
3.61876
3.5161
3.51401
3.51418
3.72507
3.51785
3.31523
3.51128
3.61419
3.51593
3.61019
3.52425
3.51949
3.71801
3.61719
3.51771
3.51277
3.31756
3.50716
3.31034
3.30324
3.31611
3.31268
3.62072
3.62288
3.51298
3.61218
3.51762
3.51211
3.51782
3.61723
3.71605
3.51797
3.51348
3.31083
3.7122
3.61095
3.51797
3.71616
3.6151
3.51602
3.71868
3.71322
3.51725
3.51805
3.61696
3.51956
3.51593
3.61978
3.51637
3.51489
3.72139
3.72058
3.71583
3.62036
3.51769
3.51882
3.72471
3.62036
3.62109
3.62132
3.7187
3.51988
3.52132
3.31318
3.71983
3.72118
3.31688
3.31618
3.5176
3.513
3.41157
3.52005
3.81781
3.51242
3.71346
3.72465
3.72146
3.51976
3.72055
3.6237
3.52039
3.51754
3.72103
3.72353
3.61928
3.82692
3.51784
3.6128
3.51845
3.61124
3.52343
3.71481
3.61831
3.51772
3.7211
3.52009
3.61772
3.81191
3.51772
3.71406
3.72406
3.8306
3.71811
3.82337
3.51616
3.62326
3.52299
3.51239
3.61643
3.62132
3.72234
3.5161
3.52042
3.5241
3.82171
3.81981
3.52583
3.52616
3.5165
3.71731
3.61747
3.72065
3.51916
3.62099
3.52058
3.71767
3.7236
3.52495
3.52017
3.52148
3.72369
3.52292
3.62361
3.51443
3.52064
3.82406
3.62629
3.51824
3.5199
3.52071
3.62107
3.51846
3.51965
3.32074
3.72077
3.61222
3.61659
3.617
3.61592
3.61888
