93.2576
92.5737
92.7195
92.9098
92.8461
90
90
93.9403
90
93.7383
92.6338
93.1343
93.1234
94.1218
94.3672
93.9578
90
90
92.6917
93.4053
90
93.579
94.0617
92.8227
93.6732
94.9762
90
93.1609
93.8445
93.2724
95.3032
94.0891
93.9925
93.1072
90
93.8254
90
92.9788
90
94.1557
94.129
94.0529
90
92.6096
92.7537
90
90
93.1366
93.2286
90
90
90
90
90
93.8456
93.052
92.8569
90
93.388
90
93.4837
90
90
90
90
94.7879
94.1646
93.3258
93.5235
90
90
93.1477
93.1138
92.9291
93.1304
93.0715
90
93.5841
90
90
90
93.5225
92.5828
90
93.1567
92.7488
94.4119
93.6631
93.508
93.4949
93.0486
93.3087
90
94.1285
93.4373
93.1803
93.5047
91.4682
93.5083
90
94.0749
90
93.4495
93.5483
92.882
90
93.4755
93.449
93.8299
90
94.0419
90
94.157
92.7755
92.8766
92.8533
90
93.4804
90
90
93.1671
90
90
90
92.8377
93.0841
90
90
94.1921
93.1165
93.8011
90
90
93.3776
93.5148
92.993
93.0633
90
92.8596
90
85.8008
90
90
92.6362
94.838
90
93.4516
90
90
93.4967
92.6635
94.1001
93.0278
93.4404
90
93.5949
90
90
93.817
92.8903
90
90
93.3783
90
92.7661
90
93.7088
90
90
90
93.4402
93.703
90
93.4961
93.2834
90
90
90
93.3896
92.8196
90
94.0714
90
92.9844
94.4629
90
90
93.0843
90
93.1972
93.8115
90
90
92.7206
93.0119
93.1612
93.0984
93.3736
90
93.1146
90
90
93.0904
90
93.1204
90
90
90
90
92.8995
93.765
92.999
90
90
90
90
92.9555
90
93.4861
90
92.8262
92.8785
90
90
90
90
90
90
93.5189
92.7438
90
93.4336
90
90
90
90
93.3947
90
90
90
93.4964
90
94.9724
90
94.1626
93.3594
93.2503
93.4963
93.8598
90
90
90
93.2581
94.3142
94.1504
90
93.6746
94.667
94.2653
90
90
94.0323
90
94.393
93.1622
90
90
90
94.2389
93.4142
90
92.9017
90
92.8218
94.6233
93.6767
94.0551
90
93.4422
90
90
93.3861
93.1807
90
90
94.3098
93.7087
90
90
93.4858
94.0118
90
93.6213
90
90
92.9477
93.1551
90
90
