2.28416
2.13812
2.16072
2.39596
2.13583
2.39481
2.64582
2.0284
3.59803
1.91157
2.14074
1.89893
2.14287
1.90783
1.66452
1.89641
2.13385
2.66672
1.90015
2.03464
2.86478
1.90541
1.89462
2.1402
1.77854
1.78489
2.7845
2.1521
2.00959
1.88802
1.90959
1.89945
1.78445
2.1436
3.47684
1.88265
2.38872
2.15765
2.14047
1.75412
1.88696
1.78828
2.39399
2.14191
2.01392
2.52252
2.15191
1.89226
2.01694
2.92838
2.53344
1.90853
2.27318
2.39244
1.77072
1.89862
2.14279
2.39607
2.27114
3.86373
1.88563
2.51578
3.57657
2.88531
1.88325
1.79156
1.50083
2.02044
1.89797
2.77375
2.02172
2.13535
1.78213
2.01439
2.01448
1.63501
2.28402
1.89158
2.26583
2.40254
3.72456
1.78498
2.01362
3.44497
2.00733
2.40828
1.89933
1.89904
1.8798
2.01234
2.15012
2.39975
3.84873
1.77303
2.01362
2.33276
1.88987
0.697193
1.89697
2.52907
2.016
2.5231
2.02963
2.13493
2.14353
2.64414
2.13679
2.14249
2.13501
2.39123
1.90982
2.64803
1.89412
2.40885
2.01763
2.13941
2.78062
1.89043
2.27574
2.5184
2.03333
2.39334
3.73829
2.27627
2.26012
2.02459
3.28596
2.77514
1.64453
2.26882
1.90317
2.38871
2.52065
2.38946
1.89186
2.28227
2.1665
2.13665
2.02221
2.396
3.83814
2.39387
3.57893
2.12854
1.65491
2.14714
2.13368
2.94772
2.28124
2.13892
2.51956
1.77443
2.40383
1.90093
2.27744
1.90479
4.22933
2.39608
1.90122
2.13694
3.58805
3.8333
2.27479
3.73196
2.39198
3.46067
1.89785
3.45056
2.52145
2.26134
2.28087
1.90865
3.55828
2.00606
2.15952
3.4666
3.46844
2.26209
2.26896
2.1369
2.51565
2.006
2.39568
2.52591
1.76886
3.83573
3.46632
2.39971
3.97588
2.00879
2.1384
3.4612
3.00516
2.12751
2.15854
2.01382
2.15138
1.88491
3.44185
2.27344
3.33807
2.03352
2.26325
2.39786
2.14903
2.39936
2.64736
3.47606
2.26663
2.12933
2.13772
2.16392
2.39179
2.38984
3.56176
2.53845
2.2913
3.47772
2.16395
3.84426
2.38912
2.26234
2.65401
2.64882
3.81517
2.39561
2.77151
2.90878
1.77805
2.40181
3.46981
2.13279
3.45589
3.5804
2.39632
3.03896
1.90587
3.83734
3.70559
2.36792
1.89868
2.14526
1.78389
3.69741
2.01445
1.90048
2.01216
2.13689
1.76201
2.14219
2.6481
2.13868
2.01132
1.76557
1.89077
2.86104
1.91013
1.767
1.66655
3.5723
3.3144
2.033
3.21104
1.78642
2.00865
3.85098
3.57366
3.45241
1.77326
2.14386
3.45804
2.13485
2.14043
2.26647
1.91138
2.14471
2.01922
2.27691
1.90035
3.46434
3.4465
1.90575
2.01242
2.52467
2.77474
1.90276
1.78731
3.83692
2.52422
2.13887
1.91705
3.83572
2.15535
3.47001
3.44997
2.28214
2.14565
2.40343
2.27516
