2.88168
2.85355
2.72976
2.4973
2.94338
3.36196
2.31306
2.90334
2.71043
2.8206
2.95976
3.06034
2.66775
3.0038
2.88472
2.57423
2.43936
2.38551
2.86576
2.82131
2.78231
2.72183
2.52119
2.77005
3.01242
2.73557
2.54999
2.47221
2.48073
2.4532
2.75238
2.73531
2.40389
2.54824
2.35499
2.65468
2.86543
2.59236
2.4386
2.5162
2.57941
2.63667
3.01185
2.74158
2.6164
2.57719
2.54254
2.34666
2.85304
2.80825
2.43123
2.9579
3.52364
2.67603
2.98139
2.15254
2.2373
2.96606
2.58424
2.6987
2.88164
2.87881
2.32632
2.5115
2.77843
2.90632
2.72405
2.85273
2.74346
2.3122
2.80839
2.31566
2.66284
2.49525
3.04493
2.37461
2.36626
2.83168
2.5372
2.51615
3.00879
2.81228
2.35926
2.35553
2.57691
3.12726
2.71654
2.55067
3.12469
2.76158
2.53175
3.02267
3.0104
2.70777
2.72129
3.05575
2.55988
7.57658
2.7423
2.44919
2.8088
2.78665
2.74822
2.58967
2.28047
3.17661
2.71161
2.42077
2.87973
2.45622
2.74284
2.65752
3.00643
3.04987
2.47848
2.56261
3.34294
2.64595
3.30957
2.48922
2.93441
2.37488
2.50376
2.91675
2.80546
2.76539
3.06642
3.25474
2.62788
2.14155
2.82562
2.85774
2.85506
2.46702
2.16421
3.12423
2.50768
2.51213
2.58794
2.50729
2.8259
2.35053
2.61751
2.77156
2.98938
2.53478
2.77328
3.0035
2.38008
2.90207
2.59013
2.69195
2.83879
2.78364
3.12011
2.86351
3.07965
2.43935
2.70206
2.9427
2.73113
2.48529
2.75846
2.42078
2.89047
2.47301
2.29028
2.44198
2.31903
3.11204
2.96128
2.59337
3.03038
2.83573
2.73789
2.76333
3.10972
2.99737
2.86501
2.68567
2.41233
3.00056
2.28108
3.08034
3.20644
3.10313
2.48663
2.59631
2.74292
2.50329
2.9267
2.69938
2.94359
2.98052
2.49426
2.59051
2.51978
2.98337
2.72048
2.74386
2.53781
2.52939
3.05884
2.40663
2.54909
2.95284
2.75714
2.58482
2.61201
2.42231
2.67314
3.11784
3.00685
2.8939
2.50208
2.69104
2.91557
2.80051
2.89676
3.01563
2.55346
2.69272
2.73333
3.15688
2.92509
3.12164
3.26058
2.45349
2.81364
2.43982
3.03808
2.95124
3.30996
2.71739
2.24304
2.28289
2.27166
2.31596
2.81218
11.0486
3.21791
3.03061
3.2092
2.48666
3.0085
2.60057
3.07508
2.91856
2.50235
2.63989
3.05419
2.29474
3.03699
3.52992
2.75471
2.88714
2.46786
2.96834
3.3337
2.3457
2.23729
2.59972
2.81577
2.62737
2.67127
3.02067
2.41378
3.14984
2.61387
2.52647
2.5547
3.1517
2.52298
2.38575
3.1442
2.84464
2.68867
2.86497
2.71115
3.0455
3.5623
3.10546
3.11157
3.0468
2.8863
2.52715
2.48827
2.76322
2.64511
2.87701
2.84115
2.43734
2.88021
2.32903
2.56577
2.79135
2.85848
2.54832
3.26376
