10.4689
11.1655
10.5394
11.6274
11.2518
10.973
11.0993
10.5657
8.81968
10.2465
11.1135
10.4101
11.1872
10.2468
10.3446
10.5619
11.0936
10.3066
10.9039
10.2167
10.1024
10.1375
10.3602
11.1181
10.6236
10.3339
10.432
10.9582
10.8802
11.1807
10.3206
10.2956
10.4831
11.0843
10.2907
10.9828
11.0671
10.4468
11.0987
10.9911
11.0258
10.2989
11.4637
11.2047
10.7338
11.5431
10.7275
10.2706
11.0247
10.2369
10.1396
10.7932
11.1108
11.2023
11.0376
10.5461
11.0874
11.1791
11.1285
8.13289
11.1983
11.1617
8.59715
10.2419
11.1189
10.1871
11.1564
10.4579
10.8461
11.1589
11.0096
11.1139
10.2188
11.154
11.2946
11.0521
10.3401
10.7903
11.246
11.1017
8.33921
10.886
11.1082
8.36661
11.224
11.0681
10.2298
10.4576
11.0979
11.1218
11.2161
10.3492
8.60003
10.2003
11.2046
9.26874
10.9311
49.8073
10.9125
11.1699
11.0087
11.1731
10.9948
10.9131
10.8803
11.1261
11.0933
11.0452
10.947
11.0039
10.2263
11.132
10.1636
10.9025
11.1113
11.0955
11.2425
11.1007
10.3966
11.1946
10.8642
11.4989
8.41994
11.1286
11.0985
10.3779
10.2288
11.3477
10.9563
11.1046
10.1607
11.2427
11.1856
11.1087
10.9821
10.3607
10.0762
11.0804
10.2769
11.0485
8.04807
11.1598
8.33319
11.1079
10.1049
10.9188
11.1842
8.49775
10.3403
11.1758
11.6124
11.0422
11.221
10.4367
11.0534
10.7001
11.1176
11.1167
10.1109
11.1967
8.43405
8.47819
10.3925
8.83994
11.1451
8.53847
10.3773
10.144
11.3349
11.0927
11.0601
10.3474
11.0852
11.1156
10.3948
8.28051
8.27277
11.2543
11.1283
11.2372
11.1774
11.0384
11.0443
11.3289
10.9206
8.32545
8.55595
11.0465
8.18822
11.078
10.94
8.07763
10.5538
11.0353
10.2727
11.1286
11.1973
10.5349
8.46117
11.0862
8.77171
10.4385
11.2051
11.2244
11.0681
11.1288
11.026
8.28406
11.0435
10.9871
11.0101
10.348
11.0584
11.0351
8.16825
10.3223
10.3036
9.29646
10.8118
8.4561
11.0888
11.0841
10.3084
11.1745
8.27027
11.0118
11.2959
11.1894
10.2659
11.1717
8.64871
11.2129
8.52742
8.13964
11.2409
11.1109
10.3594
8.54186
8.5185
45.9798
11.0965
10.9971
10.4268
10.9647
10.2177
10.4343
11.0826
11.0277
11.0273
11.0954
11.0517
11.2155
10.9809
10.5501
10.1881
10.1837
10.2803
10.3894
10.5334
8.29196
8.66303
11
9.40556
10.2016
11.1436
8.49413
10.31
8.6946
10.6864
11.1682
8.30172
11.1058
10.9966
11.0582
10.3426
10.3648
11.0887
11.0763
10.3934
8.11189
8.68627
10.5771
11.1883
11.2469
11.3905
10.355
10.3161
8.28068
11.1678
11.0949
10.277
8.58884
10.3499
8.07729
8.22521
10.4441
11.0774
11.2
11.2397
