1744
1721
1735
1748
1749
1725
1743
1742
1595
1765
1716
1708
1750
1665
1758
1757
1703
1730
1752
1814
1692
1693
1741
1768
1799
1696
1782
1765
1750
1758
1725
1833
1795
1743
1707
1675
1759
1746
1790
1680
1767
1704
1735
1719
1595
1604
1733
1640
1695
1717
1679
2924
1644
1719
1791
1664
1727
1747
1755
1614
1774
1646
1601
1710
1773
1609
1640
1690
1767
1812
1707
1641
1627
1709
1746
1728
1636
1648
1777
1784
1693
1604
1817
1607
1676
1706
1687
1696
1774
1762
1688
1787
1683
1677
1804
1543
1787
2068
1734
1740
1785
1741
1767
1721
1734
1881
1793
1691
1693
1661
1813
1727
1713
1753
1751
1682
1750
1781
1779
1763
1742
1806
1654
1796
1782
1781
1743
1815
1735
1759
1792
1636
1788
1651
1790
1658
1675
1718
1743
1639
1456
1754
1618
1677
1746
1687
1704
1435
1739
1807
1780
1756
1739
1646
1720
1562
1799
1670
1601
1695
1545
1632
1677
1566
1792
1571
1643
1701
1784
1743
1740
1633
3108
1686
1703
1501
1667
1770
1700
1770
1782
1823
1722
1746
1777
1654
1522
1673
1575
1623
1657
1587
1653
1747
1643
1677
1648
1689
1555
1659
1532
1678
1710
1746
1696
1686
1685
1581
1635
1678
1760
1714
1737
1707
1595
1701
1772
1679
1733
1657
1655
1744
1832
1718
1566
1801
1724
1773
1621
1737
1639
1619
1711
1602
1737
1650
1615
1510
1537
1960
1669
1646
1757
1777
1721
1705
1623
1768
1751
1709
1785
1603
1730
1662
1627
1725
1670
1719
1629
1479
1452
1679
1603
1663
1699
1603
1585
1635
1614
1705
1573
1637
1532
1770
1717
1600
1593
1656
1598
1576
1563
1593
2864
1707
1632
1629
1629
1614
1704
1717
1729
1637
1754
1581
1585
1687
1583
1721
1760
