3.47587
3.14191
3.16195
3.57798
3.2546
3.35407
3.35715
3.48391
3.2351
3.25053
3.16319
3.039
3.36379
3.38467
3.24456
3.35787
3.04795
3.24121
2.92543
3.2505
3.37096
3.17354
3.36597
3.23655
3.14257
3.58443
3.16774
3.36239
3.47191
3.16657
3.82558
3.37152
3.24778
3.34699
3.23453
3.3514
3.04366
3.24487
3.044
3.35128
3.47884
3.24773
3.04824
3.16327
3.04646
3.25432
3.14509
3.01787
3.26073
3.01981
3.34961
2.8881
3.24926
3.02403
3.25459
3.02321
3.24939
3.03091
3.58875
3.36377
3.24907
3.4782
3.35411
3.3479
2.81583
3.49809
3.12551
3.23591
3.23366
3.13961
2.90285
3.35772
2.89393
3.15581
3.24989
2.82109
3.25121
3.24332
3.05401
3.35414
3.37707
3.12519
3.01578
3.22184
3.24535
3.47112
3.47788
3.23805
3.24045
3.37083
3.34482
3.59638
3.14606
3.24554
3.35959
3.36278
3.22881
3.25037
3.23501
3.23841
3.58455
3.0229
3.35513
3.48833
3.23901
3.58351
3.48424
3.47388
3.60067
2.83505
3.35504
2.81833
3.37152
3.46596
3.13428
3.24541
3.47159
3.24069
3.25603
3.22721
3.23563
2.59316
3.24176
3.01647
3.36039
3.14291
3.60614
3.47774
3.25065
3.47803
3.25333
2.76698
3.36941
3.70068
3.24096
3.36568
3.24496
2.75843
3.04889
3.2332
2.65634
3.00683
3.47681
3.15141
3.36547
3.00846
3.48283
3.24137
2.76518
3.50469
3.59998
3.35749
3.59091
3.15583
3.04212
3.24926
3.23774
2.82629
3.25037
3.26755
3.24558
3.24092
3.50173
3.3532
3.46892
3.22443
3.24319
3.02336
3.24546
3.24899
3.61064
3.24799
3.58652
3.36425
3.3522
3.03348
3.59461
2.80944
3.58717
3.2438
2.81692
3.57741
3.3647
3.70718
3.47358
3.24061
3.01807
3.59015
3.03564
3.24643
3.59606
3.35186
2.93261
3.17629
3.23957
3.24307
3.36359
3.12694
3.23958
3.47992
3.47444
3.01231
3.47319
3.24204
3.35578
3.24873
3.4676
2.92873
3.22631
3.24231
3.58677
3.24817
3.35699
3.2415
3.13176
3.48248
3.35523
3.35412
3.48123
3.04643
3.48397
3.377
3.23522
3.46135
3.37798
3.2394
3.35613
3.58032
3.04064
3.47263
3.36269
3.47833
3.3737
3.03091
3.23383
2.70953
3.13486
3.23739
3.37098
3.23977
3.25468
2.82037
3.59821
3.58861
3.50172
3.12547
3.27092
3.48444
3.24998
2.70563
3.36018
3.1273
3.26149
3.35737
3.36936
3.36545
3.23057
3.46328
3.23773
3.4735
2.88492
3.58384
3.48061
3.35384
3.23995
3.46596
3.95183
3.60077
3.35736
3.47644
3.24002
3.26069
3.11821
3.35658
3.58414
3.47675
3.59146
3.04807
3.15068
3.3726
3.26347
3.15737
3.25593
3.4686
3.48393
3.46353
3.1247
3.05097
3.46468
3.49054
3.35858
3.22618
3.46538
3.35152
2.82674
3.35771
3.36686
3.23164
3.00935
