98.4423
98.0424
97.8161
98.5934
106.15
100.268
101.128
101.062
101.685
102.503
103.34
97.9475
102.234
104.972
104.724
99.719
97.3069
105.638
97.9394
102.125
99.1264
102.184
101.135
101.557
98.3085
107.288
101.79
101.745
98.9817
97.9665
99.8402
102.369
98.7198
104.948
99.0806
105.037
97.5568
101.043
99.4771
97.1266
102.285
102.115
105.162
101.709
101.929
100.789
101.437
98.1799
100.265
98.5355
102.37
100.843
100.378
101.916
98.7508
102.122
101.247
100.699
102.804
96.6356
100.379
104.005
103.173
96.8548
97.8361
97.2545
98.6514
97.8223
99.3972
102.066
98.1164
97.4002
98.4763
103.982
98.9604
99.3587
101.573
100.005
101.786
105.713
99.6463
103.065
100.704
97.5482
101.916
97.9388
98.915
97.5787
98.9814
99.8438
96.6141
97.9816
98.6042
105.356
97.2759
98.7747
97.6172
103.065
101.831
96.5343
96.7513
101.838
102.819
101.636
102.126
96.6536
98.4077
100.98
98.2113
98.4261
104.879
99.3363
98.697
98.9894
99.6148
98.4494
98.5107
101.711
103.273
98.3319
102.017
100.488
97.4604
99.921
98.225
97.7506
101.712
99.4387
102.15
101.664
99.8181
101.653
97.6643
98.3205
97.6893
97.1512
98.7662
101.739
98.9148
100.996
104.862
101.382
106.059
105.631
98.7493
99.8561
99.1862
102.886
103.059
99.6679
96.6119
99.784
105.336
97.8419
97.2492
101.904
99.1794
98.7687
101.001
104.252
101.425
100.705
96.5117
105.014
99.1358
103.572
98.3424
98.1042
98.4912
98.3262
98.878
98.1063
97.2047
101.255
107.446
100.279
102.647
96.6114
99.6891
100.727
98.8118
102.183
104.646
97.0937
98.6386
102.745
100.69
96.0801
103.255
101.001
101.42
101.507
99.1221
97.4576
99.8435
102.162
98.7705
99.8678
98.5511
97.5114
98.0852
106.099
105.759
98.3546
102.813
101.715
96.6302
101.981
104.625
101.224
97.9017
98.5321
105.885
102.314
106.122
98.9489
100.925
101.326
100.959
104.492
102.002
98.4382
105.223
97.4486
101.003
98.0168
104.468
105.619
96.8597
102.982
98.2474
100.188
99.0343
96.6887
98.8268
99.7693
98.719
98.6241
97.4643
101.204
102.091
100.703
101.326
101.424
102.509
109.27
96.4502
100.614
97.6154
97.6029
102.499
98.651
97.9329
101.001
97.0815
98.1944
101.313
98.3531
98.2735
101.749
102.65
101.539
101.716
101.674
101.439
101.664
104.858
101.262
105.507
101.318
98.9578
101.064
101.258
101.561
100.09
98.4785
98.1067
101.258
104.279
98.7348
100.435
101
102.586
105.127
108.23
104.71
99.9103
98.8961
99.5387
98.8782
99.0563
99.1583
99.3555
100.967
99.0119
98.8542
105.709
