6.28936
6.28925
6.31865
5.99172
4.52986
5.45354
5.23741
6.51729
4.82931
5.98989
4.48969
6.29173
5.77294
3.95137
3.95445
6.09903
6.52683
3.65102
6.21069
4.92499
5.78479
4.86621
5.03256
4.91616
6.0934
3.32324
4.82162
4.81455
5.76243
6.30597
5.56375
4.70673
5.97652
3.84111
5.98048
3.84027
6.3021
5.2533
5.66733
6.52743
4.91009
4.81474
3.94924
4.81654
4.82418
5.13835
5.0131
6.10241
5.2691
5.98845
6.08873
5.39228
5.37081
4.82626
6.10134
4.74304
4.92537
5.34229
4.59793
6.54331
5.54369
5.45574
4.61748
6.53658
6.20835
6.52306
6.09018
6.2195
5.89429
4.70665
6.09433
6.32428
6.08971
5.25844
5.99477
5.87643
6.52961
5.45667
4.82275
3.64487
5.67392
6.1071
5.44662
6.31653
4.81702
6.28131
5.98213
6.31493
5.99815
5.4549
6.53578
6.3107
5.90075
3.74805
6.31887
6.07948
6.31277
5.54647
4.86907
6.53658
6.53147
4.81019
4.59961
4.81853
4.81837
6.53214
6.00168
5.03505
6.097
6.30194
3.32104
5.98522
6.09314
5.90554
5.56471
6.19969
5.99622
4.82242
5.97969
6.31077
4.82149
5.34842
6.32108
6.30216
6.10299
6.31988
4.91864
5.98508
4.82973
4.80985
5.65138
4.84424
6.31742
6.09755
6.3126
6.52268
6.10397
4.81872
5.99097
5.04232
5.44759
6.32435
3.53936
3.62347
5.99819
5.87409
5.78182
5.98829
4.48681
5.78622
6.52328
5.88088
4.82464
6.32346
6.53376
4.92057
6.0928
5.8905
6.53939
4.26245
4.92804
5.35359
6.5385
3.94501
5.78037
5.7772
6.00213
6.31366
6.09839
6.20457
6.09755
6.10134
6.32005
5.34565
3.3057
5.45197
4.48922
5.89006
5.46517
5.45198
5.89056
4.82037
3.94555
6.53216
6.00317
4.50712
5.15397
6.30624
6.10478
5.04091
4.92589
4.93121
5.88723
6.30892
5.77885
4.8424
6.10388
5.45331
5.99199
6.32744
6.10227
3.64298
4.81653
6.09633
4.59789
4.82745
6.52957
4.82225
3.95449
5.03637
6.30549
5.98724
5.99579
4.82529
6.31662
5.78828
5.03761
4.92255
5.03438
3.96059
4.85821
5.90089
3.78057
6.3103
5.0366
6.09755
3.96057
3.73916
6.5356
4.48903
6.3125
5.25975
5.89144
6.52957
5.97928
5.55708
5.89739
5.89419
6.31307
5.05266
4.82805
5.25771
5.03142
4.92063
4.60904
3.63357
6.53794
5.44726
6.32063
6.30158
6.09945
5.89363
6.20223
5.04416
6.33611
6.00535
5.04022
6.09314
6.00462
4.92769
4.61743
4.92707
4.92172
4.82699
5.03221
4.82874
5.04003
5.04814
3.73917
4.92418
5.78284
5.24393
4.93842
4.83052
5.45163
6.09399
6.09555
4.93049
4.05402
5.88561
5.33889
5.14754
4.61825
3.74088
4.92778
3.94583
5.45184
5.87758
5.78446
5.87808
5.98493
5.77978
5.78463
5.14661
5.79344
5.78672
3.73607
