9.21712
9.20667
9.22585
9.26922
9.15228
9.16862
9.23167
9.3206
9.14428
9.22029
9.23831
9.22769
9.23563
9.29033
9.27521
9.30302
9.26133
9.21006
9.20797
9.2602
9.21863
9.25524
9.34421
9.2785
9.31112
9.07115
9.24688
9.1258
9.16727
9.20287
9.30079
9.25085
9.14954
9.18576
9.13463
9.23694
9.1298
9.20797
9.14261
9.35715
9.23631
9.25049
9.21712
9.10923
9.14809
9.18579
9.32975
9.26063
9.17705
9.14693
9.15588
9.24609
9.22133
9.17839
9.26063
9.13672
9.30302
9.14443
9.22366
9.2428
9.18653
9.31343
9.17839
9.28502
9.23694
9.12136
9.28861
9.23703
9.21634
9.08441
9.24609
9.1584
9.28945
9.24882
9.16896
9.19698
9.20493
9.27491
9.25686
9.27255
9.1666
9.15226
9.18501
9.14809
9.04064
9.19189
9.28055
9.10074
9.01965
9.22389
9.05914
9.26063
9.22014
9.18808
9.16242
9.1431
9.25482
9.14809
9.17705
9.17705
9.15918
9.26063
9.34421
9.27516
9.1595
9.24546
9.2375
9.1398
9.38563
9.16563
9.24796
9.19934
9.09347
9.32975
9.26964
9.14395
9.27587
9.21106
9.07651
9.09526
9.08528
9.14829
9.27294
9.15841
9.20701
9.17252
9.09216
9.24432
9.08047
9.15197
9.23694
9.34421
9.12431
9.14809
9.16242
9.24828
9.10623
9.15652
9.15221
9.14809
9.32743
9.08302
9.15841
9.23187
9.05983
9.23815
9.08595
9.04966
9.11535
9.18751
9.22276
9.3923
9.26063
9.1482
9.26173
9.10923
9.17405
9.19379
9.14954
9.08528
9.07647
9.31082
9.05797
9.23563
9.22142
9.10586
9.2306
9.21944
9.08154
9.16335
9.13764
9.26254
9.30079
9.22187
9.21712
9.16857
9.06659
9.13764
9.23108
9.20797
9.06084
9.26923
9.07115
9.26063
9.35399
9.23167
9.10337
9.18438
9.26124
9.22261
9.11163
9.13052
9.13706
9.11229
9.03941
9.09801
9.20503
9.16242
9.23631
9.14313
9.14208
9.05254
9.22366
9.17705
9.15228
9.20797
9.15175
9.13346
9.28209
9.15715
9.06817
9.26063
9.24461
9.20797
9.1258
9.12582
9.24009
9.0645
9.1064
9.15175
9.16643
9.23167
9.12136
9.23595
9.11418
9.2268
9.14535
9.12915
9.1666
9.03419
9.22911
9.22337
9.25001
9.04222
9.13638
9.1258
9.06307
9.09812
9.05426
8.97206
9.23694
9.14626
9.09347
9.05241
9.0645
9.24009
9.17705
9.05496
9.13346
9.0645
9.05241
9.11777
9.12189
9.11487
9.23694
9.21712
9.14032
9.16727
8.97978
8.98316
9.12262
9.21333
9.08869
9.18568
9.07521
9.14378
9.04866
9.18568
9.09565
9.12905
9.09347
9.13201
9.03769
9.03708
8.98102
9.11357
9.03665
8.98643
9.02855
8.97067
8.97473
9.01835
9.17804
8.98932
8.9761
9.11476
9.1666
9.13854
9.13287
9.05241
8.94043
9.07483
9.11535
9.06818
9.21157
9.08554
9.07115
