6.88923
6.84931
6.93062
7.3549
8.17966
7.64793
7.86803
6.99907
8.21196
7.40069
8.07879
6.89273
7.60204
8.17915
8.10606
6.8358
7.03056
8.14057
7.19698
7.94392
7.59869
7.98819
8.08178
8.08277
7.28487
8.20534
8.14616
8.16851
7.45196
6.88332
7.6535
8.03711
7.31824
8.16848
7.30861
8.16483
7.18679
8.14616
7.65638
7.18963
7.87159
8.19352
8.08656
8.20706
8.02099
8.08665
7.93049
7.36145
8.10753
7.40448
7.31445
7.68852
8.07035
8.04805
7.25061
8.06217
8.27568
7.64426
8.17343
7.18838
7.31914
7.65421
8.14057
7.00729
7.29587
7.14565
7.33552
7.2793
7.41776
8.0938
7.4539
7.28476
7.13857
8.05792
7.38508
7.09815
6.95911
7.8237
8.1487
8.15124
7.81581
6.79877
7.61584
7.17971
8.09844
6.93105
7.17434
7.12068
7.40438
7.9527
7.24552
7.22152
7.6484
8.14714
7.41648
6.94764
7.10052
6.97182
8.03472
7.31502
7.14524
8.11906
8.20327
8.25624
8.17051
7.20268
7.53198
8.20865
7.36367
6.85328
8.23631
7.45159
7.33769
7.64646
7.8514
7.20763
7.46608
8.17966
7.21754
6.8809
7.98934
7.75032
7.2608
7.10832
7.33501
7.38484
7.9626
7.07583
8.1111
8.27872
7.40634
8.19896
7.10581
7.25841
7.08633
7.22166
7.20021
8.19592
7.14092
8.19592
7.49272
7.3075
8.13369
8.21506
7.60209
7.37411
7.58626
7.24711
8.04083
7.45327
7.29265
7.10875
8.19033
7.32032
6.99717
7.86404
6.93754
7.5589
7.13271
8.00473
8.17915
7.87705
7.41996
8.18137
7.61897
7.73506
7.57424
7.10559
7.48282
7.25277
7.50473
7.48136
7.54378
7.74
8.17051
7.6813
8.30746
7.76755
8.05378
7.89236
7.52055
8.11849
8.19033
7.18963
7.33539
8.2104
8.11314
7.03321
6.96168
8.19337
8.17934
8.12025
7.62968
7.33131
7.67827
8.10018
7.53004
7.9664
7.42196
7.24533
7.43734
8.11562
8.10652
7.25578
8.24189
8.1724
7.29904
8.28098
8.19592
8.05545
6.91435
7.10781
7.49606
8.07774
6.97822
7.75684
8.25673
8.23579
8.2056
8.24139
8.16728
7.82719
8.17689
7.35166
8.2096
7.5602
8.26916
8.04341
7.06741
8.11457
6.96866
8.24088
7.70405
7.26056
7.5793
7.74711
7.63141
7.68241
7.31572
8.26916
8.19033
8.14255
8.24986
8.17702
8.16508
8.23836
7.50654
7.68345
7.16055
7.19925
7.41803
7.64515
7.26802
8.20518
7.60606
7.69539
8.25357
7.29819
7.66418
8.23501
8.05195
8.08585
8.26442
8.22513
7.92172
8.27618
8.22383
8.24443
8.306
8.24647
7.75027
7.91022
8.23805
8.3114
7.84131
7.16605
7.43146
8.31119
8.19621
7.6541
7.87111
8.23836
8.08612
8.3057
8.25738
8.18961
7.96258
7.50573
7.6157
7.54749
7.39029
7.62015
7.76054
8.23805
7.70802
7.8712
8.17102
