4544
4491
4454
4594
4699
4496
4463
4620
4552
4687
4568
4418
4687
4535
4528
4456
4507
4540
4504
4544
4572
4601
4488
4520
4581
4432
4640
4498
4448
4532
4507
4478
4511
4529
4450
4560
4387
4595
4540
4487
4503
4465
4489
4499
4580
4584
4587
4600
4525
4489
4507
4481
4412
4490
4478
4607
4577
4518
4536
4409
4431
4670
4528
4572
4531
4530
4541
4442
4513
4502
4605
4573
4531
4681
4484
4478
4635
4564
4639
4469
4553
4526
4456
4559
4574
4402
4525
4590
4418
4442
4530
4347
4586
4530
4556
4476
4469
4418
4612
4575
4512
4450
4591
4574
4525
4455
4356
4448
4470
4531
4352
4489
4403
4434
4483
4522
4436
4391
4636
4496
4534
4517
4620
4521
4559
4537
4534
4477
4565
4505
4538
4455
4517
4489
4548
4459
4455
4552
4555
4595
4709
4732
4595
4595
4584
4564
4589
4776
4571
4557
4620
4604
4829
4448
4563
4625
4584
4695
4720
4561
4619
4698
4553
4667
4602
4743
4612
4579
4671
4625
4625
4590
4596
4732
4685
4676
4689
4564
4611
4769
4677
4568
4724
4656
4735
4647
4660
4609
4755
4721
4766
4737
4679
4695
4669
4664
4658
4688
4667
4684
4717
4617
4829
4709
4676
4577
4646
4750
4685
4676
4720
4774
4940
4671
4773
4788
4741
4703
4747
4797
4696
4727
4693
4579
4849
4652
4844
4754
4773
4801
4645
4764
4690
4711
4707
4699
4786
4738
4802
4729
4753
4677
4755
4779
4770
4865
4804
4652
4773
4783
4692
4721
4711
4725
4771
4848
4665
4766
4725
4733
4693
4797
4875
4820
4726
4755
4930
4769
4705
4826
4749
4652
4722
4722
4812
4653
4730
4712
4730
4686
4733
4738
4752
4755
5008
4681
4686
4678
4689
4733
4692
4758
4711
4701
4660
4670
4710
