8.33439
8.2248
8.22138
8.21462
9.26731
8.22433
8.33267
9.25388
8.22613
9.2721
8.32095
8.21627
9.06961
8.32596
8.21477
8.44061
8.32982
8.20859
8.2181
8.33827
8.2262
8.31586
8.2141
8.22188
8.2211
8.43096
8.22224
8.21103
8.1181
8.23253
8.2188
8.2317
8.22138
8.20279
8.31672
8.22695
8.20891
8.43277
8.22353
8.32524
8.33833
8.33224
8.33182
8.21839
8.21315
8.22049
8.2218
8.21873
8.20557
8.21105
9.29718
8.33744
8.3268
8.22301
8.33348
8.20626
8.21677
8.23075
8.31313
8.21581
8.22478
9.27407
8.42803
8.22132
8.21654
8.34227
8.32242
8.21957
8.34954
8.16684
8.22037
8.21657
8.2174
9.27109
8.32366
8.21611
9.37976
8.21706
8.22344
8.23121
8.3308
9.26254
8.32577
8.21926
8.23488
8.21442
8.23293
8.20974
8.33871
8.21477
8.21608
8.33582
8.21531
8.22271
8.21269
8.2243
8.21192
8.7824
8.23511
8.21233
8.22317
8.21372
8.33267
8.21873
8.32922
8.21256
8.2282
8.22035
8.22221
8.33233
7.69757
8.43542
8.338
8.3248
8.2248
8.34105
8.23069
8.21364
9.38477
8.32623
8.2227
8.21804
8.22268
8.78872
8.2235
8.33008
8.22005
8.33769
8.32227
8.22779
8.2148
8.22611
8.22988
8.22062
8.22613
8.33479
8.32457
8.2248
8.23123
8.22744
9.42433
9.26653
8.22214
8.22037
8.33816
8.43642
8.23547
9.3043
8.21686
8.32563
8.21392
8.33259
9.31705
8.33988
8.31386
8.23628
8.33495
8.22239
9.31257
8.32888
8.23379
8.33181
8.23235
8.33357
8.23087
9.51189
8.2235
8.33728
8.33267
8.32749
8.44205
8.23254
8.22731
8.42627
8.4411
8.23811
8.21743
7.69067
8.21531
8.44232
8.22221
8.32596
8.22648
8.32158
8.23204
8.22135
8.21709
7.80457
9.38455
8.22642
8.23034
8.23757
8.33742
8.22825
8.44338
8.33375
8.42736
8.2248
8.22397
8.23811
8.21534
8.32765
9.39183
8.22746
8.34675
8.21664
8.22642
8.33699
8.23184
8.23331
8.2248
8.11992
10.2623
8.35181
10.3509
8.23123
8.22494
8.22164
8.21233
8.221
8.33071
8.22319
8.23075
8.23261
8.22902
8.22712
8.22779
8.23658
8.23601
8.23045
8.33267
8.22178
8.3413
8.23251
8.33322
8.22485
8.2381
8.2245
8.23007
8.32855
8.33699
8.33556
8.33626
8.22516
8.23208
9.39386
8.23526
8.32707
8.2354
8.2235
9.38829
8.21999
8.22779
8.2344
8.22588
8.22166
8.34248
8.23633
8.23356
8.35304
8.23184
8.22858
8.34935
8.22578
8.23811
8.24561
9.40354
8.3317
8.34822
8.22522
8.2262
8.33757
8.21804
8.23104
8.24237
8.23045
8.21262
8.23925
8.22599
8.23761
8.23811
8.35027
8.22912
8.2313
10.367
8.2459
8.23417
8.22727
8.34389
8.23602
8.34083
8.23678
8.34173
8.3393
8.23839
8.23902
8.33227
